|S|=12
|R|=38
|O|=15
|V|=30
q=150
c=1
Tmax=960
H=1000

e'[i][j]=
0 438 344 291 506 438 189 149 169 106 109 252 528 
423 0 470 403 197 305 104 232 278 158 102 403 302 
473 414 0 167 461 108 343 266 336 432 101 306 147 
306 154 106 0 316 269 454 113 428 478 293 224 170 
82 164 463 522 0 376 498 534 144 251 291 294 210 
454 349 485 237 554 0 388 318 385 452 201 98 88 
119 129 460 253 95 515 0 544 117 123 51 392 268 
170 391 417 453 205 192 388 0 476 314 147 173 114 
489 197 161 525 207 542 528 163 0 122 327 510 423 
295 165 222 363 178 447 431 69 226 0 183 213 348 
174 302 369 108 248 405 319 313 156 126 0 48 360 
185 142 348 518 480 394 85 123 293 329 432 0 100 
223 92 59 451 82 510 227 556 108 319 536 150 0 

e''[i][j]=
0 286 136 56 436 237 492 547 291 241 131 183 518 546 400 559 53 425 537 527 557 456 490 361 159 80 324 293 408 332 177 140 265 325 335 272 365 136 90 
295 0 287 396 475 244 191 345 412 289 296 147 250 268 161 547 528 464 414 275 260 221 69 399 411 69 124 96 350 351 542 536 133 245 192 196 297 428 109 
120 501 0 285 362 67 210 221 515 231 352 371 417 161 282 554 517 156 332 73 530 276 299 418 415 252 153 56 298 147 389 429 233 182 555 259 453 108 121 
380 154 437 0 479 122 216 406 55 148 337 331 274 66 67 478 291 211 203 196 167 412 271 501 388 253 169 103 310 452 55 94 130 176 99 395 383 164 290 
169 271 297 50 0 543 458 239 439 388 235 315 113 535 503 197 245 447 253 456 284 382 81 245 491 147 120 520 502 416 260 446 478 312 69 155 290 437 199 
382 286 462 245 200 0 335 344 549 145 478 135 182 250 112 75 385 401 51 410 463 418 316 99 556 389 433 449 387 545 63 290 226 474 257 427 508 155 553 
218 506 182 469 269 179 0 440 534 480 154 160 119 334 316 353 111 472 236 128 476 414 163 273 548 549 481 307 176 202 61 315 420 316 257 159 178 546 227 
306 367 364 127 137 149 172 0 441 555 129 261 76 315 99 134 147 116 327 91 427 181 461 277 491 96 505 345 376 261 239 384 92 311 483 64 549 48 519 
317 374 423 50 450 111 96 284 0 516 89 431 532 113 220 468 272 443 539 519 64 388 261 226 516 174 360 343 547 124 329 419 559 427 141 64 521 521 249 
446 308 436 161 143 438 368 280 558 0 291 540 129 528 530 66 515 80 294 211 181 430 336 183 288 242 114 62 520 420 478 367 387 373 489 126 278 348 55 
267 452 218 86 390 483 451 304 379 442 0 519 552 268 96 426 488 413 237 125 336 516 144 363 196 363 109 503 221 505 244 433 232 97 293 422 216 332 55 
538 86 343 355 309 357 316 341 499 327 183 0 368 496 279 124 307 246 190 157 49 441 425 82 466 382 264 147 294 396 125 330 477 99 439 389 549 502 538 
296 73 378 55 129 309 511 282 275 134 152 128 0 481 415 254 233 549 202 556 130 398 325 525 479 176 286 297 337 201 429 386 418 444 223 418 475 500 217 
208 98 551 273 117 512 144 133 112 243 468 154 292 0 228 555 62 190 225 277 289 463 179 495 149 481 234 398 206 55 348 368 534 113 427 551 418 426 470 
325 144 160 135 122 474 53 186 209 132 54 437 464 120 0 208 267 220 229 83 72 480 129 469 267 136 549 77 366 70 460 511 298 533 213 286 238 552 121 
98 85 227 273 276 453 150 541 243 113 422 348 313 189 494 0 102 64 224 155 301 99 454 280 497 137 230 517 345 438 326 365 415 86 425 371 186 537 173 
378 258 520 137 504 192 224 333 210 209 460 281 273 340 158 443 0 260 231 128 316 307 344 309 526 196 371 199 144 434 520 198 396 489 508 362 156 543 140 
449 140 184 384 321 153 109 483 302 202 485 525 207 270 477 61 488 0 535 146 443 468 531 116 82 378 199 49 402 90 291 57 74 314 140 57 330 191 165 
173 512 304 182 48 486 537 342 392 193 543 360 149 209 63 426 484 221 0 232 155 145 231 226 145 123 296 64 146 114 523 339 131 417 148 482 104 463 248 
455 508 344 188 247 163 446 499 508 391 226 435 266 208 247 231 239 83 288 0 539 502 100 96 341 340 396 288 227 345 237 66 509 496 284 455 411 55 501 
297 293 238 435 405 314 464 420 527 94 398 116 244 301 363 360 503 293 266 423 0 108 478 300 454 318 56 156 270 429 349 230 378 124 262 105 147 465 70 
428 394 148 355 379 301 276 315 397 207 398 208 287 244 311 510 168 257 493 410 204 0 213 483 55 469 292 155 197 483 358 263 252 368 106 109 498 96 340 
70 222 364 499 119 180 495 84 55 51 101 103 535 207 208 220 360 432 507 138 173 116 0 433 321 384 555 559 504 144 502 311 288 366 416 194 349 343 273 
229 457 222 488 61 344 98 60 168 463 228 394 404 279 173 283 559 171 507 280 344 457 278 0 506 110 375 359 181 408 508 101 278 557 397 415 268 552 217 
559 479 530 347 436 107 507 547 338 124 538 235 337 383 554 308 468 425 452 179 496 364 246 62 0 360 496 205 303 366 58 498 405 143 171 179 290 470 510 
294 278 323 190 477 116 507 269 258 522 186 88 306 509 169 88 250 112 522 440 60 416 146 259 80 0 345 259 265 455 425 503 55 122 223 212 212 166 476 
355 111 532 287 52 376 294 477 166 374 236 212 195 235 52 394 352 271 109 428 246 189 273 48 351 466 0 473 194 266 391 159 249 533 317 205 78 115 470 
225 476 282 162 454 523 318 456 211 271 385 50 477 494 135 116 292 249 206 311 532 363 99 206 379 338 50 0 256 371 369 559 277 217 283 216 458 448 258 
261 264 268 289 409 386 96 390 337 278 114 245 64 344 69 335 495 453 113 203 245 526 379 360 162 293 73 76 0 342 181 446 305 165 272 169 382 348 283 
479 116 470 140 193 519 366 559 337 271 280 534 247 80 358 498 438 108 233 165 285 327 168 439 60 296 74 442 468 0 171 114 244 204 244 405 518 85 165 
128 72 321 314 98 246 89 559 514 52 451 273 109 150 424 54 102 63 174 370 449 362 195 136 331 134 172 521 349 451 0 112 196 132 219 88 486 399 228 
106 503 66 392 376 473 246 392 210 410 402 500 103 394 469 507 195 293 370 304 309 465 523 426 525 92 71 493 152 323 452 0 431 103 53 505 516 477 105 
455 496 278 502 148 276 338 360 291 495 507 540 324 403 272 69 482 522 558 249 423 527 251 367 356 71 249 251 245 541 143 437 0 223 194 246 417 234 165 
489 326 452 208 243 471 483 343 52 255 94 485 494 444 306 115 459 232 416 257 516 209 242 86 350 290 132 400 548 454 54 456 490 0 439 341 480 554 526 
524 312 148 383 250 316 512 237 468 451 372 331 158 100 476 395 213 257 396 220 78 431 357 62 239 220 531 512 125 221 153 123 352 386 0 84 342 472 298 
432 392 555 350 267 177 335 533 319 466 93 217 223 150 385 108 338 173 56 355 423 510 396 553 223 158 555 264 153 273 247 107 327 536 513 0 311 276 100 
141 165 218 205 232 81 470 254 316 502 245 515 311 249 529 524 355 136 311 320 469 557 312 341 491 560 525 68 240 210 133 116 301 371 277 92 0 60 238 
99 337 283 74 171 377 263 182 424 304 487 253 56 66 59 208 141 339 48 443 55 420 153 336 107 159 95 216 177 372 108 56 453 412 517 87 450 0 135 
239 62 461 121 173 308 408 451 219 402 221 240 258 552 209 354 325 169 66 402 503 72 545 293 239 237 297 120 347 522 332 83 70 416 399 115 554 216 0 

e'''[i][j]=
0 261 249 161 493 538 297 66 118 104 328 354 141 170 264 270 
98 0 480 58 66 551 116 409 356 370 421 310 67 483 315 138 
172 213 0 319 152 385 72 284 449 251 228 449 496 194 313 221 
439 488 384 0 436 329 395 423 86 276 196 360 340 530 209 184 
403 421 81 500 0 242 458 104 54 198 295 116 503 207 362 246 
263 69 178 53 559 0 97 175 555 57 287 358 135 113 62 115 
143 329 95 264 440 317 0 257 244 274 544 152 93 219 157 247 
187 426 321 342 410 461 417 0 271 50 83 446 454 335 215 152 
214 323 120 355 453 217 472 207 0 297 101 172 278 266 502 259 
226 522 545 356 121 53 454 224 0 0 290 388 353 497 135 278 
314 276 116 454 79 96 386 319 216 217 0 284 369 527 212 407 
62 361 475 398 187 529 343 186 536 424 505 0 182 493 450 153 
535 459 370 178 203 233 104 476 163 210 128 410 0 276 199 105 
433 443 271 306 295 322 359 398 172 119 204 483 243 0 415 396 
228 489 105 494 335 79 468 238 293 352 67 226 83 324 0 253 
362 268 149 194 179 140 74 122 474 355 251 303 530 353 340 0 

t'[i][j]=
0 87 103 101 200 128 154 141 46 169 119 38 155 
146 0 93 113 79 100 130 79 21 169 156 127 175 
30 110 0 81 26 182 84 139 32 141 96 181 167 
84 158 114 0 169 192 186 68 162 23 179 74 174 
186 158 119 21 0 96 30 47 104 78 147 65 144 
48 167 193 68 52 0 188 116 56 133 78 164 115 
140 90 79 37 170 107 0 132 192 118 57 154 85 
127 190 38 191 129 146 137 0 151 185 159 22 156 
167 196 37 111 66 148 28 85 0 40 92 65 112 
178 124 161 184 27 73 60 64 177 0 49 133 197 
49 96 148 129 55 78 74 180 23 175 0 21 83 
38 144 154 113 99 92 79 55 140 168 63 0 146 
81 47 189 107 47 41 153 29 21 57 170 197 0 

t''[i][j]=
0 120 140 24 103 139 175 28 75 127 111 192 93 35 170 184 54 75 45 171 66 170 120 26 68 82 165 31 159 132 55 86 144 176 135 54 190 51 129 
93 0 109 189 76 97 181 25 82 73 93 137 183 30 33 93 185 176 200 121 82 52 83 48 156 109 115 97 102 78 75 184 159 193 24 32 82 24 27 
98 103 0 89 186 112 131 42 188 110 58 105 183 149 156 28 49 190 107 156 134 82 149 30 190 132 161 163 194 166 183 36 191 119 57 21 193 149 111 
162 143 24 0 186 123 91 78 192 61 103 98 199 31 83 195 200 63 103 25 164 200 76 73 159 20 75 193 40 154 164 167 175 99 29 171 50 180 117 
124 111 137 160 0 149 146 63 94 107 187 77 131 58 98 140 27 155 110 112 194 186 101 92 158 90 179 99 127 162 111 23 50 27 174 50 20 102 108 
129 49 100 179 120 0 74 142 183 74 82 102 143 197 195 78 44 174 102 149 134 112 35 88 101 136 147 66 24 51 86 80 114 72 134 29 169 53 31 
67 174 65 84 106 59 0 121 47 143 31 63 32 164 90 167 59 198 75 176 131 177 105 48 129 188 42 24 34 178 139 94 128 55 196 139 92 160 22 
199 71 87 136 99 188 184 0 35 145 114 64 160 62 132 129 28 200 42 50 146 158 79 188 147 158 196 165 145 81 162 75 179 74 28 30 171 36 104 
112 25 30 120 82 113 59 162 0 30 90 22 185 199 182 47 142 59 76 134 28 199 194 183 48 197 53 154 91 69 161 194 95 51 167 124 184 128 154 
112 160 82 35 139 166 53 115 43 0 135 58 56 22 25 50 77 200 84 31 148 182 40 60 97 163 100 182 90 193 36 23 147 95 145 138 199 154 109 
87 108 118 22 159 144 45 181 133 186 0 52 30 122 122 117 143 143 93 135 198 96 172 180 148 88 24 194 64 166 183 99 156 150 83 63 98 89 174 
48 122 159 85 150 27 122 190 144 148 160 0 173 35 83 141 98 81 124 45 157 164 121 87 60 138 46 52 66 100 180 95 107 30 110 152 118 65 50 
80 55 143 79 138 166 50 27 35 129 20 172 0 140 34 76 147 43 24 183 54 47 83 92 48 119 194 120 87 37 200 164 123 137 126 87 121 100 186 
86 177 38 107 56 150 196 152 183 144 186 155 31 0 71 78 197 175 162 68 133 135 160 40 31 69 159 155 153 112 176 115 102 89 171 67 172 79 128 
26 120 54 133 41 192 27 115 200 182 87 152 148 64 0 77 36 82 52 75 65 35 27 175 85 71 70 27 26 162 109 46 87 198 177 171 110 145 145 
41 188 121 84 24 168 146 53 134 41 150 184 40 177 91 0 118 20 49 123 25 93 154 124 55 52 140 149 113 184 163 180 177 56 143 90 83 61 100 
70 102 61 155 177 83 50 142 111 110 106 166 60 46 51 130 0 145 36 61 39 180 102 68 102 153 157 46 30 31 191 145 150 74 104 133 85 36 153 
76 152 107 75 176 198 140 87 159 76 90 63 22 88 83 38 190 0 144 24 137 132 155 132 146 107 172 68 68 199 193 162 101 193 34 123 59 40 84 
172 199 148 121 187 181 49 146 63 172 97 142 60 159 171 164 183 81 0 86 165 49 50 27 183 69 68 50 155 45 196 69 143 121 171 142 60 183 89 
130 44 69 195 180 77 108 41 142 181 97 54 200 41 176 61 47 92 156 0 92 173 171 81 178 181 58 104 162 33 70 110 105 52 73 33 41 81 135 
148 109 100 36 186 155 42 180 87 116 141 127 80 103 59 54 97 81 151 153 0 62 61 57 29 69 32 36 165 56 76 73 106 85 81 180 186 90 196 
103 187 122 164 128 79 80 81 90 111 69 148 87 79 176 173 55 65 75 77 100 0 182 67 186 78 104 187 100 99 68 91 106 48 85 192 24 47 180 
82 106 187 120 50 181 82 52 20 102 78 191 160 62 174 127 46 40 166 141 165 100 0 172 87 69 70 184 95 74 180 148 161 150 59 195 20 194 169 
179 105 160 54 116 182 159 21 185 171 71 139 163 186 75 150 22 112 127 186 171 163 90 0 33 90 102 32 56 174 50 158 60 40 38 105 120 76 193 
87 24 44 97 143 152 147 195 155 178 113 136 124 183 131 151 23 124 96 128 197 71 87 95 0 169 112 149 129 34 167 97 126 146 23 60 164 194 180 
76 157 102 198 104 70 105 162 170 44 81 146 103 67 150 104 147 84 141 33 182 94 120 182 167 0 48 68 152 177 141 90 59 51 52 62 69 126 92 
139 83 28 64 186 89 70 84 106 90 152 58 163 187 124 126 46 123 60 101 163 168 137 36 76 120 0 42 187 141 34 34 107 28 195 53 34 32 156 
110 156 170 121 118 182 88 119 47 185 66 46 162 144 136 83 172 34 145 170 161 35 185 24 173 165 56 0 146 141 172 83 149 82 24 182 103 148 64 
185 53 89 184 105 109 165 196 49 81 161 197 60 130 94 70 43 51 190 160 187 78 25 160 120 147 65 132 0 41 199 71 182 142 34 22 109 47 48 
152 105 171 152 38 192 184 199 154 107 90 134 21 49 46 142 127 71 71 177 20 104 59 62 53 25 22 116 72 0 183 126 172 80 42 37 156 103 117 
72 178 85 196 64 154 100 161 109 179 79 188 94 119 124 34 31 26 116 73 179 198 134 94 100 27 49 111 184 63 0 129 165 68 29 193 107 160 161 
133 194 107 77 79 125 112 91 58 140 36 109 52 168 37 91 132 56 76 176 31 144 93 134 122 104 86 129 22 33 87 0 63 149 121 62 35 129 60 
44 36 78 103 120 179 35 85 140 139 63 124 130 178 84 180 114 155 200 101 134 106 155 139 183 21 166 150 79 170 75 52 0 105 148 165 26 170 196 
20 55 159 200 152 154 51 197 162 188 111 100 99 36 119 171 115 62 125 59 43 46 103 25 27 112 82 43 102 117 154 96 173 0 60 105 93 37 70 
155 96 23 96 99 77 133 121 132 154 166 89 104 37 31 97 154 119 70 31 41 176 180 186 129 58 149 193 108 26 119 109 70 148 0 29 106 170 99 
108 157 142 196 107 140 135 49 189 27 34 76 176 89 149 123 158 164 64 75 183 50 195 172 67 154 71 140 84 38 24 138 89 144 99 0 166 147 88 
135 31 37 171 199 196 57 92 166 61 162 43 137 78 92 187 27 23 170 67 70 177 86 33 94 121 111 114 128 173 43 79 167 49 174 194 0 69 23 
131 169 89 169 191 73 66 71 171 72 111 32 83 99 30 148 91 90 149 132 189 98 146 32 113 144 169 129 65 107 26 84 121 100 138 140 65 0 151 
138 76 126 198 200 105 185 137 128 166 129 162 43 133 125 61 151 154 155 30 22 45 79 109 46 112 181 54 98 126 189 90 102 180 46 86 185 43 0 

t'''[i][j]=
0 117 49 156 115 200 60 148 192 123 122 144 95 197 27 180 
113 0 34 101 40 192 131 184 67 90 36 125 171 115 51 162 
150 113 0 117 121 38 187 191 167 127 80 111 137 48 99 46 
155 82 144 0 190 151 35 69 159 164 124 144 194 150 122 97 
186 149 114 125 0 29 165 164 93 95 196 83 78 143 93 180 
198 84 73 140 131 0 71 96 65 193 61 46 180 163 64 171 
50 38 111 161 101 81 0 180 27 181 151 55 141 180 104 182 
30 27 143 133 171 63 156 0 30 109 184 186 74 194 37 32 
59 58 64 183 70 105 92 162 0 31 145 149 122 150 184 148 
81 145 73 68 124 48 119 135 89 0 165 57 164 179 96 93 
133 150 134 112 95 52 73 126 135 127 0 59 52 166 57 179 
22 140 45 187 117 179 48 38 23 22 197 0 84 153 85 23 
176 27 150 78 32 113 168 66 160 154 177 184 0 52 170 115 
126 131 71 180 67 111 99 162 139 188 142 30 126 0 97 30 
44 123 54 162 199 174 148 35 58 155 180 176 124 87 0 197 
185 151 92 113 60 185 186 180 173 92 143 169 178 169 101 0 

d''[i][k]=
0 0 0 0 0 0 0 0 0 1 4 0 
0 0 0 0 0 0 0 0 0 9 0 0 
0 0 0 0 0 0 0 0 0 6 0 0 
0 0 0 0 0 0 0 0 0 6 0 0 
0 0 0 0 0 0 0 0 2 4 0 0 
0 0 0 0 0 0 0 0 6 0 0 0 
0 0 0 0 0 0 0 0 6 0 0 0 
0 0 0 0 0 0 0 0 6 0 0 0 
0 0 0 0 0 0 0 5 0 0 0 0 
0 0 0 0 0 0 4 2 0 0 0 0 
0 0 0 0 0 6 2 0 0 0 0 0 
0 0 0 0 0 7 0 0 0 0 0 0 
0 0 0 0 3 4 0 0 0 0 0 0 
0 0 0 0 7 0 0 0 0 0 0 0 
0 0 0 0 8 0 0 0 0 0 0 0 
0 0 0 0 7 0 0 0 0 0 0 0 
0 0 0 0 5 0 0 0 0 0 0 0 
0 0 0 7 0 0 0 0 0 0 0 0 
0 0 2 4 0 0 0 0 0 0 0 0 
0 0 6 0 0 0 0 0 0 0 0 0 
0 0 6 0 0 0 0 0 0 0 0 0 
0 5 0 0 0 0 0 0 0 0 0 0 
0 11 0 0 0 0 0 0 0 0 0 0 
0 8 0 0 0 0 0 0 0 0 0 0 
0 5 0 0 0 0 0 0 0 0 0 0 
10 0 0 0 0 0 0 0 0 0 0 0 
7 0 0 0 0 0 0 0 0 0 0 0 
9 0 0 0 0 0 0 0 0 0 0 0 
0 0 0 8 0 0 0 0 0 0 0 0 
0 0 0 6 0 0 0 0 0 0 0 0 
0 0 5 0 0 0 0 0 0 0 0 0 
0 0 0 0 0 0 0 9 0 0 0 0 
0 0 0 0 0 0 6 0 0 0 0 0 
0 0 0 0 0 0 11 0 0 0 0 0 
0 0 0 0 0 0 0 7 0 0 2 0 
0 0 0 0 0 0 0 0 0 0 0 6 
0 0 0 0 0 0 0 0 0 0 0 6 
0 0 0 0 0 0 0 0 0 0 5 0 

r''[i][k]=
0 0 0 0 0 0 0 0 0 0.37 3.4 0 
0 0 0 0 0 0 0 0 0 4.5 0 0 
0 0 0 0 0 0 0 0 0 0.24 0 0 
0 0 0 0 0 0 0 0 0 0.36 0 0 
0 0 0 0 0 0 0 0 0.38 0.08 0 0 
0 0 0 0 0 0 0 0 0.06 0 0 0 
0 0 0 0 0 0 0 0 0.48 0 0 0 
0 0 0 0 0 0 0 0 0.18 0 0 0 
0 0 0 0 0 0 0 1.6 0 0 0 0 
0 0 0 0 0 0 2 0 0 0 0 0 
0 0 0 0 0 0.54 0.08 0 0 0 0 0 
0 0 0 0 0 0.91 0 0 0 0 0 0 
0 0 0 0 0.15 0.56 0 0 0 0 0 0 
0 0 0 0 0.14 0 0 0 0 0 0 0 
0 0 0 0 3.04 0 0 0 0 0 0 0 
0 0 0 0 0.07 0 0 0 0 0 0 0 
0 0 0 0 2.55 0 0 0 0 0 0 0 
0 0 0 0.98 0 0 0 0 0 0 0 0 
0 0 0.86 0.44 0 0 0 0 0 0 0 0 
0 0 0.36 0 0 0 0 0 0 0 0 0 
0 0 0.36 0 0 0 0 0 0 0 0 0 
0 0.05 0 0 0 0 0 0 0 0 0 0 
0 1.43 0 0 0 0 0 0 0 0 0 0 
0 6 0 0 0 0 0 0 0 0 0 0 
0 2.1 0 0 0 0 0 0 0 0 0 0 
4.2 0 0 0 0 0 0 0 0 0 0 0 
0.77 0 0 0 0 0 0 0 0 0 0 0 
2.79 0 0 0 0 0 0 0 0 0 0 0 
0 0 0 1.28 0 0 0 0 0 0 0 0 
0 0 0 1.62 0 0 0 0 0 0 0 0 
0 0 2.25 0 0 0 0 0 0 0 0 0 
0 0 0 0 0 0 0 0.18 0 0 0 0 
0 0 0 0 0 0 1.86 0 0 0 0 0 
0 0 0 0 0 0 5.83 0 0 0 0 0 
0 0 0 0 0 0 0 1.26 0 0 0.82 0 
0 0 0 0 0 0 0 0 0 0 0 1.62 
0 0 0 0 0 0 0 0 0 0 0 0.3 
0 0 0 0 0 0 0 0 0 0 0.05 0 

p[k]=
0.05 0.02 0.04 0.05 0.03 0.01 0.03 0 0.04 0.04 0.02 0.02 

d'''[i][k]=
0 0 0 0 0 0 0 0 0 7 11 12 
0 0 0 0 0 0 0 0 0 16 0 0 
0 0 0 0 0 0 0 0 2 3 0 0 
0 0 0 0 0 0 0 0 5 0 0 0 
0 0 0 0 0 0 0 0 5 0 0 0 
0 0 0 0 0 0 0 0 5 0 0 0 
0 0 0 0 0 0 0 2 3 0 0 0 
0 0 0 0 0 0 0 5 0 0 0 0 
0 0 0 0 0 0 0 5 0 0 0 0 
0 0 0 0 0 0 19 11 0 0 0 0 
0 0 0 0 9 17 4 0 0 0 0 0 
0 0 0 9 21 0 0 0 0 0 0 0 
0 0 14 16 0 0 0 0 0 0 0 0 
0 25 5 0 0 0 0 0 0 0 0 0 
26 4 0 0 0 0 0 0 0 0 0 0 

r'''[i][k]=
0 0 0 0 0 0 0 0 0 0.56 8.47 1.2 
0 0 0 0 0 0 0 0 0 8.32 0 0 
0 0 0 0 0 0 0 0 0.98 0.15 0 0 
0 0 0 0 0 0 0 0 0.15 0 0 0 
0 0 0 0 0 0 0 0 2.1 0 0 0 
0 0 0 0 0 0 0 0 0.7 0 0 0 
0 0 0 0 0 0 0 0.16 0.36 0 0 0 
0 0 0 0 0 0 0 4.8 0 0 0 0 
0 0 0 0 0 0 0 0 0 0 0 0 
0 0 0 0 0 0 2.28 2.86 0 0 0 0 
0 0 0 0 0.45 0.34 0.36 0 0 0 0 0 
0 0 0 0.63 0.42 0 0 0 0 0 0 0 
0 0 5.18 1.92 0 0 0 0 0 0 0 0 
0 7 1.65 0 0 0 0 0 0 0 0 0 
10.14 0.44 0 0 0 0 0 0 0 0 0 0 
