|S|=12
|R|=38
|O|=15
|V|=30
q=150
c=1
Tmax=960
H=1000

e'[i][j]=
0 288 68 91 452 157 303 104 130 237 515 560 212 
465 0 343 251 84 404 222 326 518 398 406 188 286 
438 129 0 533 553 118 239 472 502 167 148 273 517 
301 307 555 0 309 398 158 299 209 547 163 390 163 
558 337 508 73 0 98 553 300 412 79 328 129 501 
170 107 559 169 283 0 364 87 528 108 135 493 149 
58 225 257 332 209 297 0 206 425 244 537 408 423 
498 552 416 264 402 416 113 0 142 381 56 170 338 
274 128 396 81 117 133 215 135 0 390 437 230 419 
244 553 203 283 100 384 411 153 518 0 405 88 425 
434 551 162 512 442 467 420 141 475 296 0 181 285 
271 359 145 342 265 363 227 63 352 530 146 0 278 
390 540 327 142 219 397 542 275 198 199 128 392 0 

e''[i][j]=
0 341 48 327 318 372 221 505 189 430 120 552 392 177 542 125 225 386 99 515 239 315 503 313 115 198 525 322 469 157 147 156 250 473 249 151 558 470 287 
369 0 58 206 415 175 268 107 403 287 276 77 458 319 144 311 533 550 186 199 398 311 263 175 434 299 272 345 56 556 248 340 241 162 429 268 133 509 242 
427 292 0 111 291 187 380 541 280 450 189 470 297 308 174 235 171 388 543 197 337 192 118 367 291 450 374 270 359 524 297 87 292 437 179 63 310 135 176 
371 102 331 0 261 364 255 513 386 284 154 70 360 467 201 291 500 472 114 77 154 316 139 355 402 541 230 463 536 160 62 358 446 272 72 119 235 354 287 
484 50 291 500 0 423 394 133 296 247 277 335 461 84 442 524 227 142 319 487 384 270 489 390 99 435 168 223 533 273 198 397 84 103 416 202 278 257 547 
98 521 390 139 293 0 127 378 401 56 54 253 256 77 439 210 63 162 332 429 460 404 403 68 57 254 414 155 386 252 143 291 128 285 153 465 123 204 406 
399 344 332 501 160 129 0 298 392 461 148 295 393 228 475 243 404 410 287 118 332 527 481 449 470 198 478 218 455 197 558 321 520 268 272 122 406 493 416 
138 549 144 167 445 301 458 0 435 306 344 421 358 397 474 132 72 176 88 230 328 505 139 538 369 510 485 368 505 478 437 324 468 266 539 341 243 152 159 
207 201 169 538 237 257 178 84 0 243 536 135 550 205 119 300 443 246 536 412 225 461 451 483 354 70 176 532 252 531 202 165 248 126 433 164 107 329 472 
317 535 182 103 328 419 457 226 513 0 497 359 305 490 344 146 244 444 132 435 98 287 430 422 383 391 137 212 345 237 320 153 100 297 251 451 226 129 238 
141 170 204 267 427 97 541 48 315 64 0 86 552 452 272 95 146 555 465 491 393 416 484 220 212 484 248 134 142 375 431 220 478 291 130 54 472 190 303 
253 413 70 475 353 418 273 232 66 195 158 0 335 321 310 272 60 468 75 445 436 391 460 339 51 66 453 372 496 90 208 256 233 558 240 340 92 102 428 
225 77 124 64 245 369 122 373 346 503 105 235 0 174 270 403 291 249 50 525 178 552 245 241 55 547 130 192 233 490 225 463 225 363 436 148 415 181 479 
505 239 546 515 509 175 289 502 435 130 435 73 513 0 321 264 316 408 302 288 300 204 86 185 389 544 387 436 114 192 215 507 420 224 350 213 145 88 404 
275 471 224 253 178 192 553 204 294 190 300 511 475 381 0 504 141 497 194 403 184 320 314 210 457 194 348 182 326 369 49 236 408 406 134 162 171 507 420 
423 350 441 435 76 251 358 525 147 488 96 193 256 56 523 0 480 51 166 389 503 189 516 348 90 355 164 401 327 120 380 301 429 258 275 193 412 240 279 
126 534 60 182 285 377 387 455 405 342 74 88 479 132 299 271 0 202 424 356 400 499 72 389 274 138 287 151 206 462 384 535 194 387 468 90 269 217 130 
84 222 320 150 143 151 200 376 87 428 423 116 121 242 321 483 492 0 136 385 523 543 507 98 438 329 542 69 443 550 167 379 290 504 501 509 547 476 551 
54 191 312 367 556 469 533 407 176 113 58 60 60 398 508 550 215 74 0 201 156 397 88 118 59 538 348 491 426 214 487 158 488 456 472 206 365 517 141 
350 87 157 549 453 347 551 463 231 532 48 280 121 203 500 527 559 141 475 0 57 332 472 557 250 523 543 319 462 162 542 154 218 558 318 484 382 257 306 
165 207 70 388 98 332 49 407 356 64 309 200 94 284 416 304 151 291 253 88 0 226 358 548 170 48 542 109 149 523 371 335 467 558 484 465 178 417 553 
481 138 438 75 389 526 121 119 105 203 384 299 211 272 245 309 479 221 192 428 138 0 415 522 406 509 106 148 113 80 547 172 295 554 306 556 389 169 408 
545 341 296 400 420 202 293 262 514 239 191 63 440 179 498 120 156 341 414 446 226 233 0 59 483 329 384 167 477 340 204 308 542 323 414 293 533 329 241 
155 279 430 96 407 517 299 498 158 158 288 238 450 152 65 523 452 377 545 192 329 299 134 0 317 221 92 73 90 324 249 420 203 443 379 92 121 165 206 
448 148 54 57 321 59 525 272 538 306 176 164 159 388 261 414 472 79 148 196 175 51 96 386 0 552 87 142 357 458 156 289 232 145 416 389 396 278 285 
552 308 493 214 332 175 428 211 411 458 115 193 333 115 221 392 485 167 481 407 127 397 386 343 336 0 79 373 219 212 364 256 101 216 475 123 505 401 104 
198 535 171 229 428 323 234 508 126 422 70 80 167 462 61 278 431 223 391 219 174 536 72 347 432 486 0 556 453 268 556 447 291 477 117 405 72 326 480 
138 383 434 319 248 295 49 474 484 152 497 70 424 543 482 301 255 161 207 436 163 376 84 348 273 386 162 0 141 410 97 466 79 75 337 264 345 522 61 
76 522 487 402 484 511 125 54 275 191 219 214 308 388 518 401 291 229 54 430 539 537 353 168 296 448 426 322 0 436 359 342 258 206 310 104 157 112 325 
183 118 394 59 414 129 307 536 456 319 275 217 215 376 396 348 301 277 542 128 480 183 58 398 148 241 433 274 278 0 406 232 542 147 82 318 120 497 250 
261 276 103 408 282 328 523 486 355 235 109 200 359 547 531 263 498 549 476 557 296 482 196 412 492 324 261 51 542 54 0 379 355 64 76 61 170 245 182 
427 297 233 506 54 555 320 248 326 280 410 540 312 128 301 436 110 373 556 480 177 419 397 125 50 278 210 426 504 385 367 0 196 291 344 74 387 423 158 
382 432 267 67 460 313 76 402 232 390 133 427 381 65 95 79 111 151 521 382 234 408 221 161 376 308 522 261 536 477 326 113 0 174 346 143 242 436 358 
365 494 495 60 223 87 396 418 167 170 57 215 422 164 459 63 184 342 411 97 58 103 305 455 124 539 71 494 289 150 372 460 374 0 419 539 275 149 406 
116 262 255 469 267 346 160 141 120 356 400 457 329 267 215 332 417 514 335 296 455 63 502 282 438 90 353 261 432 258 222 274 540 152 0 241 522 522 219 
120 265 339 519 189 376 170 498 142 315 364 143 117 371 135 61 506 188 470 559 83 276 310 397 487 383 274 174 132 560 326 497 79 221 300 0 417 331 100 
137 324 487 251 176 307 156 462 308 180 77 127 393 131 276 240 63 173 385 406 416 333 100 403 136 386 257 518 456 501 173 53 315 156 422 136 0 393 478 
462 417 376 359 333 69 233 323 84 547 437 462 187 88 483 79 157 154 331 99 417 104 408 62 84 514 491 131 307 430 222 247 523 258 502 559 502 0 326 
251 127 120 102 425 250 303 544 281 89 444 532 140 280 140 426 249 145 94 493 385 341 73 494 405 381 338 456 526 168 491 172 414 230 91 150 240 296 0 

e'''[i][j]=
0 50 108 489 393 542 388 182 123 552 140 518 226 291 360 70 
559 0 275 333 552 70 465 181 149 362 165 85 402 511 337 344 
398 318 0 448 270 247 474 425 449 198 406 147 132 525 354 539 
551 503 361 0 258 251 168 182 488 385 559 515 202 176 309 163 
450 268 110 73 0 416 255 413 381 283 416 315 256 280 423 494 
223 152 66 179 445 0 552 326 52 93 441 427 246 372 468 416 
465 162 509 492 475 489 0 360 374 260 330 499 413 321 189 273 
168 495 51 330 151 203 49 0 545 196 274 283 105 532 394 479 
543 376 50 492 125 447 52 358 0 146 183 336 541 446 82 236 
179 239 242 236 327 394 280 286 0 0 508 221 81 547 457 85 
355 258 173 340 532 349 284 299 221 80 0 385 364 432 423 303 
232 445 436 457 53 381 368 134 496 459 380 0 509 323 520 124 
526 305 502 159 338 326 122 355 227 519 466 319 0 343 484 420 
537 215 486 430 220 493 307 454 53 488 102 137 353 0 423 67 
156 57 104 74 77 88 92 400 163 133 411 440 355 425 0 337 
440 162 136 351 295 440 438 546 450 489 478 513 94 264 466 0 

t'[i][j]=
0 78 29 53 146 97 153 78 53 156 138 90 104 
189 0 146 55 52 123 102 190 80 162 23 82 133 
117 78 0 106 50 89 57 28 105 134 49 60 171 
78 120 85 0 36 29 153 69 109 147 78 20 87 
121 105 172 98 0 82 22 139 64 170 72 172 162 
55 41 151 167 96 0 38 61 77 133 178 67 139 
41 181 185 109 197 146 0 72 75 61 24 151 145 
145 39 100 162 183 75 76 0 161 90 185 88 44 
104 73 173 111 168 87 102 96 0 101 200 54 156 
182 33 93 80 44 182 35 166 90 0 51 194 99 
187 80 179 192 108 77 145 110 70 113 0 144 76 
33 138 199 53 188 101 141 22 112 87 52 0 169 
184 162 113 178 58 173 154 65 62 75 21 85 0 

t''[i][j]=
0 108 92 167 184 137 150 171 197 69 107 68 51 192 48 91 125 42 144 100 71 107 27 135 100 77 163 167 68 79 177 74 37 70 96 141 171 113 189 
81 0 120 47 159 96 142 63 194 118 158 145 70 36 165 60 186 136 118 62 53 187 186 22 181 33 92 144 98 177 184 127 39 188 66 138 74 125 92 
59 180 0 160 174 49 151 56 54 174 49 183 178 103 126 199 84 22 64 162 72 148 190 181 75 73 153 175 197 21 150 196 119 182 40 175 132 128 88 
46 58 127 0 180 96 57 175 92 20 195 91 39 196 148 34 175 156 171 197 178 149 80 191 35 119 148 43 60 100 21 193 48 70 135 185 162 183 113 
29 36 186 88 0 102 138 131 81 38 177 175 69 115 121 154 83 108 73 92 29 162 29 117 122 108 57 34 170 120 32 179 183 169 97 57 67 81 180 
48 98 80 96 194 0 142 192 48 110 34 192 105 114 129 151 163 197 97 145 130 145 35 133 140 112 194 32 77 190 50 188 72 86 71 152 120 149 36 
108 129 124 28 198 186 0 46 200 111 133 41 39 71 43 165 154 92 121 194 172 142 20 198 181 50 38 135 27 199 62 42 53 183 122 161 154 27 172 
193 88 99 139 110 167 58 0 105 126 138 129 163 30 106 66 91 185 101 137 123 168 137 63 189 137 157 56 197 89 37 188 125 24 128 106 173 120 118 
91 176 113 106 44 49 141 51 0 131 82 91 115 188 49 71 34 185 84 46 99 49 109 31 168 159 95 105 40 90 77 119 35 93 90 37 77 83 159 
154 24 171 199 169 78 176 54 200 0 97 166 160 68 24 80 64 91 103 183 44 60 171 121 168 91 37 125 143 139 191 109 78 162 167 25 193 117 122 
111 132 39 99 120 37 140 181 85 80 0 173 164 138 86 26 83 88 148 190 61 37 79 125 86 68 96 75 176 115 78 151 74 78 47 176 145 112 66 
77 54 30 53 99 77 44 177 168 72 112 0 37 30 168 53 25 116 49 117 84 144 177 111 142 125 127 150 37 77 180 38 91 142 43 80 27 27 106 
74 137 50 145 162 39 182 93 146 30 152 186 0 137 125 77 74 39 73 166 55 30 36 184 48 138 36 98 153 86 87 188 154 29 96 123 116 138 144 
86 93 142 139 108 163 34 169 35 109 132 20 192 0 167 97 35 162 22 167 169 83 120 101 89 167 178 143 95 61 41 64 116 125 20 188 52 66 94 
119 66 118 33 147 139 144 72 143 145 43 54 80 44 0 198 101 176 31 113 113 129 42 69 52 103 67 78 127 76 122 189 141 139 48 176 120 131 137 
113 43 134 174 43 58 37 63 54 81 129 32 27 177 121 0 115 133 163 31 33 38 23 113 198 198 44 44 112 54 181 126 46 142 180 93 99 75 188 
188 55 165 64 42 22 36 105 46 177 53 113 52 94 56 105 0 184 161 63 38 111 149 166 105 162 144 199 182 50 141 88 156 25 53 199 62 123 55 
164 115 40 111 68 64 38 165 109 134 140 76 173 173 76 165 152 0 181 130 111 81 22 129 142 31 27 140 116 154 196 107 58 53 195 88 128 21 65 
171 173 175 154 97 154 146 101 182 138 155 74 48 118 182 73 33 196 0 38 35 65 31 49 94 71 24 128 162 104 102 105 41 51 152 86 172 135 128 
111 142 91 79 199 128 32 26 54 152 166 61 160 182 33 52 198 181 51 0 116 114 92 182 135 98 155 195 39 65 90 94 58 198 193 154 190 191 28 
150 103 71 96 128 36 161 24 139 95 80 102 85 47 124 171 31 171 82 135 0 169 153 50 63 190 80 170 28 92 179 126 21 156 179 71 192 80 198 
170 149 44 79 160 29 160 135 181 197 65 148 160 118 145 38 155 178 50 146 109 0 194 159 133 80 188 95 145 200 52 196 189 181 127 54 172 145 115 
92 91 27 145 76 134 80 26 95 199 83 67 153 189 157 67 61 25 91 198 173 63 0 162 35 39 162 188 117 56 45 170 150 43 65 50 91 67 159 
170 94 30 145 126 135 23 49 178 191 26 193 161 113 110 192 71 169 180 56 20 128 145 0 77 154 101 102 198 104 111 157 140 77 140 123 132 22 66 
166 125 163 85 131 185 110 153 157 44 32 118 147 200 61 29 97 104 149 31 114 108 111 155 0 48 153 134 61 169 182 196 46 130 123 105 31 131 116 
31 39 96 43 47 40 30 103 154 185 91 200 177 195 23 132 103 61 95 76 199 57 60 116 163 0 104 144 196 57 62 57 195 159 95 144 62 125 26 
21 73 127 95 136 107 154 169 138 41 97 157 123 150 146 74 82 124 200 163 136 184 142 40 86 107 0 85 136 174 26 92 97 113 60 23 191 51 141 
195 44 161 60 81 179 78 83 81 155 103 149 152 89 181 127 129 58 194 37 193 176 132 174 65 129 22 0 108 125 176 164 65 63 43 40 136 111 194 
45 179 137 84 78 190 28 42 159 191 168 130 34 35 159 60 61 152 97 124 134 48 194 52 33 154 173 47 0 76 113 90 181 119 83 28 34 73 187 
144 83 115 80 89 155 62 72 37 96 198 173 167 66 174 88 43 34 152 174 169 23 124 68 169 26 50 184 142 0 125 52 180 153 188 55 110 198 141 
176 29 42 105 93 85 150 110 138 134 71 166 192 92 34 171 146 200 196 59 30 101 171 96 172 188 23 66 113 29 0 21 139 79 112 91 90 181 124 
170 112 102 78 157 177 179 156 149 40 128 142 182 32 44 103 26 146 41 136 146 170 117 179 34 40 36 34 184 193 148 0 158 87 182 27 53 175 148 
28 163 90 140 65 176 152 132 115 145 26 157 89 125 110 128 54 158 78 34 82 156 57 59 136 35 107 152 135 140 21 22 0 138 96 54 128 196 196 
77 26 25 118 32 152 159 101 184 36 119 166 45 64 107 20 117 120 154 83 148 24 159 22 129 133 34 43 120 149 138 179 67 0 147 92 80 101 183 
50 28 188 83 159 152 135 162 27 170 44 38 128 40 140 149 180 39 24 50 104 70 170 24 29 124 28 43 93 73 169 34 162 200 0 89 153 74 176 
136 145 87 61 148 168 59 136 70 73 92 171 88 51 67 50 73 29 46 181 159 188 138 76 120 120 68 137 55 185 174 109 46 74 114 0 31 198 113 
120 197 52 40 124 40 166 50 111 180 68 25 36 52 161 145 125 82 102 65 36 188 131 28 87 83 156 58 130 47 64 184 65 50 159 50 0 155 170 
195 124 26 115 95 85 20 29 151 161 39 67 144 94 76 174 55 200 74 45 55 195 29 33 64 135 63 53 62 184 160 109 39 54 148 127 49 0 25 
160 122 171 188 176 181 112 101 40 162 171 152 192 110 103 184 135 134 180 49 102 129 66 200 67 196 154 81 122 113 139 140 66 197 149 70 148 36 0 

t'''[i][j]=
0 199 59 58 124 131 109 23 164 91 115 161 197 175 82 155 
99 0 199 197 106 29 41 137 145 56 71 193 130 63 113 26 
128 137 0 55 48 164 37 79 135 138 186 75 120 191 165 106 
192 125 111 0 166 154 46 62 97 197 192 71 113 163 50 100 
83 194 159 20 0 43 139 55 108 88 47 122 80 139 53 44 
81 152 186 67 39 0 92 152 89 54 74 58 185 186 197 125 
155 131 67 69 38 137 0 180 108 56 192 179 168 200 21 180 
102 173 34 146 181 77 130 0 170 56 133 153 170 90 66 66 
51 189 69 102 110 191 133 140 0 33 192 123 199 91 192 49 
199 62 95 62 31 130 31 177 197 0 117 139 171 104 183 78 
191 69 147 178 69 107 150 94 59 44 0 49 24 36 133 164 
54 131 86 200 199 30 41 89 120 137 198 0 28 49 179 198 
187 68 196 158 91 141 40 142 92 26 43 113 0 81 163 54 
109 87 196 122 123 145 146 20 106 87 89 37 112 0 37 152 
82 135 133 133 147 106 145 170 181 86 51 139 183 30 0 104 
85 154 124 42 27 82 42 96 92 181 176 177 95 28 37 0 

d''[i][k]=
0 0 0 0 0 0 0 0 0 5 2 0 
0 0 0 0 0 0 0 0 0 6 0 0 
0 0 0 0 0 0 0 0 0 6 0 0 
0 0 0 0 0 0 0 0 2 4 0 0 
0 0 0 0 0 0 0 0 6 0 0 0 
0 0 0 0 0 0 0 0 7 0 0 0 
0 0 0 0 0 0 0 0 6 0 0 0 
0 0 0 0 0 0 0 0 6 0 0 0 
0 0 0 0 0 0 0 5 2 0 0 0 
0 0 0 0 0 0 1 4 0 0 0 0 
0 0 0 0 0 0 5 0 0 0 0 0 
0 0 0 0 0 0 5 0 0 0 0 0 
0 0 0 0 0 0 5 0 0 0 0 0 
0 0 0 0 0 3 2 0 0 0 0 0 
0 0 0 0 0 7 0 0 0 0 0 0 
0 0 0 0 2 5 0 0 0 0 0 0 
0 0 0 0 6 0 0 0 0 0 0 0 
0 0 0 0 6 0 0 0 0 0 0 0 
0 0 0 0 6 0 0 0 0 0 0 0 
0 0 6 0 0 0 0 0 0 0 0 0 
0 0 5 0 0 0 0 0 0 0 0 0 
0 0 5 0 0 0 0 0 0 0 0 0 
0 3 3 0 0 0 0 0 0 0 0 0 
0 6 0 0 0 0 0 0 0 0 0 0 
4 4 0 0 0 0 0 0 0 0 0 0 
8 0 0 0 0 0 0 0 0 0 0 0 
6 0 0 0 0 0 0 0 0 0 0 0 
7 0 0 0 0 0 0 0 0 0 0 0 
0 0 0 5 0 0 0 0 0 0 0 0 
0 0 4 1 0 0 0 0 0 0 0 0 
0 0 0 6 0 0 0 0 0 0 0 0 
0 0 0 0 0 0 0 7 0 0 0 0 
0 0 0 0 0 0 0 5 0 0 0 0 
0 0 0 0 0 0 0 7 0 0 0 0 
0 0 0 0 0 0 0 0 0 0 5 0 
0 0 0 0 0 0 0 0 0 0 3 4 
0 0 0 0 0 0 0 0 0 0 0 6 
0 0 0 0 0 0 0 0 0 0 6 0 

r''[i][k]=
0 0 0 0 0 0 0 0 0 0.75 1.22 0 
0 0 0 0 0 0 0 0 0 1.26 0 0 
0 0 0 0 0 0 0 0 0 1.5 0 0 
0 0 0 0 0 0 0 0 0.5 1.72 0 0 
0 0 0 0 0 0 0 0 0.6 0 0 0 
0 0 0 0 0 0 0 0 3.29 0 0 0 
0 0 0 0 0 0 0 0 0.42 0 0 0 
0 0 0 0 0 0 0 0 0.12 0 0 0 
0 0 0 0 0 0 0 0 0.04 0 0 0 
0 0 0 0 0 0 0.67 0.36 0 0 0 0 
0 0 0 0 0 0 0.75 0 0 0 0 0 
0 0 0 0 0 0 0.35 0 0 0 0 0 
0 0 0 0 0 0 0.45 0 0 0 0 0 
0 0 0 0 0 0.36 0.42 0 0 0 0 0 
0 0 0 0 0 1.12 0 0 0 0 0 0 
0 0 0 0 0 1.65 0 0 0 0 0 0 
0 0 0 0 1.62 0 0 0 0 0 0 0 
0 0 0 0 0.54 0 0 0 0 0 0 0 
0 0 0 0 1.62 0 0 0 0 0 0 0 
0 0 1.62 0 0 0 0 0 0 0 0 0 
0 0 3 0 0 0 0 0 0 0 0 0 
0 0 3.25 0 0 0 0 0 0 0 0 0 
0 0.78 1.98 0 0 0 0 0 0 0 0 0 
0 0.78 0 0 0 0 0 0 0 0 0 0 
0.12 2.44 0 0 0 0 0 0 0 0 0 0 
0.16 0 0 0 0 0 0 0 0 0 0 0 
1.98 0 0 0 0 0 0 0 0 0 0 0 
0.49 0 0 0 0 0 0 0 0 0 0 0 
0 0 0 1 0 0 0 0 0 0 0 0 
0 0 1.24 0.01 0 0 0 0 0 0 0 0 
0 0 0 3.72 0 0 0 0 0 0 0 0 
0 0 0 0 0 0 0 0.07 0 0 0 0 
0 0 0 0 0 0 0 2.7 0 0 0 0 
0 0 0 0 0 0 0 2.17 0 0 0 0 
0 0 0 0 0 0 0 0 0 0 3.25 0 
0 0 0 0 0 0 0 0 0 0 1.26 0 
0 0 0 0 0 0 0 0 0 0 0 0.66 
0 0 0 0 0 0 0 0 0 0 0.96 0 

p[k]=
0.01 0.02 0.04 0.03 0.03 0.03 0.03 0.02 0.03 0.02 0.02 0.05 

d'''[i][k]=
0 0 0 0 0 0 0 0 0 4 16 10 
0 0 0 0 0 0 0 0 0 5 0 0 
0 0 0 0 0 0 0 0 0 5 0 0 
0 0 0 0 0 0 0 0 0 5 0 0 
0 0 0 0 0 0 0 0 3 2 0 0 
0 0 0 0 0 0 0 0 5 0 0 0 
0 0 0 0 0 0 0 0 5 0 0 0 
0 0 0 0 0 0 0 0 5 0 0 0 
0 0 0 0 0 0 0 0 5 0 0 0 
0 0 0 0 0 0 0 4 6 0 0 0 
0 0 0 0 0 0 6 24 0 0 0 0 
0 0 0 0 3 15 12 0 0 0 0 0 
0 0 1 12 17 0 0 0 0 0 0 0 
0 8 22 0 0 0 0 0 0 0 0 0 
25 5 0 0 0 0 0 0 0 0 0 0 

r'''[i][k]=
0 0 0 0 0 0 0 0 0 1.16 8.16 8.2 
0 0 0 0 0 0 0 0 0 0.05 0 0 
0 0 0 0 0 0 0 0 0 0.6 0 0 
0 0 0 0 0 0 0 0 0 0.45 0 0 
0 0 0 0 0 0 0 0 1.98 0.02 0 0 
0 0 0 0 0 0 0 0 1.35 0 0 0 
0 0 0 0 0 0 0 0 0.75 0 0 0 
0 0 0 0 0 0 0 0 0.1 0 0 0 
0 0 0 0 0 0 0 0 4.55 0 0 0 
0 0 0 0 0 0 0 1.32 0.12 0 0 0 
0 0 0 0 0 0 0.06 2.16 0 0 0 0 
0 0 0 0 1.98 3.75 0.24 0 0 0 0 0 
0 0 0.01 3.36 1.19 0 0 0 0 0 0 0 
0 4.8 0.88 0 0 0 0 0 0 0 0 0 
10.25 2 0 0 0 0 0 0 0 0 0 0 
