|S|=4
|R|=6
|O|=5
|V|=10
q=70
c=1
Tmax=960
H=1000

e'[i][j]=
0 100 478 118 171 
300 0 353 459 473 
388 111 0 455 374 
192 112 515 0 285 
111 59 400 172 0 

e''[i][j]=
0 153 193 464 143 534 87 
92 0 158 119 101 459 393 
321 274 0 214 188 156 486 
124 381 64 0 483 384 395 
409 380 262 428 0 430 450 
514 259 268 161 72 0 515 
256 134 296 310 188 541 0 

e'''[i][j]=
0 294 463 441 291 190 
261 0 314 429 494 232 
253 58 0 520 243 525 
245 124 65 0 306 343 
90 145 368 227 0 541 
342 192 503 184 277 0 

t'[i][j]=
0 63 50 197 92 
135 0 131 181 40 
58 164 0 189 43 
53 111 36 0 148 
76 133 87 107 0 

t''[i][j]=
0 30 111 90 186 184 173 
125 0 117 167 109 68 136 
195 117 0 194 182 72 71 
200 40 58 0 40 49 77 
185 50 149 171 0 118 27 
182 39 154 161 99 0 139 
136 130 34 111 105 147 0 

t'''[i][j]=
0 120 135 175 58 159 
161 0 132 57 185 77 
135 146 0 22 158 25 
21 102 72 0 25 129 
124 153 139 20 0 127 
72 176 88 101 95 0 

d''[i][k]=
0 0 18 0 
0 0 18 0 
0 23 1 0 
19 4 0 0 
0 0 0 23 
0 0 4 15 

r''[i][k]=
0 0 0.36 0 
0 0 1.98 0 
0 3.45 0.16 0 
7.22 0.88 0 0 
0 0 0 2.99 
0 0 0.44 5.55 

p[k]=
0.02 0.03 0.02 0.02 

d'''[i][k]=
0 0 0 28 
0 0 5 10 
0 0 26 0 
0 18 10 0 
19 9 0 0 

r'''[i][k]=
0 0 0 4.48 
0 0 0.3 0.6 
0 0 0.52 0 
0 4.86 1.1 0 
1.33 0.45 0 0 
