|S|=7
|R|=23
|O|=10
|V|=20
q=150
c=1
Tmax=960
H=1000

e'[i][j]=
0 302 293 424 238 427 435 432 
254 0 325 241 294 64 463 181 
209 54 0 215 110 282 462 418 
235 151 105 0 211 480 127 420 
296 234 454 233 0 56 254 270 
367 128 111 446 280 0 54 363 
182 385 387 103 292 131 0 450 
301 419 103 371 167 377 420 0 

e''[i][j]=
0 266 253 321 289 404 399 463 361 402 455 163 225 374 461 254 105 52 90 159 277 236 401 94 
143 0 422 413 422 326 386 435 373 57 452 286 395 172 171 319 224 109 213 423 202 143 183 374 
60 101 0 321 479 356 307 412 184 369 152 202 53 190 421 128 300 147 384 394 192 147 244 236 
469 90 127 0 88 237 178 341 49 147 220 61 181 419 314 399 91 141 325 160 192 136 149 101 
63 410 109 187 0 134 440 268 360 388 480 206 427 229 195 330 427 173 118 303 146 416 188 274 
311 229 204 275 266 0 344 81 65 412 333 129 461 138 138 105 223 185 271 127 145 233 88 268 
321 400 166 143 478 377 0 450 389 316 420 215 366 124 389 313 120 121 380 62 238 210 450 288 
254 60 219 322 239 115 64 0 115 393 351 375 299 104 412 256 191 76 379 369 337 478 302 411 
289 248 94 408 382 161 149 378 0 261 163 375 187 442 253 240 232 403 460 347 249 476 194 68 
60 434 277 210 138 272 242 188 195 0 472 353 332 333 60 331 189 336 57 344 223 265 312 444 
165 176 421 175 182 113 318 73 99 291 0 453 102 84 125 371 281 300 114 459 64 214 464 431 
102 214 292 371 333 279 113 154 323 74 308 0 471 249 96 84 285 85 73 245 109 200 393 198 
377 160 437 440 264 125 290 283 443 434 260 197 0 454 150 332 446 240 102 156 328 303 427 122 
402 193 454 54 65 229 124 141 375 400 201 191 63 0 377 356 179 401 190 336 475 158 418 258 
387 416 320 206 251 145 352 360 297 381 279 288 286 181 0 298 155 314 193 196 432 368 137 370 
307 166 52 104 252 448 405 308 289 105 339 215 374 96 292 0 400 51 117 169 414 270 107 106 
232 122 381 317 286 393 160 383 249 443 270 162 130 400 283 316 0 206 75 124 407 203 83 268 
82 409 284 421 349 163 255 376 332 306 328 222 67 50 317 418 173 0 446 479 372 270 214 409 
338 52 286 218 251 429 404 287 466 196 96 195 272 253 369 391 259 234 0 408 357 479 273 440 
400 271 195 230 386 49 62 341 255 456 419 408 57 407 257 315 98 96 417 0 448 456 474 76 
360 281 307 366 255 271 259 296 117 261 88 466 97 143 104 308 396 301 338 155 0 85 380 65 
329 371 322 61 423 274 192 254 131 268 386 467 133 218 274 154 126 52 249 398 135 0 172 425 
160 412 333 139 478 265 344 56 433 480 472 148 323 53 338 348 328 328 405 296 161 89 0 204 
217 116 93 414 339 140 121 461 202 381 187 479 192 469 180 442 151 359 54 352 381 297 126 0 

e'''[i][j]=
0 237 60 446 58 335 196 330 362 362 260 
224 0 355 113 165 178 58 381 215 172 477 
66 470 0 298 434 426 474 148 242 438 455 
412 241 215 0 228 340 443 98 415 271 366 
390 480 64 277 0 347 433 245 397 365 269 
253 291 127 230 152 0 162 399 373 103 81 
190 290 202 236 176 360 0 403 69 428 328 
361 136 453 170 231 131 441 0 303 173 335 
57 317 329 437 257 136 236 93 0 213 326 
316 430 292 114 178 250 68 288 320 0 310 
461 55 142 229 220 390 227 414 184 469 0 

t'[i][j]=
0 27 68 79 68 30 74 51 
92 0 42 77 28 67 63 33 
35 71 0 58 58 64 71 97 
54 31 38 0 44 79 50 20 
54 61 55 24 0 32 83 60 
81 53 55 54 34 0 87 25 
40 42 60 90 58 28 0 38 
85 25 28 39 38 21 78 0 

t''[i][j]=
0 74 48 66 34 20 67 58 48 81 36 50 47 49 99 95 77 100 98 56 71 30 81 50 
76 0 54 56 35 57 26 96 21 92 78 95 68 73 54 31 79 73 50 78 39 71 80 93 
22 20 0 56 50 27 100 99 65 25 82 92 41 57 98 45 94 43 30 80 35 94 69 61 
53 69 22 0 86 87 69 88 36 59 67 62 96 96 61 69 43 94 68 77 56 92 67 28 
45 77 98 28 0 54 35 32 45 59 26 57 48 91 98 63 82 49 46 70 95 89 86 66 
69 91 49 37 30 0 63 58 65 25 30 40 43 100 94 58 65 74 77 57 87 25 85 50 
55 92 64 75 59 73 0 77 31 23 77 96 61 55 55 60 27 68 35 86 67 44 91 66 
35 30 79 40 37 99 60 0 46 81 89 57 69 84 60 39 89 88 62 20 78 28 85 27 
60 73 38 99 89 84 36 66 0 56 93 100 82 21 63 50 74 90 70 68 26 74 51 82 
72 23 61 76 62 41 42 22 20 0 38 83 21 97 99 64 59 68 45 89 87 65 57 87 
20 26 28 69 38 64 36 57 57 51 0 39 53 69 96 68 72 57 83 32 95 75 35 69 
24 34 92 31 76 21 91 44 98 93 52 0 37 38 28 39 62 94 42 92 98 51 93 66 
81 53 33 68 98 53 66 92 43 100 27 62 0 84 29 86 98 96 59 100 41 28 94 61 
57 71 40 67 64 65 44 91 69 53 75 46 48 0 84 52 61 61 80 20 88 36 79 36 
38 97 68 83 93 80 56 70 28 73 27 30 67 61 0 35 23 69 57 75 96 97 72 77 
63 50 51 68 83 84 26 30 29 85 80 42 92 25 28 0 62 31 90 52 80 40 72 33 
96 20 87 51 66 91 66 85 100 75 70 66 72 28 21 26 0 48 52 61 96 52 33 57 
79 42 75 80 21 61 23 91 45 22 45 94 63 99 45 36 51 0 50 35 100 39 95 42 
29 77 83 25 20 35 83 35 71 82 85 80 84 98 77 30 69 41 0 87 53 34 88 32 
84 95 90 38 60 26 79 98 95 63 71 39 33 67 36 23 53 86 51 0 91 48 94 85 
47 32 36 27 29 74 23 50 62 48 78 44 42 38 29 26 54 91 76 61 0 39 25 70 
43 68 93 80 42 26 68 46 24 64 70 43 31 53 57 88 52 50 96 80 99 0 55 64 
100 58 68 52 82 49 68 62 85 40 54 94 37 77 56 55 85 64 55 43 54 53 0 96 
26 33 58 88 61 73 85 50 91 37 58 91 20 98 100 25 20 62 85 69 48 67 71 0 

t'''[i][j]=
0 59 71 25 48 38 91 49 50 32 39 
95 0 70 43 64 75 40 98 62 52 44 
61 85 0 37 98 20 74 73 35 94 32 
67 53 73 0 84 23 94 80 54 89 63 
45 63 79 62 0 80 81 29 47 37 58 
72 70 32 100 35 0 47 93 28 77 33 
100 100 40 40 70 36 0 37 49 47 36 
65 27 30 38 59 72 81 0 29 53 21 
85 32 64 76 84 90 63 45 0 87 52 
74 68 84 88 31 37 63 24 65 0 61 
65 74 36 88 87 78 36 48 64 39 0 

d''[i][k]=
0 0 0 0 0 5 0 
0 0 0 0 0 5 0 
0 0 0 0 0 5 0 
0 0 0 0 2 3 0 
0 0 0 0 6 0 0 
0 0 0 0 5 0 0 
0 0 0 3 2 0 0 
0 0 0 5 0 0 0 
0 0 0 5 0 0 0 
0 0 0 5 0 0 0 
0 0 4 1 0 0 0 
0 0 5 0 0 0 0 
0 0 5 0 0 0 0 
0 0 5 0 0 0 0 
0 4 1 0 0 0 0 
0 5 0 0 0 0 0 
2 3 0 0 0 0 0 
5 0 0 0 0 0 0 
5 0 0 0 0 0 0 
0 0 0 0 0 0 5 
0 0 0 0 0 0 5 
0 0 0 0 0 0 5 
0 0 0 0 0 1 4 

r''[i][k]=
0 0 0 0 0 1.8 0 
0 0 0 0 0 1.9 0 
0 0 0 0 0 1.15 0 
0 0 0 0 0.32 0.39 0 
0 0 0 0 4.2 0 0 
0 0 0 0 1.9 0 0 
0 0 0 0.03 0.96 0 0 
0 0 0 2.2 0 0 0 
0 0 0 0.1 0 0 0 
0 0 0 0.6 0 0 0 
0 0 0.8 0.07 0 0 0 
0 0 0.3 0 0 0 0 
0 0 1.45 0 0 0 0 
0 0 3.5 0 0 0 0 
0 1.32 0.01 0 0 0 0 
0 0 0 0 0 0 0 
0.84 1.05 0 0 0 0 0 
0.75 0 0 0 0 0 0 
0.1 0 0 0 0 0 0 
0 0 0 0 0 0 0.65 
0 0 0 0 0 0 0.4 
0 0 0 0 0 0 1.9 
0 0 0 0 0 0.05 0.92 

p[k]=
0.04 0.01 0.01 0.04 0.02 0.03 0.03 

d'''[i][k]=
0 0 0 0 0 1 19 
0 0 0 0 0 5 0 
0 0 0 0 0 5 0 
0 0 0 0 0 5 0 
0 0 0 0 2 3 0 
0 0 0 0 5 0 0 
0 0 0 3 8 0 0 
0 0 4 16 0 0 0 
0 4 16 0 0 0 0 
12 8 0 0 0 0 0 

r'''[i][k]=
0 0 0 0 0 0.41 8.17 
0 0 0 0 0 1.7 0 
0 0 0 0 0 0.1 0 
0 0 0 0 0 1.6 0 
0 0 0 0 0.68 0.39 0 
0 0 0 0 0 0 0 
0 0 0 0.24 0.96 0 0 
0 0 1.36 5.28 0 0 0 
0 3.04 3.36 0 0 0 0 
0.12 1.76 0 0 0 0 0 
