|S|=4
|R|=6
|O|=5
|V|=10
q=70
c=1
Tmax=960
H=1000

e'[i][j]=
0 380 394 405 493 
430 0 338 176 357 
429 310 0 397 188 
359 453 522 0 263 
394 490 203 539 0 

e''[i][j]=
0 464 414 82 530 448 320 
298 0 294 65 546 408 447 
495 135 0 515 377 279 389 
451 552 523 0 389 397 464 
407 112 139 222 0 517 503 
306 391 141 540 323 0 495 
50 261 114 66 48 96 0 

e'''[i][j]=
0 276 499 289 392 386 
52 0 130 191 232 546 
442 440 0 180 158 123 
400 275 405 0 487 450 
448 118 519 417 0 255 
66 445 484 101 262 0 

t'[i][j]=
0 54 69 112 132 
188 0 138 102 75 
32 164 0 155 35 
128 192 179 0 33 
184 181 179 73 0 

t''[i][j]=
0 90 101 197 86 75 199 
99 0 199 132 71 141 198 
32 161 0 186 21 84 128 
136 68 114 0 44 131 127 
116 94 128 167 0 84 47 
171 160 182 56 82 0 194 
48 185 29 120 102 113 0 

t'''[i][j]=
0 171 102 27 86 174 
83 0 29 198 33 67 
32 60 0 157 72 129 
33 58 125 0 175 120 
177 58 82 31 0 169 
112 177 36 69 153 0 

d''[i][k]=
0 18 0 0 
19 2 0 0 
13 0 0 0 
12 0 0 0 
0 3 0 11 
0 0 11 3 

r''[i][k]=
0 1.98 0 0 
10.45 0.56 0 0 
5.33 0 0 0 
3 0 0 0 
0 0.9 0 5.94 
0 0 5.5 2.37 

p[k]=
0.01 0 0.02 0.03 

d'''[i][k]=
0 0 11 14 
0 10 0 0 
0 10 0 0 
19 3 0 0 
25 0 0 0 

r'''[i][k]=
0 0 2.09 2.38 
0 1.5 0 0 
0 0.7 0 0 
0.57 0.48 0 0 
1.75 0 0 0 
