|S|=4
|R|=6
|O|=5
|V|=10
q=70
c=1
Tmax=960
H=1000

e'[i][j]=
0 429 456 110 325 
487 0 262 483 193 
155 63 0 401 60 
209 435 119 0 56 
97 515 355 263 0 

e''[i][j]=
0 210 310 136 167 294 280 
426 0 386 411 485 91 228 
470 370 0 534 326 387 135 
52 269 504 0 496 424 448 
144 529 552 465 0 205 283 
153 408 126 100 238 0 472 
384 438 484 186 548 242 0 

e'''[i][j]=
0 272 77 281 552 92 
51 0 173 433 102 201 
232 320 0 76 422 292 
181 142 492 0 504 141 
240 139 266 326 0 230 
202 290 96 101 340 0 

t'[i][j]=
0 164 69 196 77 
151 0 54 53 165 
80 118 0 21 180 
42 197 78 0 173 
44 66 114 84 0 

t''[i][j]=
0 146 47 39 169 135 111 
72 0 163 198 186 65 144 
27 149 0 121 116 130 141 
60 41 92 0 196 72 39 
37 158 81 121 0 171 116 
99 67 61 144 62 0 119 
183 130 75 71 33 43 0 

t'''[i][j]=
0 132 155 133 188 175 
106 0 99 132 164 191 
40 169 0 40 140 23 
30 31 58 0 68 174 
44 73 181 131 0 177 
23 192 77 177 52 0 

d''[i][k]=
0 0 7 0 
0 4 12 0 
0 13 0 0 
5 12 0 0 
0 0 0 23 
0 0 24 0 

r''[i][k]=
0 0 2.31 0 
0 0.32 4.32 0 
0 0.39 0 0 
0.8 3.48 0 0 
0 0 0 0.23 
0 0 0.72 0 

p[k]=
0.03 0 0.04 0.02 

d'''[i][k]=
0 0 2 23 
0 0 25 0 
0 0 5 0 
0 9 11 0 
5 20 0 0 

r'''[i][k]=
0 0 0.16 0.46 
0 0 5.75 0 
0 0 0.6 0 
0 2.34 1.54 0 
0.65 1.2 0 0 
