|S|=12
|R|=38
|O|=15
|V|=30
q=150
c=1
Tmax=960
H=1000

e'[i][j]=
0 90 321 491 198 195 287 521 326 560 101 550 348 
278 0 202 299 66 164 439 76 455 265 205 255 469 
378 289 0 296 410 166 410 411 482 270 251 390 134 
194 213 255 0 361 481 419 552 413 361 72 401 87 
366 454 519 444 0 244 493 96 328 337 237 179 203 
104 332 249 388 457 0 65 278 413 314 173 288 109 
346 283 400 54 313 337 0 279 147 174 406 417 488 
218 546 181 556 171 217 126 0 223 111 304 182 511 
415 248 201 331 278 139 88 433 0 153 181 548 436 
429 226 234 198 391 185 155 242 175 0 478 86 155 
322 267 560 412 224 296 126 361 466 243 0 296 348 
405 169 212 380 431 355 291 396 58 89 370 0 166 
303 317 136 311 370 105 291 298 204 374 277 162 0 

e''[i][j]=
0 259 135 338 547 283 423 467 530 374 241 155 319 411 148 511 362 151 89 162 139 236 310 477 469 503 379 327 264 539 144 144 318 262 209 80 124 379 379 
48 0 258 293 328 148 359 368 213 326 81 122 49 401 343 170 240 291 439 130 537 509 494 237 402 479 150 53 317 136 521 431 308 293 142 239 545 208 106 
522 57 0 338 105 413 247 520 461 188 360 521 185 380 94 482 559 349 539 403 181 148 550 120 517 263 450 325 266 452 527 326 347 262 407 56 338 526 323 
236 517 332 0 484 217 244 550 247 393 143 155 329 330 337 422 406 446 116 147 211 370 239 133 348 423 118 381 267 287 475 307 370 487 210 484 167 377 376 
225 258 548 459 0 170 423 530 195 147 173 249 303 549 241 100 257 226 398 500 303 473 422 59 192 359 198 88 512 80 447 393 538 55 416 154 487 486 178 
412 239 252 551 111 0 103 109 556 560 430 62 153 50 262 118 232 364 414 52 416 106 483 178 460 557 519 361 177 237 455 68 474 483 511 516 78 129 319 
382 321 514 506 50 86 0 512 441 373 170 468 109 373 61 144 469 351 407 478 187 453 348 507 387 508 401 103 228 382 470 112 548 547 426 324 345 314 287 
512 475 134 374 431 264 53 0 322 423 392 226 207 270 252 512 49 233 414 211 417 267 500 147 308 164 435 469 247 387 195 435 308 398 381 288 368 462 71 
165 408 61 347 253 109 217 511 0 246 176 236 145 202 409 224 301 399 56 129 476 173 303 241 291 393 109 452 115 529 274 492 232 539 154 382 220 469 438 
85 58 205 189 257 126 244 167 164 0 55 369 454 343 118 236 560 137 341 248 151 247 546 392 517 67 535 199 288 177 171 407 501 208 275 53 301 168 544 
314 377 285 558 417 482 226 388 114 239 0 353 330 497 81 432 304 221 365 229 411 364 467 546 513 413 539 475 544 356 256 499 461 72 332 191 401 397 430 
519 218 321 147 260 207 179 290 437 479 154 0 223 363 396 95 429 268 68 509 461 498 284 375 228 221 411 150 406 112 162 422 184 180 144 59 183 280 270 
231 115 322 519 493 494 207 173 472 427 221 243 0 333 251 498 299 332 54 455 277 269 237 362 102 136 374 344 482 492 117 413 551 462 347 162 101 192 210 
113 134 234 315 509 408 399 402 193 255 193 500 464 0 509 357 509 250 131 110 196 545 247 235 56 401 250 268 103 48 122 516 249 89 459 493 508 54 112 
424 71 91 328 441 91 398 376 507 542 132 537 131 491 0 158 535 89 447 55 103 485 161 354 126 487 382 229 376 146 479 449 149 421 245 515 282 472 261 
206 475 403 498 201 247 384 386 257 356 493 456 423 452 101 0 457 275 49 325 84 558 148 52 123 120 57 382 84 55 513 398 97 118 166 129 161 183 547 
380 523 144 527 408 221 277 473 72 76 449 249 256 92 208 306 0 458 236 346 249 199 104 494 560 513 401 183 435 251 483 222 466 56 357 435 450 417 542 
350 499 280 381 194 220 157 265 478 209 55 397 195 230 375 373 371 0 377 279 410 254 267 262 395 72 331 510 483 80 453 73 85 549 168 202 330 208 455 
59 438 499 343 209 286 370 323 91 67 225 492 512 324 122 498 301 104 0 504 109 54 178 546 483 334 383 202 436 303 173 62 421 424 455 489 421 500 356 
300 399 196 484 352 91 370 146 292 201 64 313 100 213 206 125 533 83 148 0 134 122 162 514 405 299 433 270 149 497 551 407 396 244 485 96 409 110 118 
430 107 412 122 118 303 479 500 461 90 209 299 264 462 315 333 430 526 282 336 0 534 501 313 462 332 53 255 540 236 329 76 442 446 182 504 141 168 331 
219 132 369 273 508 531 399 215 241 281 265 554 60 363 94 313 137 474 202 430 129 0 121 51 559 76 327 403 61 178 315 389 483 440 496 557 423 181 256 
206 554 56 400 121 105 154 488 329 122 119 246 548 537 254 494 464 392 314 287 426 111 0 348 292 254 157 542 170 325 371 51 406 245 162 238 560 202 255 
82 95 329 285 407 143 518 154 502 486 513 259 511 399 72 404 527 519 506 116 254 66 106 0 423 512 392 529 518 267 141 430 534 229 238 480 324 471 408 
363 372 540 448 534 209 252 285 508 148 423 426 149 231 482 128 432 484 51 553 115 85 501 91 0 381 120 557 484 271 148 310 309 255 229 557 146 180 494 
114 115 260 502 520 94 547 146 177 430 512 112 126 63 387 135 64 185 249 435 493 74 302 451 185 0 148 201 507 528 151 495 60 261 206 434 160 72 185 
69 297 318 531 553 178 550 297 301 506 317 272 347 182 245 535 91 465 190 361 509 435 162 126 57 285 0 124 515 337 153 77 133 437 469 539 57 403 354 
334 447 153 66 448 99 98 64 153 437 345 273 547 525 257 94 52 206 428 394 498 338 513 417 417 444 443 0 124 522 331 115 203 299 338 67 220 173 187 
542 435 519 256 164 312 444 283 515 168 325 506 55 489 391 367 552 383 198 134 347 237 237 162 218 309 360 204 0 174 212 282 331 161 369 489 302 473 544 
258 411 158 360 243 200 114 134 97 57 351 176 329 179 357 541 262 339 86 324 52 441 438 217 511 531 545 359 245 0 292 156 523 301 165 560 337 481 415 
342 372 544 391 415 406 274 534 109 554 457 469 202 138 187 422 467 508 201 227 247 422 69 68 458 464 444 133 445 60 0 390 196 462 428 88 206 542 249 
167 347 438 493 199 306 192 546 224 248 296 174 553 288 92 477 124 503 75 451 54 497 392 397 348 369 167 94 216 194 383 0 505 254 483 422 106 237 394 
549 123 313 384 320 123 58 274 74 54 144 274 207 153 403 256 467 99 295 465 508 67 278 442 297 399 396 444 540 229 497 231 0 511 457 119 521 241 49 
137 180 217 151 260 388 280 389 166 119 467 116 179 207 164 332 470 533 462 89 91 316 490 143 233 525 72 345 364 62 262 479 91 0 305 50 91 261 382 
158 345 539 127 325 378 446 253 291 254 442 202 358 441 417 304 309 309 282 467 152 137 296 161 265 241 70 394 267 224 85 506 273 186 0 105 363 90 462 
126 302 405 288 163 513 436 505 137 248 494 424 504 296 224 537 127 536 445 173 559 338 549 406 354 457 370 297 407 316 505 525 473 496 437 0 280 525 475 
124 63 295 150 411 350 200 342 257 130 248 94 286 164 292 476 274 449 519 320 345 313 277 456 123 93 467 90 140 101 350 234 230 552 385 324 0 210 216 
203 399 210 393 401 363 284 556 67 235 108 507 436 365 369 126 517 557 354 178 379 455 273 497 370 363 506 138 189 213 409 160 559 177 377 424 166 0 148 
465 123 532 287 336 367 257 360 72 384 259 143 344 485 408 477 472 189 193 360 427 518 509 478 138 491 173 94 245 124 272 205 458 297 517 292 492 273 0 

e'''[i][j]=
0 87 484 313 346 161 494 233 287 414 231 521 124 498 185 398 
525 0 365 459 385 180 493 200 276 246 61 103 408 466 403 543 
528 412 0 122 148 499 438 388 161 517 223 325 239 379 99 390 
198 243 442 0 329 389 409 554 453 449 376 492 76 277 526 285 
162 56 54 214 0 491 102 187 348 157 207 342 183 291 491 105 
200 146 445 75 357 0 158 311 131 530 451 342 440 72 179 215 
513 377 376 180 81 48 0 229 171 201 475 422 217 357 148 321 
515 73 527 263 358 450 270 0 164 109 513 480 325 280 85 89 
521 286 133 512 60 523 266 227 0 333 135 429 500 91 547 541 
357 247 217 218 213 94 180 274 0 0 194 192 436 147 275 544 
429 488 173 60 60 367 217 386 450 512 0 282 418 173 127 299 
419 370 48 165 492 517 477 312 292 273 545 0 490 523 488 372 
404 120 177 172 97 95 218 479 197 485 102 285 0 407 243 86 
55 404 124 510 369 265 289 137 479 430 504 70 73 0 416 168 
172 421 96 484 314 506 253 435 431 482 360 88 187 319 0 491 
526 145 345 170 387 553 137 108 162 436 202 418 281 196 444 0 

t'[i][j]=
0 198 102 122 184 97 115 108 60 72 40 120 130 
61 0 159 172 45 123 93 72 84 115 193 196 146 
105 181 0 32 125 23 139 141 121 85 21 124 200 
121 196 170 0 170 194 67 42 63 111 20 193 48 
52 157 69 174 0 151 49 184 190 31 166 85 81 
160 97 150 41 43 0 173 153 110 86 48 60 71 
175 94 155 118 61 130 0 96 55 90 180 177 150 
192 95 135 182 81 163 24 0 93 111 129 194 93 
65 99 84 79 136 58 159 199 0 177 137 142 70 
161 103 200 62 63 44 108 90 75 0 33 136 169 
115 35 139 103 104 196 73 153 108 61 0 136 110 
54 107 140 124 199 143 24 30 31 137 180 0 199 
111 30 66 96 173 37 147 65 129 92 34 179 0 

t''[i][j]=
0 27 114 69 153 81 181 83 190 142 170 149 159 179 48 145 97 170 44 70 199 62 36 140 26 59 104 195 24 154 27 187 135 59 51 146 24 91 142 
141 0 51 50 122 169 98 148 22 192 88 68 50 152 34 150 172 155 198 165 186 145 98 146 169 186 153 123 29 25 115 89 23 167 27 129 75 67 170 
23 77 0 147 154 149 181 41 179 192 57 68 52 87 188 85 161 153 85 200 55 51 65 102 194 21 139 30 91 80 86 198 34 90 132 67 31 175 141 
98 52 73 0 78 147 153 74 187 135 175 168 46 194 174 154 58 147 21 164 163 38 133 21 194 87 57 49 115 69 189 93 144 97 92 106 34 120 38 
126 161 160 195 0 72 142 84 95 46 82 172 97 114 182 118 126 102 185 76 70 29 124 197 109 154 96 60 76 83 106 87 92 87 181 92 175 173 49 
172 36 108 86 55 0 197 133 136 94 29 39 194 23 82 120 46 93 90 65 81 69 28 143 191 189 49 30 194 99 67 106 97 75 186 190 47 132 20 
176 163 90 162 82 86 0 124 151 144 169 162 187 102 152 175 184 144 193 25 45 185 148 119 45 146 193 127 31 64 57 98 195 106 40 191 67 171 160 
146 164 49 129 29 111 184 0 56 39 95 98 24 145 144 102 107 135 140 39 142 53 35 182 38 182 63 182 75 122 163 102 34 46 62 180 84 63 58 
68 150 27 63 55 143 165 158 0 170 56 121 44 183 56 46 153 100 87 163 36 85 94 196 144 50 95 33 25 133 111 88 53 93 125 167 113 197 186 
59 170 110 176 65 176 151 135 21 0 158 137 94 124 53 60 35 86 136 103 25 22 40 70 60 116 81 28 68 153 135 36 139 145 20 185 120 145 100 
103 145 191 175 156 130 81 21 161 116 0 25 121 170 117 40 74 69 120 169 30 87 101 114 78 84 136 129 158 82 125 173 186 168 108 183 171 89 154 
174 42 108 149 147 178 162 48 33 23 118 0 132 26 110 137 119 99 38 47 64 33 157 71 125 165 81 25 111 134 57 98 151 64 182 93 182 187 164 
93 119 164 188 145 93 190 144 148 123 88 170 0 145 127 145 159 30 69 68 150 181 186 27 113 33 42 185 136 163 90 107 147 117 163 143 105 163 137 
99 28 199 65 192 192 149 54 118 106 62 123 96 0 134 122 28 110 186 22 191 42 45 102 117 35 137 30 198 96 120 88 61 170 198 77 85 33 35 
32 44 166 54 86 120 175 49 165 112 134 36 34 32 0 186 188 96 173 107 191 192 48 110 28 67 168 42 198 60 72 63 144 44 147 35 59 143 160 
83 102 35 154 165 54 117 122 59 83 186 52 113 148 66 0 114 99 58 82 29 170 113 126 26 40 110 152 42 180 181 190 77 153 113 57 27 143 49 
183 27 41 24 124 140 151 36 182 141 82 188 40 75 166 88 0 90 85 164 198 121 157 50 101 152 200 111 165 135 88 164 122 151 62 46 193 102 185 
22 195 96 65 141 81 22 139 103 136 90 29 65 28 48 53 171 0 142 154 187 43 135 128 32 88 71 160 106 53 44 148 107 200 175 107 148 158 41 
153 136 171 22 151 60 196 150 88 36 186 21 62 106 55 56 96 50 0 63 35 150 98 165 191 54 172 89 44 51 52 152 140 131 81 174 196 135 158 
51 140 82 155 162 143 113 120 185 132 71 100 181 54 151 90 112 117 128 0 185 143 23 82 112 38 116 143 120 150 140 128 151 127 117 57 72 108 82 
144 39 103 68 96 137 193 59 90 192 40 23 152 98 136 37 200 42 167 120 0 191 171 165 143 141 153 150 147 147 21 134 37 90 38 187 74 29 41 
34 87 41 53 192 177 171 98 117 37 34 93 198 127 155 68 81 106 59 177 99 0 132 134 172 171 76 51 86 182 129 185 165 33 117 127 127 67 173 
100 42 152 49 141 162 24 58 106 38 20 46 127 54 165 184 103 43 200 162 139 115 0 81 97 31 114 133 198 174 65 125 78 178 197 75 33 57 86 
184 84 134 167 65 102 160 32 163 88 142 56 100 79 72 68 87 146 166 132 197 49 41 0 79 174 120 73 78 160 150 66 100 63 187 146 61 138 189 
40 134 155 56 190 167 45 178 33 43 36 26 39 36 189 28 173 49 37 46 38 25 23 60 0 127 90 104 56 94 170 198 187 115 139 110 47 89 37 
139 136 119 132 133 72 22 49 62 104 76 105 110 156 169 113 66 187 31 132 25 171 158 28 97 0 114 45 181 24 172 30 121 192 113 116 200 137 90 
174 111 59 138 35 179 160 160 148 135 193 108 198 195 146 187 46 172 94 58 93 132 21 98 169 83 0 80 139 165 149 44 65 113 52 29 80 48 176 
151 93 41 45 187 68 138 80 74 29 118 77 69 113 73 72 198 89 161 181 93 149 53 85 47 196 44 0 34 167 36 184 129 179 186 87 25 100 94 
61 38 152 43 100 85 82 74 169 199 60 126 112 59 123 116 106 131 42 25 142 178 198 86 175 27 179 155 0 192 169 91 130 27 33 153 87 73 60 
118 22 84 23 167 188 55 43 97 65 199 85 56 38 46 70 33 30 56 75 94 54 45 55 139 186 29 178 168 0 76 50 41 106 75 180 41 55 63 
87 184 46 155 92 60 114 26 172 109 100 129 175 123 170 111 101 52 55 79 62 41 150 94 66 83 143 100 158 193 0 120 64 92 196 110 150 116 173 
148 177 150 148 102 62 142 27 50 134 122 55 119 88 117 34 46 81 135 139 116 157 63 37 37 137 198 64 142 85 186 0 45 87 117 54 23 145 59 
179 38 185 154 150 88 97 119 43 83 31 37 79 110 72 130 23 61 124 200 58 200 135 151 92 185 171 143 35 90 54 164 0 69 146 56 80 168 71 
43 24 188 54 165 84 104 111 134 187 195 36 169 182 115 124 77 183 78 98 59 62 164 89 195 134 155 181 194 107 129 119 183 0 197 167 73 107 193 
108 119 177 74 77 188 169 59 58 160 84 175 196 129 132 91 31 174 118 77 51 197 57 175 165 140 90 190 21 98 159 26 192 61 0 34 38 51 40 
188 133 27 104 37 196 174 59 182 192 74 134 38 100 31 195 121 53 62 46 81 187 159 171 32 80 63 173 23 132 74 152 99 189 76 0 65 94 20 
121 31 111 58 22 56 55 87 189 156 165 31 195 36 99 168 28 180 191 69 128 74 133 106 76 186 20 109 36 58 139 159 91 28 144 105 0 156 118 
192 140 116 92 167 83 113 125 179 175 146 32 136 82 71 195 135 26 50 69 27 138 130 88 104 94 166 72 104 200 28 164 147 33 196 150 37 0 129 
113 195 114 97 91 38 134 140 151 93 103 126 114 88 20 42 26 58 159 179 95 22 155 45 165 192 73 91 32 163 193 124 196 56 24 140 20 83 0 

t'''[i][j]=
0 73 66 53 128 151 41 156 71 195 56 184 37 109 185 167 
22 0 144 122 85 90 77 90 199 90 162 25 114 123 172 104 
149 61 0 58 78 121 57 40 98 187 22 26 70 41 47 72 
175 102 41 0 55 185 189 153 108 199 176 59 85 155 128 190 
127 70 88 73 0 169 158 128 33 42 164 31 125 153 168 63 
48 179 191 145 32 0 20 181 82 77 27 75 77 81 199 21 
58 27 73 142 88 172 0 172 107 195 99 104 45 177 66 97 
123 197 193 41 65 196 120 0 88 164 180 22 180 59 100 120 
141 107 87 120 27 30 185 182 0 161 68 162 92 120 145 71 
53 130 151 198 92 169 161 196 35 0 49 21 32 155 65 168 
66 177 72 105 116 43 179 41 159 177 0 84 105 144 176 187 
197 102 165 95 128 142 48 104 82 31 59 0 94 188 78 51 
188 117 167 169 170 44 156 72 180 71 82 45 0 39 182 45 
73 140 22 122 150 164 151 118 27 105 42 41 161 0 48 186 
136 60 132 130 135 175 120 187 147 69 115 95 26 22 0 26 
54 154 44 115 23 22 141 94 178 20 52 60 145 73 50 0 

d''[i][k]=
0 0 0 0 0 0 0 0 0 0 2 4 
0 0 0 0 0 0 0 0 0 0 7 0 
0 0 0 0 0 0 0 0 0 4 5 0 
0 0 0 0 0 0 0 0 0 7 0 0 
0 0 0 0 0 0 0 0 6 0 0 0 
0 0 0 0 0 0 0 0 7 0 0 0 
0 0 0 0 0 0 0 0 5 0 0 0 
0 0 0 0 0 0 0 2 5 0 0 0 
0 0 0 0 0 0 1 6 0 0 0 0 
0 0 0 0 0 3 4 0 0 0 0 0 
0 0 0 0 0 9 0 0 0 0 0 0 
0 0 0 0 0 6 0 0 0 0 0 0 
0 0 0 0 0 6 0 0 0 0 0 0 
0 0 0 0 0 5 0 0 0 0 0 0 
0 0 0 0 6 1 0 0 0 0 0 0 
0 0 0 0 6 0 0 0 0 0 0 0 
0 0 0 0 7 0 0 0 0 0 0 0 
0 0 0 0 8 0 0 0 0 0 0 0 
0 0 0 8 0 0 0 0 0 0 0 0 
0 0 0 6 0 0 0 0 0 0 0 0 
0 0 2 3 0 0 0 0 0 0 0 0 
0 0 7 0 0 0 0 0 0 0 0 0 
0 8 0 0 0 0 0 0 0 0 0 0 
0 5 0 0 0 0 0 0 0 0 0 0 
0 8 0 0 0 0 0 0 0 0 0 0 
7 3 0 0 0 0 0 0 0 0 0 0 
6 0 0 0 0 0 0 0 0 0 0 0 
7 0 0 0 0 0 0 0 0 0 0 0 
0 0 0 7 0 0 0 0 0 0 0 0 
0 0 0 5 0 0 0 0 0 0 0 0 
0 0 7 0 0 0 0 0 0 0 0 0 
0 0 0 0 0 0 0 8 0 0 0 0 
0 0 0 0 0 0 0 6 0 0 0 0 
0 0 0 0 0 0 0 7 0 0 0 0 
0 0 0 0 0 0 0 0 0 0 0 7 
0 0 0 0 0 0 0 0 0 0 0 8 
0 0 0 0 0 0 0 0 0 0 9 0 
0 0 0 0 0 0 0 0 0 0 0 8 

r''[i][k]=
0 0 0 0 0 0 0 0 0 0 0.08 1.52 
0 0 0 0 0 0 0 0 0 0 2.94 0 
0 0 0 0 0 0 0 0 0 3.28 0.15 0 
0 0 0 0 0 0 0 0 0 0.63 0 0 
0 0 0 0 0 0 0 0 3.3 0 0 0 
0 0 0 0 0 0 0 0 1.26 0 0 0 
0 0 0 0 0 0 0 0 0.85 0 0 0 
0 0 0 0 0 0 0 0.6 1.9 0 0 0 
0 0 0 0 0 0 0.12 0.48 0 0 0 0 
0 0 0 0 0 0.9 0.68 0 0 0 0 0 
0 0 0 0 0 3.06 0 0 0 0 0 0 
0 0 0 0 0 1.86 0 0 0 0 0 0 
0 0 0 0 0 0 0 0 0 0 0 0 
0 0 0 0 0 1.85 0 0 0 0 0 0 
0 0 0 0 1.26 0.06 0 0 0 0 0 0 
0 0 0 0 0.24 0 0 0 0 0 0 0 
0 0 0 0 2.8 0 0 0 0 0 0 0 
0 0 0 0 1.12 0 0 0 0 0 0 0 
0 0 0 1.6 0 0 0 0 0 0 0 0 
0 0 0 3.18 0 0 0 0 0 0 0 0 
0 0 0.7 0.33 0 0 0 0 0 0 0 0 
0 0 0.35 0 0 0 0 0 0 0 0 0 
0 6.96 0 0 0 0 0 0 0 0 0 0 
0 1.6 0 0 0 0 0 0 0 0 0 0 
0 5.76 0 0 0 0 0 0 0 0 0 0 
1.33 0.69 0 0 0 0 0 0 0 0 0 0 
0.24 0 0 0 0 0 0 0 0 0 0 0 
3.29 0 0 0 0 0 0 0 0 0 0 0 
0 0 0 0.07 0 0 0 0 0 0 0 0 
0 0 0 0.75 0 0 0 0 0 0 0 0 
0 0 0.21 0 0 0 0 0 0 0 0 0 
0 0 0 0 0 0 0 1.92 0 0 0 0 
0 0 0 0 0 0 0 1.2 0 0 0 0 
0 0 0 0 0 0 0 1.26 0 0 0 0 
0 0 0 0 0 0 0 0 0 0 0 1.05 
0 0 0 0 0 0 0 0 0 0 0 2.4 
0 0 0 0 0 0 0 0 0 0 7.83 0 
0 0 0 0 0 0 0 0 0 0 0 1.28 

p[k]=
0 0.05 0.05 0.01 0.04 0.03 0.02 0.03 0.03 0.04 0.01 0.05 

d'''[i][k]=
0 0 0 0 0 0 0 0 0 0 3 27 
0 0 0 0 0 0 0 0 0 10 20 0 
0 0 0 0 0 0 0 0 4 1 0 0 
0 0 0 0 0 0 0 0 5 0 0 0 
0 0 0 0 0 0 0 0 5 0 0 0 
0 0 0 0 0 0 0 0 5 0 0 0 
0 0 0 0 0 0 0 1 4 0 0 0 
0 0 0 0 0 0 0 5 0 0 0 0 
0 0 0 0 0 0 0 5 0 0 0 0 
0 0 0 0 0 0 1 18 0 0 0 0 
0 0 0 0 0 26 4 0 0 0 0 0 
0 0 0 0 26 4 0 0 0 0 0 0 
0 0 0 29 1 0 0 0 0 0 0 0 
0 14 16 0 0 0 0 0 0 0 0 0 
20 10 0 0 0 0 0 0 0 0 0 0 

r'''[i][k]=
0 0 0 0 0 0 0 0 0 0 1.05 1.35 
0 0 0 0 0 0 0 0 0 3.5 2.4 0 
0 0 0 0 0 0 0 0 1.16 0.19 0 0 
0 0 0 0 0 0 0 0 0.05 0 0 0 
0 0 0 0 0 0 0 0 0.4 0 0 0 
0 0 0 0 0 0 0 0 3.9 0 0 0 
0 0 0 0 0 0 0 0.01 0.32 0 0 0 
0 0 0 0 0 0 0 1.05 0 0 0 0 
0 0 0 0 0 0 0 3.05 0 0 0 0 
0 0 0 0 0 0 0.05 2.7 0 0 0 0 
0 0 0 0 0 3.12 0.48 0 0 0 0 0 
0 0 0 0 16.9 0.12 0 0 0 0 0 0 
0 0 0 8.41 0.2 0 0 0 0 0 0 0 
0 3.36 5.76 0 0 0 0 0 0 0 0 0 
1.2 2 0 0 0 0 0 0 0 0 0 0 
