|S|=7
|R|=23
|O|=10
|V|=20
q=150
c=1
Tmax=960
H=1000

e'[i][j]=
0 77 199 123 104 308 250 320 
169 0 208 219 458 282 182 438 
168 405 0 55 62 70 467 57 
279 225 367 0 402 185 331 262 
101 398 349 330 0 421 124 370 
469 445 112 204 121 0 190 468 
224 222 423 294 85 332 0 281 
70 310 397 205 183 241 473 0 

e''[i][j]=
0 254 200 91 397 457 188 90 121 296 204 227 249 112 226 166 434 296 153 380 210 387 210 165 
165 0 50 59 392 255 128 233 246 118 225 87 398 104 401 88 245 474 80 250 173 118 309 226 
62 296 0 167 459 144 397 268 54 279 390 142 79 251 51 231 470 306 266 396 104 407 143 164 
188 430 60 0 462 447 476 341 432 273 249 243 469 409 407 101 447 376 453 310 149 395 349 470 
266 451 402 408 0 285 320 292 342 309 186 218 370 258 83 478 223 470 153 257 363 372 68 230 
119 89 162 282 447 0 450 140 211 190 145 262 124 391 115 399 455 294 367 209 417 149 56 129 
89 169 420 453 71 356 0 227 443 266 312 245 464 326 326 318 263 111 417 243 171 442 464 349 
192 55 150 128 286 281 264 0 327 401 139 433 278 208 106 436 314 375 362 336 309 445 313 263 
273 308 364 154 119 198 77 422 0 249 348 359 67 347 292 471 434 340 274 472 426 125 342 158 
130 455 406 381 330 446 276 251 352 0 227 305 319 343 378 121 65 149 282 150 227 149 136 281 
385 427 430 108 202 236 224 154 101 447 0 278 449 264 116 218 248 438 94 459 70 124 173 72 
316 441 364 170 162 310 202 196 440 477 386 0 92 119 183 146 353 76 402 211 447 416 400 139 
344 457 145 238 186 476 410 97 56 385 357 389 0 430 71 371 417 457 228 87 128 419 80 433 
326 156 215 374 307 142 333 417 338 300 322 63 321 0 329 126 189 132 323 439 241 457 463 256 
158 365 314 431 379 354 459 65 321 432 424 461 253 97 0 283 381 402 87 353 159 318 249 197 
116 395 347 118 105 81 192 460 234 204 264 406 51 190 453 0 345 269 285 326 268 261 374 203 
236 294 251 63 311 444 290 296 163 276 268 375 108 445 398 194 0 449 180 92 434 368 194 392 
395 56 435 328 414 404 227 393 329 302 474 53 154 325 272 472 86 0 388 266 417 479 368 147 
396 378 367 81 321 416 150 86 234 364 60 414 363 232 399 159 234 352 0 448 268 374 160 398 
414 143 421 89 140 378 76 387 403 344 70 261 172 444 217 207 169 431 253 0 134 97 277 456 
245 259 467 192 380 160 178 480 150 157 402 73 334 353 212 379 299 228 327 188 0 174 396 408 
228 113 131 191 160 162 389 326 437 120 227 90 252 118 393 78 148 301 463 381 94 0 314 64 
105 137 353 219 373 345 102 138 441 117 121 207 199 164 157 315 297 425 313 420 395 113 0 303 
51 383 349 265 362 445 379 107 350 385 136 119 196 448 392 122 192 97 202 348 163 342 412 0 

e'''[i][j]=
0 60 423 131 198 186 322 282 208 375 461 
463 0 241 231 68 350 307 399 275 456 310 
277 305 0 364 266 155 58 339 428 211 325 
157 450 367 0 466 203 120 441 453 164 63 
435 97 158 295 0 375 210 88 396 56 334 
347 315 261 444 391 0 70 276 399 416 249 
298 445 108 286 112 118 0 64 64 86 138 
238 298 371 173 136 185 317 0 398 277 352 
241 380 204 346 367 169 101 313 0 69 458 
53 89 67 378 354 348 230 351 203 0 117 
357 398 461 241 406 62 422 391 370 121 0 

t'[i][j]=
0 77 20 48 96 76 33 53 
57 0 99 70 51 47 41 83 
37 94 0 24 71 63 26 36 
64 76 51 0 67 60 98 94 
43 43 43 32 0 94 33 75 
90 62 38 23 41 0 84 89 
53 51 41 26 61 67 0 73 
46 80 98 97 42 92 23 0 

t''[i][j]=
0 60 69 44 64 23 31 47 45 86 38 43 62 64 95 44 72 62 88 94 80 60 74 27 
93 0 25 27 77 41 60 89 99 73 67 86 25 57 94 50 79 59 34 45 69 97 37 47 
94 25 0 77 90 41 32 49 31 81 20 42 86 59 69 28 96 41 31 69 40 43 34 47 
21 83 51 0 72 87 78 20 53 38 37 89 71 73 75 40 67 38 70 44 89 95 50 40 
97 26 63 41 0 35 89 52 20 68 47 30 40 48 69 21 59 62 93 85 74 67 21 50 
58 84 42 35 93 0 51 69 68 61 75 95 65 60 78 55 71 87 66 87 37 24 60 76 
70 41 49 43 32 65 0 96 79 34 80 80 97 20 77 35 21 64 55 36 89 75 21 21 
33 86 79 80 42 62 53 0 91 45 27 72 83 71 36 82 95 22 88 87 41 62 64 73 
96 43 21 56 20 46 34 70 0 31 89 77 49 53 68 36 31 37 69 61 83 89 60 56 
27 60 21 57 30 37 71 37 35 0 78 24 53 63 60 30 67 88 41 69 53 88 30 64 
67 22 79 62 78 21 34 59 81 91 0 51 81 77 30 91 84 70 24 52 61 31 62 41 
97 70 31 91 24 86 63 62 38 74 75 0 84 87 76 26 94 76 53 25 83 67 38 72 
34 26 63 84 86 39 81 92 70 63 22 34 0 20 60 90 83 35 99 40 31 49 88 60 
41 34 26 75 58 71 98 76 94 29 48 20 57 0 73 92 90 77 37 40 23 89 56 83 
81 62 22 48 37 54 97 66 88 63 44 81 45 89 0 32 54 79 72 31 22 82 75 82 
78 58 30 95 80 88 30 87 38 87 91 74 28 43 55 0 97 47 35 97 41 76 32 32 
32 74 57 39 85 73 75 78 68 25 83 62 64 97 93 100 0 57 30 23 20 29 87 84 
86 66 67 23 52 90 28 23 55 42 89 68 53 30 43 65 95 0 74 69 72 54 58 38 
57 55 69 76 61 67 82 47 86 87 44 36 34 93 67 25 89 80 0 61 82 61 82 55 
38 62 97 55 35 55 34 89 26 26 22 40 82 28 84 72 96 70 89 0 89 87 74 54 
77 46 61 31 40 39 97 62 28 59 52 47 72 56 32 41 100 93 35 28 0 56 60 90 
35 87 83 97 20 28 96 25 45 69 21 91 32 77 25 33 65 68 59 83 34 0 35 58 
22 39 83 71 32 22 36 89 95 48 88 83 34 45 32 100 33 71 98 93 25 37 0 30 
72 55 45 85 96 41 50 57 46 95 70 26 48 32 96 30 87 45 60 78 81 50 55 0 

t'''[i][j]=
0 53 45 94 81 26 35 98 60 88 20 
59 0 52 57 70 53 91 25 23 90 65 
51 47 0 42 96 75 34 98 79 61 64 
48 47 96 0 44 65 73 71 52 95 86 
78 97 80 97 0 97 45 48 100 66 36 
54 69 79 69 30 0 62 49 85 62 51 
99 51 77 70 76 63 0 58 68 52 82 
96 92 68 99 74 58 93 0 62 43 62 
27 94 51 95 31 74 86 78 0 80 53 
33 81 91 36 66 27 24 79 96 0 74 
87 76 29 53 31 82 64 29 93 20 0 

d''[i][k]=
0 0 0 0 0 1 4 
0 0 0 0 0 5 0 
0 0 0 0 0 5 0 
0 0 0 0 3 2 0 
0 0 0 0 5 0 0 
0 0 0 0 6 0 0 
0 0 0 0 5 0 0 
0 0 0 6 0 0 0 
0 0 0 5 0 0 0 
0 0 0 5 0 0 0 
0 0 3 3 0 0 0 
0 0 6 0 0 0 0 
0 0 5 0 0 0 0 
0 3 2 0 0 0 0 
0 5 0 0 0 0 0 
1 4 0 0 0 0 0 
5 0 0 0 0 0 0 
5 0 0 0 0 0 0 
5 0 0 0 0 0 0 
0 0 0 0 0 0 5 
0 0 0 0 0 0 5 
0 0 0 0 0 5 0 
0 0 0 0 0 0 5 

r''[i][k]=
0 0 0 0 0 0.02 0.32 
0 0 0 0 0 0.45 0 
0 0 0 0 0 2.45 0 
0 0 0 0 0.09 0.22 0 
0 0 0 0 0.55 0 0 
0 0 0 0 0.72 0 0 
0 0 0 0 1.8 0 0 
0 0 0 1.5 0 0 0 
0 0 0 0.35 0 0 0 
0 0 0 3.9 0 0 0 
0 0 0.09 1.47 0 0 0 
0 0 2.16 0 0 0 0 
0 0 2.5 0 0 0 0 
0 1.74 0.88 0 0 0 0 
0 2.15 0 0 0 0 0 
0.05 0.64 0 0 0 0 0 
0.1 0 0 0 0 0 0 
1.3 0 0 0 0 0 0 
0.25 0 0 0 0 0 0 
0 0 0 0 0 0 1 
0 0 0 0 0 0 0.25 
0 0 0 0 0 0.25 0 
0 0 0 0 0 0 0.6 

p[k]=
0.03 0.03 0.02 0.04 0.04 0.05 0.03 

d'''[i][k]=
0 0 0 0 0 1 19 
0 0 0 0 0 5 0 
0 0 0 0 0 5 0 
0 0 0 0 0 5 0 
0 0 0 0 3 2 0 
0 0 0 0 5 0 0 
0 0 0 3 11 0 0 
0 0 4 16 0 0 0 
0 8 12 0 0 0 0 
16 4 0 0 0 0 0 

r'''[i][k]=
0 0 0 0 0 0.34 8.17 
0 0 0 0 0 0.85 0 
0 0 0 0 0 2 0 
0 0 0 0 0 1.45 0 
0 0 0 0 0.99 0.02 0 
0 0 0 0 0.95 0 0 
0 0 0 0.36 0.88 0 0 
0 0 2.24 0.32 0 0 0 
0 0.32 2.28 0 0 0 0 
0.48 0.68 0 0 0 0 0 
