|S|=4
|R|=6
|O|=5
|V|=10
q=70
c=1
Tmax=960
H=1000

e'[i][j]=
0 522 296 263 439 
528 0 151 78 237 
393 48 0 370 51 
288 250 435 0 55 
95 77 268 58 0 

e''[i][j]=
0 87 388 490 434 110 455 
364 0 358 326 510 273 320 
226 442 0 195 186 158 261 
552 325 51 0 104 125 115 
149 510 481 528 0 59 257 
253 409 149 366 452 0 148 
254 119 455 328 358 445 0 

e'''[i][j]=
0 75 503 319 295 489 
59 0 534 150 514 357 
476 53 0 213 313 90 
60 312 82 0 107 380 
303 346 439 388 0 141 
406 466 398 398 275 0 

t'[i][j]=
0 123 33 159 122 
190 0 35 100 177 
78 105 0 56 121 
156 183 165 0 82 
131 59 75 171 0 

t''[i][j]=
0 189 159 134 100 104 40 
119 0 148 50 176 179 150 
90 43 0 126 114 188 111 
115 182 167 0 112 31 111 
135 197 57 196 0 83 44 
56 92 157 170 83 0 175 
193 160 45 48 163 151 0 

t'''[i][j]=
0 82 165 61 84 52 
88 0 137 198 102 56 
148 24 0 52 28 91 
109 95 120 0 85 153 
25 107 191 90 0 132 
92 154 29 197 98 0 

d''[i][k]=
0 0 23 0 
0 18 10 0 
0 26 0 0 
43 0 0 0 
0 0 0 34 
0 0 15 16 

r''[i][k]=
0 0 1.61 0 
0 0.18 0.5 0 
0 0.26 0 0 
4.73 0 0 0 
0 0 0 7.82 
0 0 6.6 3.36 

p[k]=
0.05 0.05 0.02 0 

d'''[i][k]=
0 0 0 47 
0 0 22 3 
0 0 25 0 
0 40 1 0 
43 4 0 0 

r'''[i][k]=
0 0 0 16.92 
0 0 7.26 0.63 
0 0 6.25 0 
0 20 0.79 0 
0.86 0.36 0 0 
