|S|=7
|R|=23
|O|=10
|V|=20
q=150
c=1
Tmax=960
H=1000

e'[i][j]=
0 129 260 431 364 442 353 264 
337 0 62 204 116 219 86 454 
186 329 0 361 370 104 239 320 
374 313 187 0 62 149 85 315 
346 377 106 435 0 184 98 467 
367 263 148 242 413 0 295 321 
211 449 72 262 270 411 0 359 
394 379 263 116 471 161 363 0 

e''[i][j]=
0 160 362 173 289 153 346 401 66 335 112 125 447 54 135 304 349 128 436 325 361 164 330 457 
446 0 328 281 170 340 169 342 395 438 157 367 269 270 166 408 87 131 367 447 101 423 335 389 
57 105 0 105 102 352 361 246 129 381 250 390 83 289 170 253 446 51 352 213 448 181 306 394 
304 358 292 0 156 357 413 442 256 282 110 343 234 262 131 350 311 136 319 212 230 258 216 327 
372 141 340 127 0 217 295 48 179 116 232 53 383 417 95 236 130 413 149 265 337 463 360 423 
397 156 328 377 147 0 224 245 256 408 82 50 256 441 247 434 114 245 270 425 56 184 154 55 
228 467 77 260 131 300 0 303 328 474 212 156 183 172 409 366 258 124 395 377 146 200 243 81 
458 254 237 358 71 450 279 0 238 347 155 399 465 416 248 62 209 154 240 349 260 88 92 181 
225 416 85 91 477 256 204 360 0 305 408 287 477 328 385 225 176 344 220 242 434 115 352 112 
442 118 88 392 106 192 329 313 144 0 329 251 324 360 342 322 51 367 109 270 294 432 155 188 
87 177 227 172 188 218 273 215 312 110 0 291 185 183 50 478 469 95 271 395 214 193 89 115 
461 237 181 245 445 219 375 362 79 277 373 0 379 287 293 249 256 204 262 334 114 87 138 236 
138 247 261 175 65 370 340 100 443 84 70 102 0 92 75 231 127 409 224 146 115 226 170 140 
310 282 107 390 62 288 297 52 313 421 392 170 389 0 443 293 480 261 402 273 288 420 374 281 
302 386 222 63 372 193 285 297 90 387 182 335 463 152 0 301 275 440 324 259 122 351 51 93 
401 175 292 140 106 83 269 74 191 404 375 455 363 191 407 0 396 417 165 460 107 87 236 378 
181 258 281 144 306 257 377 122 147 233 219 308 185 322 135 393 0 162 404 271 120 83 467 365 
469 264 394 130 399 314 165 190 64 165 133 222 188 50 86 241 344 0 376 212 253 329 142 459 
226 363 95 423 68 358 382 191 226 260 383 220 246 360 196 112 81 404 0 148 278 311 412 213 
453 360 434 166 476 426 304 460 125 257 175 86 373 229 182 218 335 315 217 0 364 371 131 57 
365 235 468 378 203 341 402 58 248 220 381 405 261 135 444 94 76 255 71 135 0 444 302 464 
452 251 475 109 48 160 420 74 211 309 433 421 174 228 472 373 389 250 67 85 342 0 412 138 
228 371 152 159 171 353 313 206 222 142 205 446 377 229 383 273 255 302 114 167 411 330 0 128 
420 153 408 298 319 456 188 351 369 345 108 326 263 395 178 305 65 376 68 416 472 439 398 0 

e'''[i][j]=
0 430 432 129 371 380 474 342 383 139 255 
271 0 270 301 225 137 308 348 243 152 348 
380 126 0 265 123 390 341 226 235 415 410 
132 450 50 0 461 216 431 196 134 408 161 
236 161 436 455 0 319 364 92 319 148 209 
464 365 267 409 242 0 123 389 94 123 83 
66 392 275 193 467 273 0 303 312 65 197 
394 157 451 315 182 343 273 0 472 152 423 
447 136 444 426 200 425 350 148 0 58 472 
232 228 455 66 429 129 364 331 147 0 450 
133 429 281 151 162 201 255 355 463 137 0 

t'[i][j]=
0 89 63 28 84 95 28 82 
65 0 74 32 78 66 96 40 
29 80 0 40 26 95 40 79 
21 27 82 0 74 67 54 85 
98 76 39 21 0 79 80 39 
71 52 71 44 89 0 50 59 
58 39 98 20 61 47 0 78 
59 61 20 96 24 72 69 0 

t''[i][j]=
0 41 77 56 73 29 71 27 33 42 50 33 92 87 77 84 48 87 90 84 74 25 72 53 
67 0 77 88 36 40 65 98 96 93 68 69 100 45 61 28 95 58 27 31 93 91 71 68 
93 66 0 31 32 73 49 56 68 45 54 62 50 32 99 67 75 57 99 88 33 90 26 69 
21 32 43 0 63 90 91 65 69 67 88 20 78 75 53 36 83 84 51 22 86 78 100 90 
63 72 27 38 0 56 39 37 77 90 90 60 89 37 67 68 73 25 53 98 42 47 87 67 
76 84 87 98 50 0 40 35 76 59 96 56 59 41 33 84 88 23 80 47 99 54 23 35 
65 31 97 91 71 50 0 75 43 31 22 41 24 62 54 73 41 52 41 73 23 70 41 25 
69 20 48 45 21 98 50 0 98 83 43 60 47 35 89 86 87 84 85 31 81 72 20 52 
60 82 62 39 46 33 34 51 0 99 31 58 31 100 83 98 76 94 79 33 23 41 77 63 
88 21 33 76 90 77 61 33 59 0 93 84 49 98 34 30 89 76 24 92 26 77 60 36 
77 59 99 43 45 20 67 72 29 37 0 75 44 67 23 62 78 68 27 49 43 32 93 50 
20 47 64 94 77 29 25 85 21 98 71 0 40 38 21 91 77 44 21 23 85 73 80 63 
95 64 33 91 79 53 76 96 76 26 37 31 0 20 96 61 37 62 63 62 48 96 39 22 
21 80 46 80 63 58 39 76 71 30 35 23 61 0 34 22 82 44 97 53 92 88 57 93 
91 26 35 84 44 24 75 38 84 53 69 20 60 78 0 46 26 21 44 57 73 70 53 98 
31 59 84 23 49 48 26 71 27 70 28 45 38 52 20 0 95 41 43 73 77 99 95 75 
25 45 24 25 98 30 89 68 82 72 49 100 37 76 24 40 0 45 40 50 68 36 63 30 
55 93 36 64 31 62 60 52 66 40 22 38 95 44 24 34 43 0 63 33 64 84 35 85 
80 38 28 73 40 97 39 21 26 43 74 61 52 88 27 36 44 68 0 71 53 79 58 61 
98 88 64 55 49 89 41 70 88 68 20 63 92 25 24 88 41 37 57 0 44 58 77 28 
54 73 64 28 22 74 77 23 87 40 71 46 77 49 36 60 74 38 58 45 0 36 63 45 
61 39 60 79 27 59 100 78 77 49 45 94 55 86 63 84 63 91 72 81 30 0 72 93 
38 79 95 31 31 84 58 34 35 48 41 28 50 23 49 89 84 53 22 72 61 41 0 100 
65 72 60 40 63 28 89 76 65 61 66 95 28 59 95 73 45 51 98 35 42 75 70 0 

t'''[i][j]=
0 62 71 74 34 25 25 37 68 64 24 
51 0 85 58 52 49 56 29 64 98 52 
69 81 0 63 75 45 31 86 45 44 71 
36 70 84 0 61 44 25 51 62 35 52 
35 86 50 29 0 61 33 55 69 58 67 
73 90 55 45 87 0 49 38 74 51 34 
45 74 98 61 42 62 0 92 90 26 56 
30 99 52 69 48 31 98 0 65 43 74 
68 99 40 41 40 97 28 29 0 64 92 
37 57 84 76 25 48 20 67 64 0 50 
86 38 100 36 89 52 37 67 49 98 0 

d''[i][k]=
0 0 0 0 0 5 0 
0 0 0 0 1 4 0 
0 0 0 0 5 0 0 
0 0 0 0 5 0 0 
0 0 0 0 5 0 0 
0 0 0 1 4 0 0 
0 0 0 5 0 0 0 
0 0 0 5 0 0 0 
0 0 0 5 0 0 0 
0 0 1 4 0 0 0 
0 0 5 0 0 0 0 
0 0 5 0 0 0 0 
0 5 0 0 0 0 0 
0 6 0 0 0 0 0 
0 5 0 0 0 0 0 
2 3 0 0 0 0 0 
6 0 0 0 0 0 0 
5 0 0 0 0 0 0 
5 0 0 0 0 0 0 
0 0 0 0 0 1 4 
0 0 0 0 0 0 5 
0 0 0 0 0 0 6 
0 0 0 0 0 5 0 

r''[i][k]=
0 0 0 0 0 3.35 0 
0 0 0 0 0.73 1.24 0 
0 0 0 0 1.7 0 0 
0 0 0 0 0.05 0 0 
0 0 0 0 1.85 0 0 
0 0 0 0.08 0.08 0 0 
0 0 0 1.5 0 0 0 
0 0 0 0.05 0 0 0 
0 0 0 3.25 0 0 0 
0 0 0.02 0.44 0 0 0 
0 0 0.1 0 0 0 0 
0 0 1.55 0 0 0 0 
0 1.35 0 0 0 0 0 
0 0.54 0 0 0 0 0 
0 0 0 0 0 0 0 
0.76 1.2 0 0 0 0 0 
1.38 0 0 0 0 0 0 
0.6 0 0 0 0 0 0 
1.45 0 0 0 0 0 0 
0 0 0 0 0 0.3 1.24 
0 0 0 0 0 0 0.3 
0 0 0 0 0 0 4.62 
0 0 0 0 0 2.7 0 

p[k]=
0.01 0.04 0.01 0.01 0.02 0.04 0.02 

d'''[i][k]=
0 0 0 0 0 5 15 
0 0 0 0 0 5 0 
0 0 0 0 0 5 0 
0 0 0 0 5 0 0 
0 0 0 0 5 0 0 
0 0 0 0 5 0 0 
0 0 0 8 5 0 0 
0 0 8 12 0 0 0 
0 17 3 0 0 0 0 
18 2 0 0 0 0 0 

r'''[i][k]=
0 0 0 0 0 0.9 5.55 
0 0 0 0 0 0.2 0 
0 0 0 0 0 2.1 0 
0 0 0 0 0.45 0 0 
0 0 0 0 1.65 0 0 
0 0 0 0 1.75 0 0 
0 0 0 0.16 0.6 0 0 
0 0 0.72 10.8 0 0 0 
0 12.75 0.78 0 0 0 0 
7.2 0.7 0 0 0 0 0 
