|S|=12
|R|=38
|O|=15
|V|=30
q=150
c=1
Tmax=960
H=1000

e'[i][j]=
0 252 351 137 228 416 521 369 527 200 183 276 510 
334 0 536 213 81 106 277 181 65 313 462 406 336 
257 425 0 469 296 74 369 514 334 209 467 108 417 
239 201 287 0 408 121 300 407 386 129 207 436 153 
486 276 321 327 0 406 369 104 450 521 202 496 139 
48 435 114 482 482 0 98 543 285 86 403 195 221 
402 291 120 498 309 377 0 386 300 233 337 513 240 
427 453 420 249 385 300 77 0 518 463 264 193 393 
70 361 68 268 117 382 529 228 0 539 234 193 316 
505 418 406 391 226 279 245 346 211 0 389 552 380 
77 376 379 314 437 413 106 86 163 409 0 102 430 
112 459 256 268 424 460 355 307 184 48 332 0 498 
111 203 491 222 239 213 165 164 325 425 362 428 0 

e''[i][j]=
0 109 151 299 383 138 156 553 217 289 353 425 350 484 358 299 466 159 140 466 295 207 404 396 170 357 98 91 386 73 459 326 291 196 448 478 338 420 213 
423 0 281 258 346 428 340 377 172 537 249 377 92 116 48 203 201 65 304 328 340 465 442 157 222 204 182 49 363 530 309 541 480 146 264 233 290 48 343 
463 433 0 377 126 467 348 95 247 512 385 150 409 441 151 533 117 282 500 528 205 279 393 277 135 257 49 445 282 185 223 486 193 463 507 111 469 179 372 
442 209 479 0 137 518 332 113 204 531 357 513 518 491 221 94 50 509 115 187 320 231 299 290 456 460 256 370 502 128 428 439 263 404 441 388 431 292 183 
238 331 380 484 0 271 271 551 97 176 348 371 81 493 272 492 349 54 223 330 53 430 162 157 346 467 171 362 191 95 404 174 507 319 428 168 518 125 456 
166 272 493 164 529 0 229 152 49 249 430 280 501 144 542 275 412 444 345 523 101 274 132 540 495 69 251 501 231 68 336 336 177 475 346 508 54 381 193 
448 414 433 130 160 419 0 331 342 472 549 221 205 361 229 175 324 217 342 88 271 281 67 288 333 394 110 208 476 72 467 96 210 475 398 478 502 382 139 
356 129 430 378 90 195 202 0 339 208 485 431 410 315 513 320 357 297 459 145 477 506 125 91 521 309 302 436 418 511 322 334 369 119 77 107 174 318 382 
458 298 392 546 519 94 49 362 0 399 425 252 469 373 488 389 153 321 402 245 538 232 371 554 378 501 323 487 488 171 67 142 216 298 417 193 260 134 59 
243 230 447 295 76 337 216 271 299 0 425 428 232 463 254 365 444 63 358 218 476 394 273 314 482 559 168 275 435 77 557 107 150 361 229 337 537 165 296 
429 137 395 550 380 309 478 492 75 287 0 108 369 259 496 170 333 193 142 168 294 132 388 123 459 113 231 124 346 409 310 377 468 122 493 454 320 466 476 
271 246 417 442 132 251 123 392 203 116 78 0 155 505 81 165 461 134 203 443 74 226 54 206 335 180 397 272 303 556 422 553 151 365 472 318 224 422 410 
184 398 143 525 508 417 220 109 63 392 470 388 0 95 194 258 304 472 262 505 307 496 272 255 385 237 430 404 159 506 256 275 308 254 157 432 425 493 70 
214 412 344 322 512 313 321 56 138 380 209 409 506 0 558 545 54 273 168 76 538 490 431 362 439 308 449 121 228 79 122 557 277 61 532 498 531 247 362 
379 287 106 143 422 308 90 75 230 183 347 520 373 105 0 436 228 89 218 524 59 462 92 67 276 369 458 153 139 324 365 511 380 60 494 153 436 78 375 
88 535 162 293 151 382 360 537 301 373 173 252 325 225 282 0 406 512 431 241 481 167 251 508 271 490 547 395 555 77 298 394 429 380 465 377 191 356 177 
463 228 361 276 168 462 125 235 269 61 472 522 271 348 457 358 0 79 172 416 392 379 544 348 56 386 458 110 171 402 279 173 379 181 384 211 131 535 175 
199 130 250 153 81 556 452 498 319 134 117 423 177 203 173 308 290 0 206 81 455 190 417 371 186 509 239 266 431 147 322 65 142 348 268 262 119 384 188 
333 434 381 272 388 319 322 266 463 403 150 83 339 441 233 313 374 426 0 525 243 267 441 400 493 247 301 342 546 418 452 106 554 134 288 322 168 201 222 
433 155 296 240 531 283 458 450 425 306 214 235 52 230 473 225 490 430 262 0 400 141 451 87 398 205 204 236 413 203 534 456 180 293 148 271 280 362 523 
167 290 484 231 365 473 413 221 114 117 318 257 150 178 510 415 497 316 304 97 0 279 461 210 453 430 431 518 538 449 207 471 433 113 211 268 472 274 177 
159 404 417 162 336 328 252 91 349 541 258 113 78 401 246 362 446 174 353 59 268 0 305 94 269 353 321 117 49 156 458 218 149 148 71 358 195 493 115 
275 470 476 231 94 77 223 147 382 378 137 53 454 93 501 49 52 379 296 367 357 388 0 425 524 541 372 316 64 174 534 51 96 404 437 234 349 268 329 
338 371 173 463 398 493 551 87 61 80 136 315 419 63 90 281 141 369 178 188 149 553 274 0 482 479 345 205 508 336 145 378 49 105 308 536 339 481 113 
140 69 235 54 81 517 262 304 230 428 377 423 161 208 117 472 232 63 239 301 404 370 483 182 0 157 252 183 312 235 240 138 297 232 546 170 496 512 444 
447 114 477 83 427 85 287 236 262 480 113 357 386 465 282 352 101 333 96 225 161 558 295 349 265 0 423 268 209 373 420 395 335 352 210 271 108 127 54 
139 114 303 369 55 314 237 193 435 557 443 180 534 507 523 284 278 240 292 456 78 470 73 170 505 145 0 382 381 320 320 482 137 436 92 528 505 232 553 
543 405 55 159 69 431 257 560 526 359 71 297 148 328 370 451 462 529 269 213 429 404 452 293 453 498 477 0 456 87 369 325 545 60 479 191 194 272 375 
152 552 51 341 311 494 555 125 299 200 317 351 92 357 242 423 461 297 148 200 454 441 67 97 453 161 264 486 0 202 214 359 195 239 279 173 77 480 385 
71 219 328 202 483 547 337 232 100 138 451 102 359 266 463 262 445 199 316 74 73 195 375 219 207 94 288 382 441 0 351 81 372 184 258 356 56 66 404 
234 279 243 188 497 541 217 350 70 426 511 432 161 118 413 195 57 493 110 491 420 540 346 391 494 117 69 114 316 274 0 449 181 456 246 256 258 483 250 
221 342 278 428 217 404 454 68 251 340 174 545 247 429 499 426 248 126 228 198 519 349 109 539 294 52 274 96 275 132 361 0 526 144 437 191 270 335 312 
354 168 449 221 424 142 111 145 471 380 159 200 332 262 429 449 495 522 123 79 260 387 381 505 229 421 233 507 439 501 146 439 0 144 404 425 506 340 369 
519 427 517 326 146 443 291 350 366 198 200 297 542 270 373 199 500 349 173 99 114 291 559 259 451 245 231 159 156 188 506 266 323 0 208 459 103 297 98 
511 487 264 244 130 498 363 86 189 420 348 296 125 101 52 58 314 275 546 82 146 233 501 533 238 381 289 516 288 174 414 129 394 353 0 102 425 324 513 
160 141 417 264 294 327 234 477 553 52 99 124 322 116 353 430 372 473 441 469 102 174 221 281 443 494 547 296 240 411 111 139 158 390 545 0 82 463 84 
548 467 66 282 75 541 143 399 344 106 179 151 414 351 501 108 61 135 395 314 378 350 504 95 298 525 366 242 155 520 257 326 67 560 318 398 0 75 427 
63 555 82 315 503 76 125 457 462 89 232 198 146 284 167 398 378 328 65 380 389 226 265 329 61 545 101 525 384 499 421 352 440 379 169 128 549 0 488 
261 498 162 401 150 188 322 194 52 140 83 397 380 313 79 506 423 106 221 393 367 371 290 261 556 551 546 159 405 267 100 483 153 64 262 483 456 483 0 

e'''[i][j]=
0 476 293 185 373 413 124 343 427 460 110 300 314 507 328 455 
326 0 468 557 446 233 412 161 460 122 286 181 443 79 328 262 
249 82 0 125 512 483 56 507 430 344 88 305 145 472 540 495 
61 435 205 0 120 168 334 69 262 536 405 519 226 199 171 372 
488 278 91 280 0 124 304 298 415 207 455 489 215 98 521 218 
339 146 136 133 336 0 127 96 523 156 404 526 158 444 100 300 
537 410 102 426 480 354 0 508 540 91 537 387 492 374 189 68 
282 118 230 120 142 515 451 0 66 475 334 224 188 384 81 149 
92 417 113 287 297 291 550 345 0 154 237 498 150 53 438 352 
545 211 161 299 291 270 405 197 0 0 357 73 398 249 428 313 
127 239 439 277 368 397 355 238 462 558 0 521 262 141 201 104 
462 306 509 435 520 299 65 537 327 360 535 0 234 177 474 338 
435 70 111 428 269 271 342 349 432 511 81 258 0 147 535 303 
198 195 153 445 365 330 306 172 312 222 332 87 231 0 249 404 
524 406 382 86 335 532 539 323 158 120 496 451 144 427 0 201 
227 432 119 480 183 394 254 394 486 77 78 75 407 124 374 0 

t'[i][j]=
0 113 20 93 130 149 118 29 72 160 100 81 115 
66 0 69 43 115 192 39 116 111 130 154 169 176 
174 181 0 81 95 115 158 57 116 176 103 39 188 
200 36 63 0 191 42 47 32 35 43 198 110 177 
57 102 166 182 0 160 47 28 24 147 143 194 109 
146 142 23 157 152 0 151 59 184 174 106 174 41 
24 61 70 63 159 28 0 83 177 97 183 49 95 
97 128 176 135 107 125 193 0 47 146 47 184 53 
100 165 120 89 54 76 87 166 0 189 83 67 99 
158 67 34 96 113 175 48 167 92 0 199 39 138 
105 70 75 26 26 193 51 189 43 144 0 27 151 
188 152 92 140 149 65 179 105 120 143 199 0 118 
29 161 127 186 135 31 200 101 115 65 83 113 0 

t''[i][j]=
0 131 26 145 103 145 44 188 147 44 29 41 28 117 22 143 182 45 63 172 51 111 197 95 118 130 32 162 160 44 135 45 64 27 36 142 138 47 93 
185 0 48 159 42 83 139 91 125 62 142 189 195 55 24 105 41 174 121 84 150 140 91 37 162 54 22 101 27 191 115 69 55 28 81 188 99 59 187 
88 64 0 58 67 55 121 133 194 169 96 163 61 99 129 33 100 169 92 61 45 160 51 147 65 63 85 188 175 192 44 141 112 109 88 132 178 132 123 
61 123 23 0 72 79 46 31 109 132 78 110 23 181 188 48 44 30 46 112 126 146 177 131 149 66 35 30 110 174 159 140 22 165 152 184 102 51 163 
76 37 82 123 0 89 147 93 43 98 50 174 78 99 70 136 82 119 64 161 88 41 144 155 24 71 46 48 187 190 82 65 39 167 191 72 43 167 24 
73 55 86 131 108 0 47 153 129 58 42 81 88 145 25 128 60 198 28 24 47 199 135 64 91 33 56 149 154 65 124 124 29 73 96 146 145 21 81 
37 150 165 134 21 45 0 108 175 42 109 57 40 183 118 47 43 152 73 174 158 127 193 112 58 88 23 63 88 130 115 121 41 82 143 71 198 38 86 
49 67 180 57 64 152 99 0 76 161 69 35 67 140 41 43 147 110 41 44 58 181 54 137 177 182 122 72 134 25 125 132 81 160 33 85 40 187 36 
24 89 107 129 64 144 159 122 0 89 29 45 128 89 38 102 191 136 47 111 37 132 56 111 38 142 181 114 161 110 96 59 198 72 167 114 154 78 141 
125 159 120 27 137 198 154 162 111 0 47 161 63 57 177 144 136 100 21 28 168 43 89 110 82 192 119 58 23 110 62 54 63 163 43 109 152 178 76 
28 53 62 101 60 139 196 167 195 83 0 173 101 41 92 152 77 75 25 36 149 31 166 189 183 80 127 80 71 187 74 163 45 147 34 75 171 85 156 
78 152 71 65 104 136 55 170 61 182 128 0 66 38 68 138 123 51 61 101 138 87 192 82 134 188 197 50 146 107 95 101 67 180 142 26 53 197 181 
23 49 185 160 30 100 54 114 164 45 190 75 0 45 108 50 153 126 122 84 175 50 105 61 63 159 176 29 79 31 183 75 144 133 129 108 92 136 194 
23 137 47 152 69 84 129 81 183 153 161 77 53 0 23 142 171 26 82 57 147 42 88 145 129 92 148 188 156 113 164 29 171 115 51 151 168 59 133 
119 24 113 100 20 112 140 54 101 55 60 33 98 130 0 185 73 72 152 68 136 35 28 73 198 196 28 31 58 170 104 195 102 59 92 142 126 131 124 
135 83 23 188 80 100 194 81 123 164 153 148 199 189 48 0 196 183 108 183 73 145 24 171 161 157 124 39 157 141 40 21 54 133 185 183 174 180 126 
44 114 31 200 190 91 105 127 28 89 90 25 181 46 57 190 0 142 92 143 88 67 85 37 125 35 46 60 54 141 104 25 74 182 78 153 161 65 98 
63 26 172 50 121 101 61 132 167 144 166 61 141 160 173 21 135 0 79 63 44 191 111 71 139 33 127 60 156 199 143 64 142 68 23 163 60 54 86 
162 64 129 190 60 100 109 59 81 115 33 158 57 79 20 56 86 71 0 32 53 40 183 124 69 70 197 50 72 181 156 48 129 197 88 28 178 142 193 
128 137 24 146 198 119 86 87 90 149 188 167 62 121 180 131 180 195 86 0 24 101 114 68 142 163 172 76 46 200 181 98 113 154 86 148 149 93 94 
193 173 92 153 124 193 78 138 154 41 95 140 24 151 31 30 198 51 44 168 0 27 179 137 110 86 123 166 167 121 74 107 52 49 180 123 38 196 183 
147 21 59 161 170 144 129 162 27 164 196 28 82 170 150 197 126 152 116 39 132 0 195 57 109 57 170 43 156 83 179 137 138 25 112 181 49 69 107 
63 63 56 38 125 61 97 174 49 64 55 125 41 117 190 95 165 22 71 73 171 110 0 143 132 128 108 56 121 113 41 61 86 166 104 75 142 61 50 
69 36 68 96 76 160 54 119 153 61 88 91 134 46 43 42 23 173 149 185 132 44 137 0 75 83 102 145 185 86 189 132 114 138 109 60 88 89 67 
191 176 39 76 28 92 97 96 115 21 92 97 119 63 47 27 199 59 95 99 100 134 118 126 0 73 179 25 199 82 101 111 198 168 39 48 23 181 143 
197 122 197 27 33 137 102 68 141 52 82 191 138 51 171 134 69 179 41 94 149 165 132 60 155 0 85 200 85 125 175 117 182 170 186 86 45 117 60 
98 95 131 150 76 103 191 109 26 157 174 24 86 120 51 36 197 166 21 162 195 139 193 113 83 29 0 180 76 189 172 140 183 146 116 167 198 149 56 
45 65 152 75 106 96 81 92 144 126 135 52 107 69 189 78 132 107 175 39 179 151 66 74 104 111 81 0 140 100 136 78 146 117 27 91 185 60 175 
153 95 194 86 126 145 22 120 73 182 154 77 137 161 186 108 21 80 166 78 176 76 149 65 139 28 135 74 0 118 20 108 86 50 183 200 110 113 164 
49 113 45 130 94 188 68 192 37 63 182 145 74 175 156 44 73 105 87 169 146 90 162 142 149 24 193 105 133 0 198 155 95 122 110 97 75 135 157 
169 185 30 86 34 174 181 101 147 111 93 178 65 114 156 29 145 71 29 83 42 123 49 172 45 82 28 154 30 96 0 53 41 136 129 151 33 59 80 
109 149 70 23 191 72 131 58 33 66 31 90 197 37 137 141 177 91 146 53 126 77 24 108 56 192 62 100 98 163 171 0 57 190 99 85 44 31 111 
141 57 194 97 160 180 126 73 121 57 36 67 36 109 48 37 81 147 123 118 116 54 187 119 23 185 66 25 137 106 55 195 0 145 196 75 109 164 162 
35 124 50 114 149 99 147 58 79 190 116 83 75 98 113 47 125 191 182 172 148 44 192 119 102 70 44 162 72 155 79 32 187 0 38 62 180 101 125 
28 168 23 172 137 128 79 81 152 141 41 51 59 152 138 94 63 195 165 112 189 53 29 102 141 63 99 180 144 118 136 48 117 63 0 32 86 20 68 
199 72 151 56 69 60 153 25 169 172 104 182 44 57 173 55 123 38 141 142 33 109 170 130 80 157 52 97 81 191 63 85 36 150 105 0 151 168 67 
181 60 102 136 189 141 150 196 184 153 48 67 142 116 139 175 92 59 74 99 154 169 63 196 111 97 97 120 99 160 54 191 149 151 191 133 0 157 143 
60 75 119 123 153 200 21 26 59 61 124 123 94 37 111 157 77 141 99 132 132 109 29 191 169 121 124 114 147 73 193 188 146 87 153 171 190 0 91 
199 148 132 80 81 139 107 174 158 29 39 154 107 176 126 131 133 172 167 101 179 172 38 109 20 110 52 151 169 148 23 52 165 40 87 67 161 148 0 

t'''[i][j]=
0 109 103 22 65 177 80 137 196 100 145 199 129 128 173 122 
38 0 154 116 89 166 167 114 61 177 145 150 96 43 28 91 
157 138 0 128 176 73 177 169 119 79 87 46 129 198 91 163 
43 149 168 0 91 50 100 172 142 34 61 189 136 141 121 135 
119 174 101 160 0 164 116 177 183 98 187 164 35 42 100 30 
82 160 30 144 101 0 86 129 196 109 93 112 129 60 36 68 
74 119 200 159 163 42 0 197 130 153 200 190 126 28 77 194 
168 42 30 143 45 88 85 0 177 20 97 44 22 91 75 33 
81 102 51 160 123 91 174 38 0 42 164 23 63 127 86 192 
35 152 97 113 145 146 110 101 45 0 53 111 35 26 149 114 
164 185 187 160 139 81 66 199 152 199 0 29 95 152 109 67 
113 142 140 179 118 70 30 196 55 117 113 0 155 20 26 155 
58 22 107 159 92 195 126 29 171 141 71 180 0 104 44 96 
106 199 26 78 42 183 38 86 24 106 123 68 31 0 141 171 
150 73 193 196 106 67 122 162 131 107 195 137 60 195 0 125 
47 23 120 172 87 57 156 76 200 86 159 86 159 104 106 0 

d''[i][k]=
0 0 0 0 0 0 0 0 0 0 5 0 
0 0 0 0 0 0 0 0 0 0 6 0 
0 0 0 0 0 0 0 0 0 0 5 0 
0 0 0 0 0 0 0 0 0 0 7 0 
0 0 0 0 0 0 0 0 0 3 3 0 
0 0 0 0 0 0 0 0 0 5 0 0 
0 0 0 0 0 0 0 0 0 7 0 0 
0 0 0 0 0 0 0 0 0 5 0 0 
0 0 0 0 0 0 0 0 2 3 0 0 
0 0 0 0 0 0 0 0 5 0 0 0 
0 0 0 0 0 0 0 0 6 0 0 0 
0 0 0 0 0 1 0 8 0 0 0 0 
0 0 0 0 0 5 0 0 0 0 0 0 
0 0 0 0 3 4 0 0 0 0 0 0 
0 0 0 0 8 0 0 0 0 0 0 0 
0 0 0 4 2 0 0 0 0 0 0 0 
0 0 2 4 0 0 0 0 0 0 0 0 
0 0 5 0 0 0 0 0 0 0 0 0 
0 0 5 0 0 0 0 0 0 0 0 0 
0 1 4 0 0 0 0 0 0 0 0 0 
0 5 0 0 0 0 0 0 0 0 0 0 
0 5 0 0 0 0 0 0 0 0 0 0 
0 5 0 0 0 0 0 0 0 0 0 0 
0 5 0 0 0 0 0 0 0 0 0 0 
5 0 0 0 0 0 0 0 0 0 0 0 
5 0 0 0 0 0 0 0 0 0 0 0 
5 0 0 0 0 0 0 0 0 0 0 0 
5 0 0 0 0 0 0 0 0 0 0 0 
0 0 0 6 0 0 0 0 0 0 0 0 
0 0 5 0 0 0 0 0 0 0 0 0 
0 0 0 5 0 0 0 0 0 0 0 0 
0 0 6 0 0 0 0 0 0 0 0 0 
0 0 0 0 0 0 5 0 0 0 0 0 
0 0 0 0 0 0 1 2 0 0 0 3 
0 0 0 0 0 0 0 0 0 0 0 6 
0 0 0 0 0 0 0 0 0 0 0 6 
0 0 0 0 0 0 0 0 0 0 0 6 
0 0 0 0 0 0 0 0 0 0 1 5 

r''[i][k]=
0 0 0 0 0 0 0 0 0 0 1.1 0 
0 0 0 0 0 0 0 0 0 0 0.48 0 
0 0 0 0 0 0 0 0 0 0 2.4 0 
0 0 0 0 0 0 0 0 0 0 0.21 0 
0 0 0 0 0 0 0 0 0 0.48 0.39 0 
0 0 0 0 0 0 0 0 0 0.05 0 0 
0 0 0 0 0 0 0 0 0 4.55 0 0 
0 0 0 0 0 0 0 0 0 1.9 0 0 
0 0 0 0 0 0 0 0 0.14 1.17 0 0 
0 0 0 0 0 0 0 0 3.95 0 0 0 
0 0 0 0 0 0 0 0 0.36 0 0 0 
0 0 0 0 0 0.13 0 3.92 0 0 0 0 
0 0 0 0 0 0 0 0 0 0 0 0 
0 0 0 0 0.03 0.56 0 0 0 0 0 0 
0 0 0 0 2.64 0 0 0 0 0 0 0 
0 0 0 0.56 0.16 0 0 0 0 0 0 0 
0 0 0 0.96 0 0 0 0 0 0 0 0 
0 0 3.35 0 0 0 0 0 0 0 0 0 
0 0 2.85 0 0 0 0 0 0 0 0 0 
0 0.55 1.92 0 0 0 0 0 0 0 0 0 
0 0.4 0 0 0 0 0 0 0 0 0 0 
0 1.95 0 0 0 0 0 0 0 0 0 0 
0 1.25 0 0 0 0 0 0 0 0 0 0 
0 1.5 0 0 0 0 0 0 0 0 0 0 
1.75 0 0 0 0 0 0 0 0 0 0 0 
0.35 0 0 0 0 0 0 0 0 0 0 0 
0.9 0 0 0 0 0 0 0 0 0 0 0 
0.3 0 0 0 0 0 0 0 0 0 0 0 
0 0 0 1.14 0 0 0 0 0 0 0 0 
0 0 3.8 0 0 0 0 0 0 0 0 0 
0 0 0 1.4 0 0 0 0 0 0 0 0 
0 0 0.18 0 0 0 0 0 0 0 0 0 
0 0 0 0 0 0 4 0 0 0 0 0 
0 0 0 0 0 0 0.33 0.58 0 0 0 0.6 
0 0 0 0 0 0 0 0 0 0 0 0.72 
0 0 0 0 0 0 0 0 0 0 0 1.08 
0 0 0 0 0 0 0 0 0 0 0 3.48 
0 0 0 0 0 0 0 0 0 0 0.29 0.1 

p[k]=
0.01 0.01 0.01 0.02 0.01 0.04 0.04 0.03 0.01 0.02 0.04 0.03 

d'''[i][k]=
0 0 0 0 0 0 0 0 0 0 4 26 
0 0 0 0 0 0 0 0 0 0 5 0 
0 0 0 0 0 0 0 0 0 0 5 0 
0 0 0 0 0 0 0 0 0 0 5 0 
0 0 0 0 0 0 0 0 0 0 5 0 
0 0 0 0 0 0 0 0 0 2 3 0 
0 0 0 0 0 0 0 0 0 5 0 0 
0 0 0 0 0 0 0 0 0 5 0 0 
0 0 0 0 0 0 0 0 0 5 0 0 
0 0 0 0 0 0 0 0 0 5 0 0 
0 0 0 0 0 0 0 6 13 1 0 0 
0 0 0 0 10 10 6 4 0 0 0 0 
0 0 8 19 3 0 0 0 0 0 0 0 
0 11 19 0 0 0 0 0 0 0 0 0 
20 10 0 0 0 0 0 0 0 0 0 0 

r'''[i][k]=
0 0 0 0 0 0 0 0 0 0 0.68 0 
0 0 0 0 0 0 0 0 0 0 0.3 0 
0 0 0 0 0 0 0 0 0 0 4.35 0 
0 0 0 0 0 0 0 0 0 0 0.25 0 
0 0 0 0 0 0 0 0 0 0 2.4 0 
0 0 0 0 0 0 0 0 0 0.04 1.08 0 
0 0 0 0 0 0 0 0 0 0.95 0 0 
0 0 0 0 0 0 0 0 0 2.35 0 0 
0 0 0 0 0 0 0 0 0 2.6 0 0 
0 0 0 0 0 0 0 0 0 3.25 0 0 
0 0 0 0 0 0 0 3.6 6.76 0.01 0 0 
0 0 0 0 0.2 0.5 2.34 1.68 0 0 0 0 
0 0 1.2 0.76 1.23 0 0 0 0 0 0 0 
0 4.18 10.07 0 0 0 0 0 0 0 0 0 
1.2 3.1 0 0 0 0 0 0 0 0 0 0 
