|S|=4
|R|=6
|O|=5
|V|=10
q=70
c=1
Tmax=960
H=1000

e'[i][j]=
0 548 302 529 397 
231 0 325 429 84 
179 429 0 270 175 
486 439 423 0 268 
547 247 374 159 0 

e''[i][j]=
0 505 59 136 257 143 103 
321 0 264 54 477 129 126 
48 519 0 420 378 157 248 
435 59 453 0 557 94 533 
371 535 363 235 0 319 474 
542 268 538 369 282 0 193 
396 313 163 290 194 416 0 

e'''[i][j]=
0 165 336 69 391 361 
169 0 293 514 551 228 
262 208 0 432 470 277 
202 395 491 0 456 375 
213 233 368 81 0 538 
319 183 365 120 404 0 

t'[i][j]=
0 178 90 111 91 
117 0 117 199 90 
186 58 0 168 120 
185 84 125 0 42 
195 77 56 89 0 

t''[i][j]=
0 41 108 51 61 97 113 
34 0 106 175 86 172 52 
189 31 0 61 148 80 152 
76 87 178 0 181 80 59 
81 54 38 147 0 55 108 
72 43 188 49 87 0 188 
35 26 89 62 40 102 0 

t'''[i][j]=
0 69 177 119 145 55 
179 0 33 20 103 145 
126 92 0 70 163 149 
173 27 165 0 125 128 
184 148 67 22 0 118 
27 172 42 128 150 0 

d''[i][k]=
0 0 4 13 
11 5 1 0 
17 0 0 0 
10 0 0 0 
0 0 0 18 
0 0 0 15 

r''[i][k]=
0 0 1.84 0.39 
7.26 1.65 0.07 0 
5.78 0 0 0 
0.1 0 0 0 
0 0 0 6.84 
0 0 0 3.75 

p[k]=
0.04 0.04 0 0.03 

d'''[i][k]=
0 0 0 20 
0 0 0 14 
0 3 5 12 
18 2 0 0 
20 0 0 0 

r'''[i][k]=
0 0 0 4.4 
0 0 0 2.24 
0 0.27 1.25 3.48 
7.92 0.04 0 0 
5.8 0 0 0 
