|S|=7
|R|=23
|O|=10
|V|=20
q=150
c=1
Tmax=960
H=1000

e'[i][j]=
0 222 106 407 394 400 207 297 
229 0 125 377 440 49 282 335 
466 101 0 314 285 105 244 265 
131 418 466 0 357 252 374 165 
321 158 422 80 0 284 208 432 
259 378 471 66 216 0 104 354 
280 190 123 448 445 124 0 341 
373 240 335 317 77 448 136 0 

e''[i][j]=
0 190 161 423 474 279 389 279 173 111 318 131 314 473 378 397 241 203 351 177 91 60 270 236 
410 0 130 142 262 135 155 59 348 222 346 148 328 351 117 197 146 140 419 290 442 226 408 127 
181 325 0 335 234 90 401 299 405 374 58 189 432 288 305 307 190 128 84 414 361 283 394 302 
299 421 465 0 124 167 276 424 417 270 358 295 232 312 152 221 60 132 396 66 399 180 335 275 
419 163 216 151 0 62 131 445 159 224 303 362 374 167 204 230 415 369 148 127 423 337 147 458 
356 84 373 152 423 0 167 295 411 146 439 292 242 103 81 266 147 412 151 107 295 294 179 321 
333 422 360 264 247 461 0 284 465 265 319 132 430 198 204 294 434 192 88 277 171 361 429 159 
255 327 215 398 157 204 76 0 101 373 426 427 82 168 304 194 73 418 262 92 324 324 212 247 
81 209 224 268 155 197 322 219 0 442 191 325 102 110 329 365 271 210 330 475 273 267 218 466 
413 59 304 92 145 459 174 108 239 0 242 314 272 435 295 339 418 142 299 255 234 341 249 445 
130 190 369 153 411 296 81 470 317 210 0 368 378 233 367 337 155 274 349 328 381 61 447 89 
241 255 215 219 314 88 57 306 121 75 100 0 80 204 282 417 111 382 85 248 176 172 468 131 
137 410 459 467 207 105 456 211 207 333 218 396 0 438 356 242 363 265 155 103 418 155 403 93 
84 110 383 133 322 186 158 133 292 455 106 92 135 0 386 58 61 150 74 142 223 240 204 103 
314 197 147 446 244 67 470 79 214 470 105 322 111 289 0 376 357 241 116 88 200 236 293 123 
436 272 222 366 219 317 256 176 227 460 253 316 301 293 306 0 325 174 413 148 447 393 69 391 
170 218 109 75 435 139 318 419 468 454 324 131 161 185 430 297 0 96 426 372 295 52 249 86 
55 118 137 139 290 307 306 393 359 270 160 430 327 94 222 404 467 0 463 64 425 333 197 347 
77 289 476 400 162 336 379 458 192 288 408 235 326 92 74 447 313 150 0 479 245 480 388 163 
393 309 66 340 148 285 234 200 396 331 420 174 105 195 207 477 356 414 79 0 62 397 257 353 
472 131 363 422 264 115 386 197 273 430 148 478 346 279 352 479 424 480 238 218 0 73 193 328 
313 96 239 448 262 443 90 455 374 70 144 251 201 153 127 368 358 319 160 258 120 0 467 416 
243 413 381 149 63 169 119 78 412 217 199 366 60 355 375 131 430 375 412 303 79 421 0 143 
341 154 126 212 437 318 101 427 56 374 123 344 354 174 226 331 62 437 88 286 437 175 153 0 

e'''[i][j]=
0 462 470 237 191 235 217 347 239 442 164 
337 0 338 329 54 60 130 436 278 420 354 
121 121 0 131 307 394 185 311 184 347 108 
225 340 407 0 235 300 86 208 95 335 410 
49 433 92 287 0 301 285 324 214 328 396 
392 374 313 371 445 0 113 76 340 477 313 
98 68 80 82 330 315 0 99 64 155 121 
115 164 299 442 413 76 443 0 369 135 86 
185 89 266 94 162 444 370 429 0 297 339 
245 364 372 72 359 288 310 313 74 0 246 
196 362 61 233 276 353 215 211 438 351 0 

t'[i][j]=
0 66 89 90 82 66 99 35 
22 0 47 41 47 88 92 41 
71 34 0 82 41 27 100 78 
34 63 78 0 50 58 87 26 
89 35 45 44 0 64 52 86 
91 23 60 55 30 0 55 72 
83 55 50 70 48 25 0 67 
25 61 82 81 54 81 95 0 

t''[i][j]=
0 97 22 71 44 43 38 77 72 89 72 35 61 40 74 35 89 92 40 26 57 86 63 27 
65 0 72 92 69 52 97 75 23 95 72 34 81 42 94 58 31 68 71 92 39 79 61 22 
90 78 0 46 99 39 22 88 87 37 65 37 34 91 35 41 94 79 100 32 62 38 82 45 
83 38 93 0 41 66 89 81 80 45 58 84 84 26 51 33 68 50 90 41 36 52 25 24 
42 46 21 43 0 57 28 82 46 37 62 66 36 46 76 59 20 58 71 23 64 61 48 76 
100 86 26 57 69 0 75 27 54 83 55 20 87 97 85 81 31 30 74 76 61 51 83 61 
23 57 77 32 61 99 0 90 49 25 82 76 53 85 33 46 49 68 54 76 57 74 69 91 
65 37 99 23 51 22 31 0 91 52 59 98 57 74 23 48 73 41 41 73 28 60 63 82 
57 41 85 50 25 28 32 46 0 21 80 51 51 89 42 92 48 68 97 56 63 22 97 43 
33 55 28 36 20 54 95 24 87 0 59 49 56 60 88 82 56 92 57 24 44 53 55 54 
37 23 64 95 31 56 57 86 40 90 0 59 43 44 41 98 69 51 88 23 85 46 94 49 
38 23 36 61 50 45 21 27 52 51 44 0 41 57 22 99 32 96 28 95 52 46 61 25 
66 100 22 71 63 73 31 55 45 26 80 21 0 37 27 63 80 82 44 31 55 56 89 48 
100 45 28 29 89 77 47 81 27 44 57 75 36 0 71 78 95 52 96 88 91 76 72 32 
73 52 87 64 26 57 85 92 100 81 74 66 79 36 0 64 45 98 20 49 45 98 31 40 
37 23 68 70 27 35 81 26 30 97 53 28 82 48 56 0 100 33 85 73 47 45 92 61 
75 47 100 74 33 45 57 30 91 61 47 34 59 87 26 35 0 58 75 92 29 57 26 95 
52 24 39 95 80 85 41 60 39 23 94 93 59 20 20 90 77 0 52 92 72 20 62 66 
38 53 34 33 40 78 21 58 42 87 90 71 42 61 73 90 75 69 0 32 67 24 79 67 
79 57 64 63 20 91 70 58 43 32 76 22 49 29 76 40 74 49 56 0 84 49 48 78 
40 65 100 45 50 90 99 44 57 49 47 93 92 78 85 92 97 78 31 65 0 26 59 35 
55 45 31 97 49 82 86 69 64 28 81 89 77 71 26 50 40 64 75 46 71 0 77 97 
59 37 88 88 48 70 37 39 82 44 39 51 76 84 48 73 70 71 79 23 71 77 0 36 
21 90 61 45 65 35 58 88 65 62 66 20 33 93 46 81 68 63 58 83 75 36 21 0 

t'''[i][j]=
0 36 20 26 61 49 28 48 21 67 67 
83 0 29 73 96 51 54 92 86 88 42 
22 66 0 99 71 39 29 100 65 41 75 
84 56 34 0 41 86 39 45 75 27 61 
87 42 91 96 0 83 30 100 74 64 37 
52 50 75 40 66 0 98 72 74 85 23 
20 92 86 72 93 32 0 92 50 73 27 
54 53 56 39 46 79 93 0 29 82 66 
98 33 54 23 49 39 91 82 0 79 70 
64 88 73 34 21 28 40 49 33 0 88 
75 68 42 57 39 65 69 59 23 44 0 

d''[i][k]=
0 0 0 0 0 5 0 
0 0 0 0 1 7 0 
0 0 0 0 5 0 0 
0 0 0 0 5 0 0 
0 0 0 0 6 0 0 
0 0 0 3 2 0 0 
0 0 0 5 0 0 0 
0 0 0 6 0 0 0 
0 0 0 5 0 0 0 
0 0 6 0 0 0 0 
0 0 5 0 0 0 0 
0 0 5 0 0 0 0 
0 1 4 0 0 0 0 
0 6 0 0 0 0 0 
0 6 0 0 0 0 0 
3 3 0 0 0 0 0 
6 0 0 0 0 0 0 
6 0 0 0 0 0 0 
5 0 0 0 0 0 0 
0 0 0 0 0 0 5 
0 0 0 0 0 0 7 
0 0 0 0 0 0 5 
0 0 0 0 0 5 1 

r''[i][k]=
0 0 0 0 0 1.75 0 
0 0 0 0 0.47 0.7 0 
0 0 0 0 0.45 0 0 
0 0 0 0 1.05 0 0 
0 0 0 0 1.68 0 0 
0 0 0 0.69 0.04 0 0 
0 0 0 2.15 0 0 0 
0 0 0 1.5 0 0 0 
0 0 0 0.6 0 0 0 
0 0 3.36 0 0 0 0 
0 0 2.7 0 0 0 0 
0 0 0.55 0 0 0 0 
0 0.72 1.64 0 0 0 0 
0 0.96 0 0 0 0 0 
0 0.42 0 0 0 0 0 
0.09 0.09 0 0 0 0 0 
0.54 0 0 0 0 0 0 
1.14 0 0 0 0 0 0 
0.3 0 0 0 0 0 0 
0 0 0 0 0 0 0.05 
0 0 0 0 0 0 0.49 
0 0 0 0 0 0 2.3 
0 0 0 0 0 2.3 0.09 

p[k]=
0.05 0.03 0.05 0.04 0.05 0.03 0.01 

d'''[i][k]=
0 0 0 0 0 2 18 
0 0 0 0 5 15 0 
0 0 0 0 5 0 0 
0 0 0 0 5 0 0 
0 0 0 1 4 0 0 
0 0 0 5 0 0 0 
0 0 0 9 0 0 0 
0 0 16 4 0 0 0 
0 16 4 0 0 0 0 
20 0 0 0 0 0 0 

r'''[i][k]=
0 0 0 0 0 0.08 2.52 
0 0 0 0 1.1 5.7 0 
0 0 0 0 3.35 0 0 
0 0 0 0 1.15 0 0 
0 0 0 0.31 1.2 0 0 
0 0 0 0.25 0 0 0 
0 0 0 0.27 0 0 0 
0 0 0.32 0.12 0 0 0 
0 1.44 2.68 0 0 0 0 
2 0 0 0 0 0 0 
