|S|=4
|R|=6
|O|=5
|V|=10
q=70
c=1
Tmax=960
H=1000

e'[i][j]=
0 432 462 417 237 
72 0 267 231 75 
208 387 0 424 84 
153 281 68 0 533 
51 542 384 94 0 

e''[i][j]=
0 133 221 479 388 546 414 
208 0 385 324 365 83 422 
219 309 0 161 344 223 109 
81 342 123 0 487 296 391 
325 186 439 321 0 403 291 
379 504 236 263 273 0 514 
462 254 273 190 525 58 0 

e'''[i][j]=
0 218 456 197 238 396 
211 0 133 317 301 430 
176 277 0 476 301 216 
488 394 400 0 419 541 
559 439 443 195 0 286 
86 76 193 219 357 0 

t'[i][j]=
0 126 149 145 33 
27 0 189 130 57 
95 187 0 164 87 
112 153 24 0 70 
25 168 123 35 0 

t''[i][j]=
0 147 170 57 154 195 174 
166 0 193 28 153 148 30 
25 166 0 168 169 113 63 
48 165 88 0 191 96 35 
79 194 140 138 0 133 179 
88 104 165 61 125 0 161 
32 43 109 109 42 136 0 

t'''[i][j]=
0 126 191 86 92 76 
147 0 147 167 166 51 
183 167 0 155 169 185 
123 32 103 0 118 199 
199 114 65 70 0 88 
25 81 171 113 139 0 

d''[i][k]=
0 0 19 0 
0 19 3 0 
5 19 0 0 
19 0 0 0 
0 0 3 20 
0 0 21 0 

r''[i][k]=
0 0 12.92 0 
0 1.9 0.12 0 
0.9 6.65 0 0 
3.8 0 0 0 
0 0 0.03 12.2 
0 0 1.26 0 

p[k]=
0.04 0.01 0.03 0.03 

d'''[i][k]=
0 0 6 20 
0 0 26 0 
0 10 14 0 
0 26 0 0 
24 2 0 0 

r'''[i][k]=
0 0 1.32 13.8 
0 0 1.82 0 
0 0.6 6.72 0 
0 15.6 0 0 
12.24 0.02 0 0 
