|S|=12
|R|=38
|O|=15
|V|=30
q=150
c=1
Tmax=960
H=1000

e'[i][j]=
0 76 150 363 531 427 70 397 241 312 133 187 149 
411 0 239 60 209 554 410 68 509 159 276 133 295 
108 71 0 268 356 389 141 311 239 255 329 326 528 
82 211 155 0 461 361 477 110 428 269 402 449 315 
253 170 323 89 0 539 75 397 78 219 499 295 372 
423 510 228 543 315 0 486 344 340 166 546 209 479 
252 517 256 62 225 408 0 304 404 419 434 94 313 
118 124 326 340 243 550 531 0 460 346 249 317 153 
158 171 416 174 295 421 112 220 0 50 233 342 503 
113 220 512 158 490 453 203 60 152 0 351 514 306 
145 303 210 263 547 420 471 388 295 163 0 92 392 
498 216 371 290 123 114 408 210 136 275 545 0 223 
411 121 263 495 416 447 474 101 457 524 120 416 0 

e''[i][j]=
0 193 72 361 549 98 77 111 433 226 357 222 465 486 395 459 496 417 499 230 75 511 514 401 143 411 330 103 261 359 358 128 329 70 517 465 446 153 318 
555 0 424 530 286 256 318 462 501 528 204 213 518 67 324 215 253 462 447 275 272 374 413 554 501 524 257 58 536 246 523 452 272 511 236 81 303 485 480 
213 347 0 183 98 393 364 370 247 130 346 238 117 269 458 300 301 112 399 115 98 526 327 369 124 326 91 371 546 386 490 200 543 185 466 409 460 101 112 
195 296 232 0 48 85 390 532 475 456 531 257 82 478 464 560 353 490 181 333 298 322 230 109 61 75 312 56 273 153 436 475 81 50 405 432 179 520 556 
519 375 451 313 0 265 465 174 155 254 283 155 85 60 322 296 134 82 79 134 73 205 66 202 135 257 127 349 347 329 164 324 532 226 104 448 188 139 133 
166 62 76 81 70 0 321 173 538 479 106 466 295 547 119 438 59 237 348 266 68 464 425 83 154 183 102 205 243 554 249 325 172 268 112 248 58 138 173 
80 313 65 430 80 189 0 90 551 48 271 59 162 429 382 552 341 167 456 494 285 118 345 265 188 283 71 560 481 348 210 399 193 144 480 175 215 435 420 
278 285 148 101 550 273 60 0 113 536 308 159 215 140 468 189 399 260 303 388 229 62 97 97 233 183 51 301 307 295 221 525 97 283 137 373 484 183 151 
461 75 441 438 507 368 368 477 0 469 93 497 467 274 338 94 544 544 170 340 148 447 369 95 219 431 243 230 425 556 129 131 143 484 110 297 345 75 504 
516 197 244 177 488 270 336 387 463 0 181 148 176 83 173 450 468 423 375 149 393 52 197 79 435 67 199 162 549 449 56 264 73 557 510 443 443 144 124 
128 242 481 528 450 283 429 94 57 85 0 100 486 429 69 263 334 198 357 467 319 419 55 413 454 108 224 201 238 471 70 262 60 264 498 319 210 559 107 
243 219 423 75 187 354 316 71 229 335 384 0 251 386 81 203 230 417 281 53 257 237 67 134 175 552 291 503 140 230 521 439 388 227 126 142 273 351 61 
159 370 455 63 446 113 288 93 112 229 508 526 0 174 373 505 428 122 472 466 63 514 485 504 396 302 407 271 377 474 194 59 247 263 330 75 405 266 335 
225 185 200 91 252 62 544 304 130 345 238 398 93 0 154 224 327 449 363 124 321 359 442 370 419 453 68 224 216 119 544 551 321 331 559 233 209 71 131 
267 273 299 250 533 512 357 472 56 253 431 382 262 268 0 407 149 513 331 432 245 150 404 248 459 81 237 454 302 139 402 306 538 51 165 394 498 245 91 
253 217 220 155 525 537 273 202 96 75 276 118 336 549 316 0 459 416 115 161 68 437 181 352 508 223 359 242 76 505 128 492 423 542 373 532 471 429 149 
396 528 150 314 81 480 438 419 51 441 281 164 291 129 152 482 0 445 331 341 297 104 86 149 419 104 498 208 56 50 468 242 444 157 440 505 118 240 210 
65 296 402 343 247 475 300 304 142 101 242 526 532 314 210 54 372 0 131 329 483 100 426 410 347 390 110 445 154 207 54 301 470 105 55 240 432 278 174 
111 389 434 496 546 408 332 301 396 516 178 238 446 304 417 433 420 515 0 261 100 71 405 547 83 431 339 300 526 55 77 115 467 507 246 491 99 518 289 
168 312 111 52 440 249 325 311 446 357 557 542 475 279 508 49 514 474 473 0 180 457 240 216 243 151 351 280 197 133 437 99 471 381 453 276 435 159 389 
238 492 273 214 261 313 57 203 536 297 198 261 182 83 333 511 537 143 481 504 0 331 496 402 472 452 540 214 184 350 157 268 343 175 317 163 483 548 77 
463 199 468 513 108 560 227 454 170 454 517 439 475 350 266 114 117 189 355 334 247 0 405 542 398 503 182 470 156 323 325 142 75 520 222 436 469 281 342 
243 210 247 248 541 284 556 54 417 453 59 139 232 200 230 555 290 493 226 356 492 81 0 549 172 552 192 555 279 452 213 441 410 421 378 345 478 489 547 
225 426 227 243 465 503 383 361 55 363 320 426 458 215 241 249 275 325 116 156 94 363 454 0 476 286 67 397 117 312 407 76 185 196 74 246 70 103 317 
443 513 316 552 81 553 111 332 49 364 286 553 202 156 476 77 181 289 63 479 435 425 446 141 0 328 419 224 225 234 133 418 479 556 94 525 164 520 52 
450 451 248 489 251 210 208 537 438 394 190 467 137 214 319 505 403 492 230 368 230 309 141 198 107 0 327 164 394 152 262 151 89 287 116 202 132 232 379 
301 105 529 185 427 216 233 175 474 127 83 503 182 521 179 207 399 370 170 509 103 84 181 428 231 413 0 103 159 256 554 336 522 553 122 156 271 56 146 
148 92 105 86 392 500 119 167 203 353 500 462 167 548 57 499 76 254 173 206 456 97 550 360 52 146 314 0 439 366 459 429 152 228 484 519 67 61 518 
439 266 267 449 229 484 208 124 196 164 511 109 475 259 318 84 132 441 545 412 509 320 334 189 287 79 466 56 0 325 432 294 331 382 415 235 330 63 560 
522 525 376 523 252 484 82 378 376 55 439 504 537 145 250 132 67 244 440 556 377 302 551 126 414 150 286 64 133 0 526 544 392 284 142 81 102 50 111 
507 512 163 556 551 504 350 199 558 399 166 268 203 106 387 256 59 548 184 181 168 345 434 546 364 393 52 516 380 262 0 455 137 464 231 475 253 484 532 
267 250 212 281 178 356 362 462 478 253 68 53 275 500 71 126 417 195 436 64 103 220 266 323 210 372 464 450 387 121 227 0 485 534 319 525 525 275 316 
191 60 275 551 241 142 235 111 69 258 92 96 552 399 290 411 152 532 274 234 516 284 447 331 190 95 499 228 543 353 381 134 0 387 368 118 554 133 386 
240 361 278 444 53 516 367 240 398 251 449 121 222 473 255 207 57 381 248 215 382 294 302 475 104 102 510 97 347 216 478 428 215 0 214 89 413 98 146 
559 67 360 127 103 193 374 126 506 53 248 72 184 165 417 84 105 546 530 549 328 205 214 410 202 89 338 395 63 49 200 168 65 98 0 195 212 110 154 
132 309 69 371 410 150 149 197 112 268 540 392 260 212 229 290 94 412 413 427 507 265 486 456 138 560 495 542 555 518 90 399 266 134 305 0 448 144 318 
409 191 399 223 351 410 244 282 529 538 162 419 277 173 397 145 98 235 468 52 370 260 349 218 405 91 325 383 216 230 457 450 528 422 83 310 0 211 548 
503 257 448 50 320 262 192 291 128 483 170 310 364 267 479 556 333 176 344 58 135 174 546 309 416 395 493 520 493 402 164 288 498 148 375 62 246 0 263 
208 486 244 546 472 105 377 251 311 365 219 560 236 315 56 74 189 422 218 456 72 85 426 471 146 243 120 95 452 174 127 298 139 367 506 288 539 155 0 

e'''[i][j]=
0 228 510 69 296 59 167 51 273 451 315 450 407 186 107 365 
253 0 107 448 503 136 147 539 439 192 311 113 435 239 256 199 
81 442 0 240 475 453 371 439 226 367 443 352 284 320 280 68 
261 230 425 0 516 247 446 441 369 48 284 218 119 334 474 472 
118 460 126 424 0 120 224 93 468 388 285 240 435 475 449 290 
173 215 322 534 93 0 462 243 309 70 433 322 112 206 223 194 
145 50 533 423 457 558 0 380 123 389 91 472 560 437 295 221 
94 271 195 208 329 283 512 0 104 357 477 113 261 469 348 466 
232 206 326 399 512 157 85 80 0 278 108 200 77 75 252 164 
443 542 442 260 285 110 185 483 0 0 77 372 149 504 249 96 
361 241 188 518 540 371 250 202 520 411 0 451 180 374 396 397 
523 207 311 298 83 312 76 100 264 179 452 0 558 470 253 514 
111 158 252 430 66 54 511 171 115 486 381 261 0 203 280 282 
237 252 251 170 165 344 162 560 555 525 537 528 417 0 468 451 
538 534 200 292 117 146 313 61 535 196 196 528 450 262 0 529 
193 211 367 405 560 135 188 276 367 126 285 158 333 297 248 0 

t'[i][j]=
0 151 174 189 23 150 148 105 173 44 175 169 29 
184 0 134 44 63 179 141 129 30 151 54 38 166 
111 193 0 59 164 45 103 171 161 144 190 156 90 
154 89 96 0 62 133 63 149 21 78 137 192 114 
25 63 135 59 0 168 78 26 164 169 166 34 167 
182 142 141 54 190 0 72 68 73 179 174 71 147 
142 83 94 49 33 130 0 74 106 58 99 96 195 
84 82 129 134 93 157 134 0 29 138 113 67 79 
197 135 24 41 133 156 97 71 0 176 45 57 109 
154 137 139 55 138 128 149 156 104 0 121 158 122 
163 140 81 91 135 37 114 66 68 126 0 115 22 
120 103 178 176 142 153 200 122 31 170 136 0 139 
184 57 145 191 82 82 36 158 55 107 135 20 0 

t''[i][j]=
0 119 57 61 176 161 200 194 37 106 176 81 38 70 178 133 55 179 33 127 83 197 67 170 138 60 22 43 198 191 196 113 138 160 33 35 33 156 195 
165 0 188 24 188 41 45 38 42 62 71 84 85 180 193 131 122 21 131 166 194 183 138 98 64 98 175 196 128 51 103 148 26 97 191 49 34 39 77 
151 84 0 37 123 69 95 150 163 134 170 156 56 33 125 153 182 175 102 169 184 154 187 85 118 66 181 95 158 100 29 92 156 98 88 150 117 160 76 
64 97 73 0 189 110 184 115 41 110 64 197 156 93 68 106 126 79 64 53 114 137 20 184 112 98 200 178 65 104 162 21 153 65 135 144 48 76 47 
143 57 144 79 0 54 186 195 33 198 190 122 133 35 160 103 60 93 145 104 189 168 22 58 81 74 26 139 182 145 134 44 155 153 122 119 141 148 86 
31 185 75 177 66 0 105 182 70 163 157 78 178 75 149 188 111 114 32 92 83 168 99 158 127 89 31 155 172 64 172 199 51 131 103 200 26 150 165 
122 31 117 67 102 62 0 104 142 61 133 75 122 163 39 118 131 152 114 127 186 181 101 189 83 109 153 80 112 162 90 135 118 196 137 29 46 106 140 
25 23 167 139 64 104 46 0 54 93 29 29 120 143 127 165 139 91 191 177 119 56 25 50 59 157 192 111 21 137 168 108 164 77 182 99 192 172 86 
86 92 157 79 187 85 117 118 0 144 116 84 105 57 198 104 61 31 88 35 66 109 169 40 150 73 55 177 48 141 189 82 45 27 128 115 124 59 34 
134 47 174 196 180 176 89 73 31 0 142 172 57 73 195 152 133 35 181 126 113 30 144 40 49 115 174 75 181 155 77 88 20 169 41 26 33 189 116 
55 188 109 181 142 96 129 101 45 164 0 39 83 92 177 125 174 112 126 28 141 144 58 116 190 59 160 66 121 197 24 73 176 165 105 152 80 147 128 
36 183 197 171 63 120 65 154 89 191 84 0 161 80 135 51 66 84 92 173 113 141 172 47 175 131 90 75 150 109 57 124 174 160 33 62 28 142 155 
49 136 82 78 166 38 194 127 161 95 133 92 0 188 93 185 31 148 54 141 172 141 166 114 105 102 129 93 82 22 135 52 192 147 134 187 60 167 157 
107 117 131 34 55 72 197 200 138 39 104 22 100 0 59 71 51 157 194 118 174 44 161 96 195 111 55 140 91 135 169 77 115 198 154 73 56 183 179 
66 191 142 115 66 153 119 87 93 144 102 73 189 83 0 43 137 42 84 146 164 119 151 33 79 114 160 22 86 75 98 105 107 199 102 47 100 73 116 
200 128 194 60 137 69 56 186 111 99 56 113 181 164 70 0 74 138 39 118 68 45 125 71 137 153 185 120 156 170 27 178 104 150 193 93 110 199 96 
91 162 96 179 158 103 78 197 119 123 181 138 69 52 178 27 0 148 181 141 149 192 176 109 120 137 129 62 77 30 92 172 180 84 20 196 164 175 130 
76 166 83 88 60 54 101 117 31 30 54 166 100 155 145 68 97 0 147 39 54 159 190 152 30 80 49 88 41 42 92 130 118 172 97 38 114 103 134 
101 65 78 152 86 174 135 112 79 116 113 63 105 87 198 34 105 183 0 144 79 165 53 108 94 108 111 158 162 67 128 111 153 145 151 149 55 196 133 
97 80 40 95 172 130 43 84 151 190 183 119 113 188 58 121 136 73 175 0 96 191 164 187 61 167 164 53 148 171 166 151 150 149 194 97 146 87 162 
145 200 117 82 37 104 141 52 94 30 145 191 117 91 77 155 95 140 100 46 0 146 95 23 102 156 107 86 46 155 39 99 74 170 120 67 84 134 159 
153 144 57 144 194 46 79 133 78 37 197 182 99 133 190 145 157 104 181 153 153 0 180 147 66 38 121 31 111 125 55 105 46 199 53 69 54 163 56 
97 82 84 176 82 132 46 87 200 30 179 161 129 84 148 87 156 92 91 120 139 141 0 36 131 143 149 161 70 110 89 101 193 101 102 175 135 21 139 
50 126 123 51 88 50 71 156 133 141 198 27 31 84 162 117 23 114 148 181 50 53 122 0 106 41 23 174 92 108 131 93 154 63 88 141 175 32 78 
142 182 84 152 85 166 194 52 36 190 192 92 87 118 88 50 149 162 84 129 141 97 109 142 0 42 30 152 98 120 143 181 103 70 123 170 194 97 121 
50 58 183 60 121 64 70 131 48 102 84 157 38 177 138 140 110 191 44 144 70 101 158 68 179 0 102 160 55 193 90 77 30 73 112 91 27 173 196 
146 22 173 137 126 75 179 64 49 46 103 50 137 33 125 173 82 136 161 88 56 125 197 148 143 162 0 84 34 101 29 85 127 88 67 43 158 110 95 
169 119 182 120 98 187 188 72 48 180 41 35 58 104 49 84 28 102 69 121 31 178 91 144 189 83 145 0 130 59 45 25 55 88 189 73 188 190 92 
165 130 92 39 39 91 142 159 113 139 172 26 192 46 106 98 134 103 163 147 80 106 147 81 154 101 156 43 0 161 54 63 148 189 51 169 43 23 88 
37 148 33 128 156 24 68 113 40 112 173 173 156 182 97 139 114 171 114 124 132 91 185 85 147 188 120 40 145 0 115 126 81 168 136 146 128 172 122 
83 71 84 91 69 31 195 161 162 55 123 26 194 93 72 102 177 47 102 196 55 43 186 158 139 43 88 95 125 65 0 191 100 69 151 177 48 98 25 
39 54 122 169 185 29 156 184 147 134 139 81 69 74 195 185 59 197 196 109 91 148 116 139 160 30 69 42 169 180 128 0 149 155 108 186 199 84 20 
49 192 191 155 174 182 179 167 189 71 51 109 182 93 136 34 172 136 100 177 138 199 145 34 43 46 31 194 90 109 171 154 0 146 121 115 27 188 173 
137 124 123 47 198 192 99 173 27 157 116 33 62 111 33 157 124 36 68 25 118 32 169 78 116 195 145 154 55 47 114 97 99 0 90 116 113 54 32 
102 163 30 88 58 74 29 102 174 176 96 168 54 34 127 162 81 158 195 168 135 42 48 104 180 119 35 32 131 148 82 59 28 105 0 118 56 199 174 
149 59 48 60 149 195 156 141 61 46 54 200 77 92 66 171 70 75 156 90 122 49 137 116 108 29 101 27 192 139 52 34 62 166 38 0 27 115 128 
81 104 23 192 179 56 26 90 183 148 123 179 163 162 54 174 190 29 65 33 100 172 62 90 42 158 37 26 131 189 107 153 198 151 149 63 0 200 187 
123 188 186 156 181 185 189 180 169 176 171 107 90 29 42 39 134 121 22 126 51 130 180 125 134 44 143 145 99 160 151 130 159 160 95 142 109 0 128 
104 97 187 60 164 179 23 174 84 51 94 180 73 99 124 153 87 44 189 103 67 73 196 57 147 23 40 176 198 85 43 75 199 154 160 146 177 156 0 

t'''[i][j]=
0 166 149 101 119 76 146 121 179 27 102 108 184 155 70 131 
191 0 92 125 59 123 171 147 118 35 66 93 176 87 114 129 
171 110 0 160 191 48 113 165 23 99 196 125 172 33 74 82 
74 160 197 0 84 41 109 171 126 182 166 62 168 191 34 48 
81 71 109 107 0 41 31 115 156 95 42 121 128 105 115 73 
21 149 21 175 32 0 94 53 46 124 200 117 62 129 142 122 
56 192 108 142 83 174 0 123 107 160 199 177 197 148 190 184 
165 158 159 105 102 109 61 0 57 136 115 144 48 20 95 174 
126 26 118 161 178 30 23 161 0 66 170 171 71 79 148 46 
177 165 132 183 42 122 20 130 53 0 25 62 185 22 126 118 
45 48 181 125 185 107 67 38 164 44 0 135 63 133 55 131 
144 34 39 143 161 128 21 145 99 86 84 0 54 81 78 200 
163 171 129 119 85 39 186 51 25 119 83 180 0 135 24 128 
132 120 137 151 128 29 41 25 30 31 101 153 100 0 45 194 
91 181 72 120 119 180 182 185 164 61 87 36 35 99 0 46 
36 57 176 99 124 106 26 104 49 193 33 83 110 43 87 0 

d''[i][k]=
0 0 0 0 0 0 0 0 0 5 0 0 
0 0 0 0 0 0 0 0 0 5 0 0 
0 0 0 0 0 0 0 0 0 5 0 0 
0 0 0 0 0 0 0 0 0 5 0 0 
0 0 0 0 0 0 0 0 0 5 0 0 
0 0 0 0 0 0 0 0 1 4 0 0 
0 0 0 0 0 0 0 0 5 0 0 0 
0 0 0 0 0 0 0 0 5 0 0 0 
0 0 0 0 0 0 0 0 5 0 0 0 
0 0 0 0 0 0 0 5 0 0 0 0 
0 0 0 0 0 0 5 0 0 0 0 0 
0 0 0 0 0 0 5 0 0 0 0 0 
0 0 0 0 0 0 5 0 0 0 0 0 
0 0 0 0 0 5 0 0 0 0 0 0 
0 0 0 0 0 5 0 0 0 0 0 0 
0 0 0 0 0 5 0 0 0 0 0 0 
0 0 0 0 0 5 0 0 0 0 0 0 
0 0 0 0 0 5 0 0 0 0 0 0 
0 0 0 0 3 2 0 0 0 0 0 0 
0 0 0 0 5 0 0 0 0 0 0 0 
0 0 0 0 5 0 0 0 0 0 0 0 
0 0 3 1 1 0 0 0 0 0 0 0 
0 2 3 0 0 0 0 0 0 0 0 0 
0 5 0 0 0 0 0 0 0 0 0 0 
0 5 0 0 0 0 0 0 0 0 0 0 
0 5 0 0 0 0 0 0 0 0 0 0 
4 1 0 0 0 0 0 0 0 0 0 0 
5 0 0 0 0 0 0 0 0 0 0 0 
0 0 5 0 0 0 0 0 0 0 0 0 
0 0 0 5 0 0 0 0 0 0 0 0 
0 0 0 0 0 0 0 5 0 0 0 0 
0 0 0 0 0 0 5 0 0 0 0 0 
0 0 0 0 0 0 0 5 0 0 0 0 
0 0 0 0 0 0 0 5 0 0 0 0 
0 0 0 0 0 0 0 0 0 0 4 1 
0 0 0 0 0 0 0 0 0 1 0 4 
0 0 0 0 0 0 0 0 0 0 5 0 
0 0 0 0 0 0 0 0 0 0 5 0 

r''[i][k]=
0 0 0 0 0 0 0 0 0 2.1 0 0 
0 0 0 0 0 0 0 0 0 1.45 0 0 
0 0 0 0 0 0 0 0 0 0.45 0 0 
0 0 0 0 0 0 0 0 0 3.35 0 0 
0 0 0 0 0 0 0 0 0 0.95 0 0 
0 0 0 0 0 0 0 0 0.13 0.48 0 0 
0 0 0 0 0 0 0 0 0.75 0 0 0 
0 0 0 0 0 0 0 0 1.6 0 0 0 
0 0 0 0 0 0 0 0 3.3 0 0 0 
0 0 0 0 0 0 0 1.75 0 0 0 0 
0 0 0 0 0 0 1.6 0 0 0 0 0 
0 0 0 0 0 0 1.75 0 0 0 0 0 
0 0 0 0 0 0 2.45 0 0 0 0 0 
0 0 0 0 0 0.55 0 0 0 0 0 0 
0 0 0 0 0 0.05 0 0 0 0 0 0 
0 0 0 0 0 2.9 0 0 0 0 0 0 
0 0 0 0 0 1.5 0 0 0 0 0 0 
0 0 0 0 0 1.45 0 0 0 0 0 0 
0 0 0 0 1.38 1 0 0 0 0 0 0 
0 0 0 0 1.2 0 0 0 0 0 0 0 
0 0 0 0 2.35 0 0 0 0 0 0 0 
0 0 1.89 0.02 0.17 0 0 0 0 0 0 0 
0 0.22 0.03 0 0 0 0 0 0 0 0 0 
0 2.55 0 0 0 0 0 0 0 0 0 0 
0 0.35 0 0 0 0 0 0 0 0 0 0 
0 4.6 0 0 0 0 0 0 0 0 0 0 
0.36 0.22 0 0 0 0 0 0 0 0 0 0 
2.2 0 0 0 0 0 0 0 0 0 0 0 
0 0 0.75 0 0 0 0 0 0 0 0 0 
0 0 0 1.55 0 0 0 0 0 0 0 0 
0 0 0 0 0 0 0 4.1 0 0 0 0 
0 0 0 0 0 0 0.5 0 0 0 0 0 
0 0 0 0 0 0 0 0.4 0 0 0 0 
0 0 0 0 0 0 0 0.6 0 0 0 0 
0 0 0 0 0 0 0 0 0 0 0.08 0.04 
0 0 0 0 0 0 0 0 0 0.77 0 2.2 
0 0 0 0 0 0 0 0 0 0 0.65 0 
0 0 0 0 0 0 0 0 0 0 0.05 0 

p[k]=
0.03 0.03 0.01 0.05 0.04 0.03 0 0.03 0.05 0.02 0.03 0.01 

d'''[i][k]=
0 0 0 0 0 0 0 0 0 11 14 5 
0 0 0 0 0 0 0 0 11 19 0 0 
0 0 0 0 0 0 0 0 5 0 0 0 
0 0 0 0 0 0 0 5 0 0 0 0 
0 0 0 0 0 0 0 5 0 0 0 0 
0 0 0 0 0 0 0 5 0 0 0 0 
0 0 0 0 0 0 0 5 0 0 0 0 
0 0 0 0 0 0 5 0 0 0 0 0 
0 0 0 0 0 0 5 0 0 0 0 0 
0 0 0 0 0 0 5 0 0 0 0 0 
0 0 0 0 0 0 5 0 0 0 0 0 
0 0 0 0 0 5 0 0 0 0 0 0 
0 0 0 0 0 20 0 0 0 0 0 0 
0 0 8 6 14 2 0 0 0 0 0 0 
9 18 3 0 0 0 0 0 0 0 0 0 

r'''[i][k]=
0 0 0 0 0 0 0 0 0 0.77 5.32 2.05 
0 0 0 0 0 0 0 0 0.33 6.65 0 0 
0 0 0 0 0 0 0 0 0.75 0 0 0 
0 0 0 0 0 0 0 2 0 0 0 0 
0 0 0 0 0 0 0 0.15 0 0 0 0 
0 0 0 0 0 0 0 0.25 0 0 0 0 
0 0 0 0 0 0 0 0.15 0 0 0 0 
0 0 0 0 0 0 0.2 0 0 0 0 0 
0 0 0 0 0 0 0 0 0 0 0 0 
0 0 0 0 0 0 2.55 0 0 0 0 0 
0 0 0 0 0 0 4.2 0 0 0 0 0 
0 0 0 0 0 3.8 0 0 0 0 0 0 
0 0 0 0 0 1 0 0 0 0 0 0 
0 0 1.52 3.24 0.14 0.1 0 0 0 0 0 0 
0.54 7.2 0.03 0 0 0 0 0 0 0 0 0 
