|S|=4
|R|=6
|O|=5
|V|=10
q=70
c=1
Tmax=960
H=1000

e'[i][j]=
0 239 426 152 194 
502 0 449 114 505 
129 546 0 271 458 
193 314 168 0 203 
515 518 281 317 0 

e''[i][j]=
0 203 253 82 298 276 413 
129 0 160 302 461 260 515 
75 49 0 300 277 488 60 
183 303 491 0 58 277 257 
558 469 254 90 0 448 398 
169 381 478 63 255 0 152 
301 293 66 85 210 104 0 

e'''[i][j]=
0 59 62 385 109 264 
539 0 458 105 510 235 
243 107 0 189 89 462 
456 70 329 0 252 179 
277 472 337 149 0 351 
453 257 203 496 481 0 

t'[i][j]=
0 84 80 138 95 
94 0 48 61 187 
91 108 0 176 73 
192 117 49 0 119 
74 137 20 46 0 

t''[i][j]=
0 79 58 127 52 55 147 
164 0 193 60 29 71 146 
120 146 0 55 112 191 180 
59 161 103 0 90 54 58 
99 36 42 132 0 87 64 
111 56 167 120 121 0 97 
115 105 38 170 126 66 0 

t'''[i][j]=
0 179 183 59 42 188 
27 0 82 102 140 111 
52 181 0 47 25 68 
79 42 159 0 187 114 
90 70 96 132 0 101 
53 50 57 83 44 0 

d''[i][k]=
0 0 16 1 
0 0 14 0 
8 7 7 0 
19 0 0 0 
0 0 12 0 
0 0 0 16 

r''[i][k]=
0 0 10.56 0.54 
0 0 6.72 0 
2.56 1.96 4.9 0 
2.28 0 0 0 
0 0 3.96 0 
0 0 0 0.8 

p[k]=
0.05 0.05 0 0.03 

d'''[i][k]=
0 0 8 17 
0 0 10 0 
0 0 15 0 
2 7 16 0 
25 0 0 0 

r'''[i][k]=
0 0 1.92 8.5 
0 0 3.8 0 
0 0 1.65 0 
1.5 0 1.76 0 
1.75 0 0 0 
