|S|=12
|R|=38
|O|=15
|V|=30
q=150
c=1
Tmax=960
H=1000

e'[i][j]=
0 197 216 383 185 434 409 324 185 221 546 116 245 
241 0 293 83 177 248 179 257 88 232 158 210 126 
501 507 0 310 364 339 88 402 96 301 367 223 520 
134 180 343 0 83 129 168 369 436 57 204 130 509 
86 170 455 534 0 559 296 340 338 148 245 526 225 
557 202 219 282 510 0 110 97 149 272 188 78 508 
481 129 223 516 83 537 0 236 191 162 400 344 455 
471 235 191 150 464 432 344 0 172 128 245 264 126 
50 548 143 199 71 500 114 348 0 468 548 541 168 
333 104 484 472 286 245 223 109 351 0 209 442 330 
359 484 347 332 543 314 221 175 297 234 0 146 331 
140 299 54 293 302 113 239 245 559 218 255 0 369 
64 541 143 77 339 347 465 277 420 323 239 517 0 

e''[i][j]=
0 201 196 384 162 409 319 113 246 486 229 485 59 128 380 71 436 465 322 312 90 555 264 88 388 331 196 488 238 237 402 61 206 120 415 325 309 132 345 
48 0 515 397 213 504 156 521 409 475 407 52 196 277 164 502 272 177 75 323 413 337 405 461 435 320 158 524 217 243 550 526 286 389 328 48 513 416 428 
104 409 0 172 366 69 166 391 292 51 357 211 552 124 233 104 122 67 204 197 185 151 536 170 92 406 78 427 507 84 531 249 486 468 120 316 286 76 162 
393 365 129 0 541 65 231 501 317 102 210 142 499 480 291 289 145 356 380 366 48 251 63 138 489 164 319 222 58 416 95 271 279 191 289 228 102 471 148 
467 393 366 345 0 460 293 193 153 322 120 410 219 441 90 264 127 476 336 264 484 286 171 126 142 50 353 175 371 262 386 219 299 546 366 354 556 166 249 
496 252 186 363 499 0 442 465 51 149 454 472 304 330 447 163 146 481 153 301 464 442 426 54 248 104 137 468 186 230 117 412 103 234 215 285 283 207 245 
219 434 508 69 547 330 0 319 150 503 523 58 62 355 174 260 234 364 67 529 509 408 368 78 107 237 133 409 542 145 200 48 308 301 51 399 102 412 129 
86 408 271 349 309 442 493 0 103 555 533 98 71 489 186 266 229 364 519 506 152 302 288 123 534 480 166 289 497 326 359 491 464 152 206 63 497 418 88 
274 393 215 418 146 542 394 475 0 414 449 460 268 202 139 348 160 455 509 505 499 160 252 191 477 437 213 296 539 458 299 211 350 73 70 550 424 263 348 
537 301 339 375 472 124 498 401 226 0 104 134 193 48 303 188 66 107 137 436 336 328 548 413 298 173 282 70 391 328 477 514 78 60 241 545 231 177 125 
313 136 161 108 395 542 460 229 553 79 0 154 427 547 148 146 52 112 547 416 534 477 277 201 143 519 328 68 163 148 177 310 56 246 181 321 291 155 233 
399 312 127 533 102 208 285 132 225 406 445 0 252 534 75 269 306 536 405 301 86 284 486 106 214 282 133 484 171 502 382 110 77 189 240 96 459 187 329 
406 67 231 254 295 57 173 201 101 210 89 182 0 84 220 347 313 556 515 474 329 400 51 362 411 273 458 342 505 372 484 138 50 549 191 516 402 158 345 
299 438 438 419 95 300 356 545 118 411 417 342 167 0 281 194 432 510 207 458 102 263 487 172 428 353 377 159 164 183 162 395 70 311 110 535 76 205 414 
94 476 256 69 359 275 506 292 215 546 289 515 440 301 0 215 56 387 408 361 231 423 191 96 230 206 61 88 524 308 229 381 261 462 172 265 48 464 427 
355 443 65 94 385 112 327 202 306 520 382 445 480 94 158 0 249 429 255 483 265 183 230 436 183 232 341 497 49 503 389 61 504 456 256 520 112 394 73 
192 436 545 164 135 484 252 376 293 461 494 313 59 365 560 458 0 396 485 147 416 340 383 457 236 288 359 177 359 128 504 442 244 167 102 336 471 370 199 
552 280 61 322 225 308 142 48 171 399 506 498 179 73 525 461 110 0 165 374 193 201 404 322 113 235 76 174 448 521 104 215 70 232 84 468 348 320 190 
445 125 276 361 196 482 366 323 419 198 538 513 453 295 354 507 518 505 0 193 143 442 137 425 136 437 115 148 311 479 303 197 68 253 69 282 152 499 82 
60 428 398 319 86 322 79 96 177 483 364 265 78 324 360 208 329 55 197 0 322 417 64 416 196 456 418 105 194 262 508 96 438 406 176 205 339 204 337 
278 460 195 540 505 277 531 558 547 267 206 529 451 309 110 493 164 295 371 61 0 337 56 250 290 389 331 434 418 180 406 83 484 117 514 320 325 80 107 
354 560 129 141 402 552 318 274 261 77 50 439 403 105 242 208 311 332 172 308 104 0 537 76 226 200 90 471 496 143 216 124 380 92 408 391 234 129 71 
309 504 63 180 188 548 313 469 247 292 74 379 309 389 92 339 52 195 443 351 328 147 0 292 394 151 423 520 552 206 248 182 139 471 451 395 60 492 160 
502 218 373 310 63 544 400 109 85 541 404 82 215 250 285 287 543 190 127 134 301 323 382 0 110 511 493 471 440 424 476 472 545 56 362 389 382 215 554 
545 266 447 288 456 452 423 497 208 176 166 255 200 516 246 319 314 557 95 203 382 258 324 442 0 213 384 411 323 64 297 436 389 246 488 496 284 74 531 
359 55 186 513 388 283 97 417 167 552 188 440 531 103 115 360 162 81 413 155 94 486 357 144 161 0 160 510 166 347 456 258 477 55 375 270 300 538 113 
137 330 429 389 457 85 442 212 520 482 136 341 262 450 115 182 138 180 182 324 311 538 98 197 196 103 0 277 519 65 413 203 391 555 326 180 54 521 252 
187 124 541 339 317 311 282 285 267 178 131 147 223 127 301 515 480 60 257 63 91 482 265 371 61 412 230 0 48 50 175 390 232 435 62 387 449 219 530 
259 283 475 302 271 74 233 156 441 319 81 238 281 441 497 66 406 144 364 146 112 488 539 322 297 241 368 315 0 80 231 393 298 502 363 221 436 519 163 
305 188 357 171 141 353 501 96 307 50 518 519 490 176 59 523 447 141 437 179 237 198 368 275 489 64 536 507 274 0 366 301 92 298 326 337 372 155 257 
197 439 151 541 498 263 351 448 295 224 305 518 295 410 505 510 242 508 139 418 285 51 284 182 207 407 530 518 429 243 0 402 236 236 163 173 239 477 520 
262 66 375 237 354 461 391 516 290 133 309 540 194 109 373 338 403 371 285 230 299 158 195 268 198 394 202 361 407 167 358 0 349 198 349 312 132 187 380 
105 178 144 235 68 319 423 309 461 233 416 99 487 168 557 347 283 72 311 345 396 482 401 167 500 294 271 542 560 139 447 213 0 316 123 347 168 150 424 
364 197 461 510 497 69 507 473 541 155 515 258 348 313 109 401 142 535 225 121 425 245 52 169 534 264 111 544 194 433 226 482 463 0 243 332 346 406 133 
119 273 53 464 440 462 69 475 168 497 491 463 435 166 425 370 111 494 488 309 226 224 330 329 319 550 187 298 54 286 175 369 192 198 0 440 127 153 276 
187 517 103 191 381 115 365 199 476 188 542 182 512 288 404 58 162 491 126 268 357 406 98 141 338 347 401 241 96 523 476 138 415 166 244 0 534 113 464 
234 73 146 96 154 155 379 364 380 462 429 211 528 415 407 350 200 551 292 467 104 192 123 272 124 106 500 529 152 182 301 257 523 327 258 318 0 503 51 
278 262 159 511 243 464 484 113 481 301 177 73 237 511 266 197 123 518 326 497 414 138 330 467 490 487 329 144 89 559 406 456 234 558 490 96 201 0 301 
551 383 387 528 539 64 300 484 225 321 70 543 391 129 551 241 96 306 320 537 99 419 447 220 471 148 75 408 98 368 455 164 116 145 465 120 78 411 0 

e'''[i][j]=
0 267 194 350 421 223 136 399 559 158 537 361 283 140 269 490 
83 0 457 112 483 403 517 454 460 162 202 165 491 213 94 335 
556 144 0 519 371 489 527 348 167 548 494 164 102 360 127 401 
325 534 154 0 473 475 65 73 339 124 230 183 321 419 256 388 
508 377 352 277 0 321 373 401 99 204 447 253 341 317 181 221 
59 510 429 402 165 0 210 150 158 168 320 242 78 494 211 268 
130 69 347 279 145 257 0 111 335 241 470 230 171 550 74 486 
119 543 354 391 126 491 366 0 282 421 96 451 59 454 108 452 
437 466 374 203 98 373 195 364 0 235 379 281 307 186 435 551 
195 552 164 92 309 217 431 152 0 0 95 70 560 331 285 207 
111 534 315 488 149 319 466 88 277 430 0 396 419 165 149 402 
444 368 447 308 239 357 560 199 257 53 191 0 391 383 191 123 
120 86 437 151 513 360 331 195 55 94 193 259 0 549 462 373 
486 160 425 504 440 176 245 52 144 416 385 428 187 0 143 69 
287 109 278 107 283 550 440 306 111 273 392 546 511 151 0 122 
218 142 236 405 524 274 521 188 391 246 154 285 66 398 105 0 

t'[i][j]=
0 99 130 121 79 26 140 41 53 41 92 140 190 
87 0 119 125 194 123 160 181 54 79 61 95 28 
177 135 0 178 169 117 162 188 94 137 133 39 120 
138 144 91 0 78 181 67 43 116 69 114 180 182 
188 60 63 25 0 191 185 147 188 132 171 44 176 
29 144 86 165 136 0 26 102 118 80 143 137 89 
162 156 195 103 44 29 0 194 200 64 148 91 73 
172 108 66 171 60 139 22 0 35 36 120 45 95 
85 88 134 56 116 57 41 110 0 179 120 47 37 
141 161 132 22 77 142 53 181 21 0 79 163 196 
30 73 112 75 88 34 54 163 178 56 0 156 68 
22 101 160 96 148 126 29 187 36 37 40 0 135 
61 135 182 128 175 104 64 95 83 33 194 163 0 

t''[i][j]=
0 126 101 69 90 58 129 170 150 135 24 193 24 158 63 70 130 25 36 105 181 111 67 95 122 156 108 65 39 81 194 140 72 100 192 169 49 126 76 
119 0 99 89 31 141 198 80 89 132 64 188 108 147 105 126 79 157 164 111 58 170 50 114 41 141 22 45 83 134 79 102 121 28 39 170 173 27 80 
194 69 0 162 43 79 63 69 63 80 68 175 197 82 112 30 89 133 145 147 23 157 180 57 41 24 28 132 53 26 159 84 25 115 113 146 151 41 140 
121 35 65 0 131 128 53 67 93 23 187 83 147 145 129 118 63 113 164 178 99 182 40 181 159 149 22 189 167 126 48 113 117 36 127 106 137 101 68 
39 49 94 160 0 109 104 131 135 39 199 48 124 191 174 174 103 104 181 198 33 70 185 135 31 144 179 74 100 182 76 125 103 193 161 192 181 67 73 
36 150 23 78 77 0 43 180 25 61 183 105 182 70 157 200 125 85 82 147 157 186 78 176 110 92 57 153 31 171 88 84 133 116 184 43 107 133 30 
25 35 190 45 194 184 0 146 121 107 113 50 30 26 122 172 81 59 135 24 103 151 199 91 67 134 67 126 89 156 116 65 78 157 20 80 107 168 154 
167 94 112 87 72 40 147 0 101 188 135 89 142 20 22 183 168 38 113 193 166 102 199 116 178 70 194 68 119 93 174 36 83 81 40 136 44 142 180 
53 167 85 181 30 164 28 197 0 136 136 186 102 193 131 165 173 42 38 135 155 96 47 33 29 154 183 127 125 120 56 25 197 186 55 182 185 152 191 
45 101 81 61 101 133 140 163 94 0 36 162 38 149 179 64 55 172 49 57 77 147 199 175 118 164 145 48 96 143 83 199 130 22 117 200 68 172 80 
59 45 159 194 94 164 66 25 139 35 0 181 25 29 74 21 167 97 142 135 27 44 67 183 174 138 157 140 39 66 70 148 123 65 157 31 71 191 54 
102 118 157 200 181 27 86 159 197 101 93 0 37 23 165 70 151 40 173 80 174 61 159 61 147 161 84 193 110 73 29 59 94 158 74 87 132 84 24 
151 164 26 138 100 123 98 197 85 131 173 140 0 82 134 121 100 166 181 107 70 56 34 53 175 47 188 185 195 46 87 168 173 196 163 37 133 162 198 
41 181 92 139 80 182 91 184 87 56 146 149 162 0 67 59 112 152 140 77 160 93 137 79 187 198 90 131 96 63 117 121 188 188 172 50 79 36 65 
174 141 79 178 74 38 112 141 152 82 128 130 57 163 0 172 117 200 60 194 98 51 130 81 94 136 79 45 170 117 184 125 96 161 61 156 118 27 146 
39 152 67 55 195 176 71 157 56 55 95 61 171 179 55 0 24 32 64 26 84 128 120 129 142 53 54 40 30 198 173 198 156 37 25 59 89 129 165 
43 59 71 119 124 88 195 42 111 147 165 145 66 72 193 175 0 109 21 70 20 89 135 156 66 184 20 192 118 111 89 25 110 161 173 129 86 28 133 
24 164 93 200 38 186 108 126 153 165 72 48 73 100 135 103 35 0 59 83 50 120 119 103 45 86 147 76 76 111 133 74 123 156 89 103 189 24 187 
32 104 123 26 28 88 171 68 134 25 50 196 108 27 199 100 131 44 0 23 42 47 35 78 67 34 177 143 78 81 140 84 122 102 144 170 36 56 52 
135 91 58 95 165 186 163 193 58 182 30 57 106 129 31 188 34 162 28 0 160 151 108 137 141 162 164 92 140 146 104 33 118 66 112 52 159 54 58 
112 45 133 120 104 156 74 121 129 29 112 27 140 197 162 70 46 129 178 144 0 32 189 196 185 126 143 129 110 92 147 95 121 120 200 143 142 83 40 
170 64 32 69 82 180 115 52 163 139 127 153 67 193 113 33 120 121 130 114 172 0 70 85 76 152 180 186 83 38 128 99 94 104 119 42 111 130 134 
150 96 146 164 99 73 137 193 130 119 114 115 178 133 26 143 88 46 25 127 200 183 0 34 197 143 119 124 77 59 75 129 172 172 191 58 167 165 30 
121 182 176 59 58 96 63 28 133 58 35 185 126 129 187 65 94 155 53 133 56 99 155 0 31 49 44 134 178 62 129 112 26 64 65 120 103 135 57 
164 135 69 160 63 97 143 200 199 62 194 36 90 47 88 50 76 176 143 163 87 138 57 29 0 170 20 81 58 164 93 90 177 102 99 59 85 168 160 
186 141 171 52 56 76 66 108 82 197 148 161 157 193 177 95 72 182 123 66 177 120 164 27 115 0 158 61 155 114 122 110 95 177 183 153 150 125 183 
37 160 77 157 122 55 67 53 81 145 159 58 122 22 88 161 84 144 72 195 141 62 69 41 95 110 0 86 20 51 78 186 32 116 37 187 122 135 40 
106 80 149 38 199 73 199 149 133 52 118 138 22 76 85 54 124 179 116 47 51 31 174 158 79 130 35 0 120 48 29 173 95 26 115 196 186 90 46 
182 174 188 85 194 169 60 131 75 69 79 75 50 113 48 21 28 147 125 38 146 183 169 93 158 149 67 178 0 121 142 93 68 177 26 70 189 89 118 
106 64 99 147 93 181 162 54 119 108 199 178 193 37 116 62 78 89 44 74 164 24 38 146 100 138 61 79 29 0 147 57 84 63 177 200 120 152 189 
177 103 83 92 30 186 77 170 33 89 195 80 197 50 165 66 153 174 162 110 198 124 160 151 162 51 118 158 125 76 0 55 76 45 118 87 43 119 77 
115 142 65 155 146 161 98 91 129 154 90 153 43 189 89 136 36 83 121 167 166 52 200 150 72 105 179 191 86 153 52 0 89 26 148 36 198 134 29 
90 140 91 175 87 81 103 36 43 65 145 168 58 69 122 83 139 71 179 59 66 100 161 200 51 29 140 128 87 93 137 30 0 125 141 185 94 172 117 
41 41 61 100 182 165 131 103 150 189 36 99 104 128 186 132 131 194 40 118 32 65 126 178 123 169 184 146 192 116 115 200 146 0 82 25 67 145 177 
36 191 192 86 192 105 76 199 47 46 191 82 22 86 59 36 42 127 53 105 124 182 20 94 90 124 59 50 108 191 78 112 146 183 0 105 94 170 89 
62 161 192 150 95 126 170 50 126 25 124 100 185 175 103 138 175 75 32 49 130 141 98 153 103 51 180 103 149 145 129 103 141 27 154 0 168 121 96 
164 115 81 23 193 46 129 42 72 103 48 23 169 76 33 184 32 145 38 125 155 130 172 141 101 78 45 200 48 103 69 49 32 129 108 140 0 185 106 
40 66 89 187 32 56 127 73 32 40 47 57 25 114 45 101 20 167 72 96 132 51 175 176 148 188 95 193 93 67 117 172 71 172 42 124 57 0 182 
51 114 164 156 128 117 121 132 120 95 178 36 74 89 92 170 182 93 57 85 24 20 38 179 162 190 25 49 92 55 123 155 22 110 38 37 164 166 0 

t'''[i][j]=
0 66 82 159 67 47 180 126 189 101 181 116 39 155 109 99 
182 0 190 75 87 104 142 123 44 189 62 167 133 21 163 165 
20 29 0 182 147 55 33 88 130 95 114 66 138 45 25 144 
69 176 165 0 200 134 73 179 54 124 183 151 106 25 149 37 
107 188 80 166 0 32 153 175 105 157 135 179 67 166 85 179 
161 52 198 167 115 0 46 50 148 180 72 117 42 141 91 150 
91 50 53 153 67 173 0 66 179 85 76 152 161 25 171 40 
61 125 44 73 102 191 63 0 72 168 95 84 178 171 143 131 
65 59 182 45 110 62 77 25 0 160 133 151 153 101 145 90 
89 177 109 40 164 132 103 68 109 0 131 54 44 151 86 172 
169 139 67 189 101 99 104 116 169 169 0 96 129 171 41 165 
62 48 30 149 126 158 93 92 108 50 178 0 149 116 74 24 
156 137 167 114 184 111 118 46 121 110 169 40 0 40 194 89 
66 175 165 111 180 140 47 106 62 93 128 55 200 0 45 34 
45 46 26 95 102 22 111 51 59 162 46 38 97 28 0 100 
196 73 156 199 189 183 177 138 36 21 175 24 81 91 168 0 

d''[i][k]=
0 0 0 0 0 0 0 0 0 0 7 0 
0 0 0 0 0 0 0 0 1 5 0 0 
0 0 0 0 0 0 0 0 8 0 0 0 
0 0 0 0 0 0 0 0 7 0 0 0 
0 0 0 0 0 0 0 0 6 0 0 0 
0 0 0 0 0 0 4 0 1 0 0 0 
0 0 0 0 0 0 6 0 0 0 0 0 
0 0 0 0 0 0 5 0 0 0 0 0 
0 0 0 0 0 4 3 0 0 0 0 0 
0 0 0 0 0 5 0 0 0 0 0 0 
0 0 0 0 0 8 0 0 0 0 0 0 
0 0 0 0 5 1 0 0 0 0 0 0 
0 0 0 0 6 0 0 0 0 0 0 0 
0 0 0 0 6 0 0 0 0 0 0 0 
0 0 0 0 6 0 0 0 0 0 0 0 
0 0 0 1 4 0 0 0 0 0 0 0 
0 0 0 5 0 0 0 0 0 0 0 0 
0 0 7 0 0 0 0 0 0 0 0 0 
0 0 7 0 0 0 0 0 0 0 0 0 
0 0 5 0 0 0 0 0 0 0 0 0 
0 2 3 0 0 0 0 0 0 0 0 0 
0 5 0 0 0 0 0 0 0 0 0 0 
0 6 0 0 0 0 0 0 0 0 0 0 
4 2 0 0 0 0 0 0 0 0 0 0 
7 0 0 0 0 0 0 0 0 0 0 0 
5 0 0 0 0 0 0 0 0 0 0 0 
6 0 0 0 0 0 0 0 0 0 0 0 
6 0 0 0 0 0 0 0 0 0 0 0 
0 0 0 7 0 0 0 0 0 0 0 0 
0 0 8 0 0 0 0 0 0 0 0 0 
0 0 0 5 0 0 0 0 0 0 0 0 
0 0 0 6 0 0 0 0 0 0 0 0 
0 0 0 0 0 0 5 2 0 0 0 0 
0 0 0 0 0 0 0 5 0 0 0 0 
0 0 0 0 0 0 5 0 0 0 0 0 
0 0 0 0 0 0 0 0 0 0 0 6 
0 0 0 0 0 0 0 0 0 0 9 0 
0 0 0 0 0 0 0 0 0 0 0 5 

r''[i][k]=
0 0 0 0 0 0 0 0 0 0 0.21 0 
0 0 0 0 0 0 0 0 0.76 0.25 0 0 
0 0 0 0 0 0 0 0 0.4 0 0 0 
0 0 0 0 0 0 0 0 1.96 0 0 0 
0 0 0 0 0 0 0 0 0.12 0 0 0 
0 0 0 0 0 0 1 0 0.07 0 0 0 
0 0 0 0 0 0 0.42 0 0 0 0 0 
0 0 0 0 0 0 0.5 0 0 0 0 0 
0 0 0 0 0 0.6 0.3 0 0 0 0 0 
0 0 0 0 0 0.95 0 0 0 0 0 0 
0 0 0 0 0 2.8 0 0 0 0 0 0 
0 0 0 0 0.1 0.24 0 0 0 0 0 0 
0 0 0 0 0.06 0 0 0 0 0 0 0 
0 0 0 0 1.86 0 0 0 0 0 0 0 
0 0 0 0 2.46 0 0 0 0 0 0 0 
0 0 0 0.01 0.24 0 0 0 0 0 0 0 
0 0 0 3.75 0 0 0 0 0 0 0 0 
0 0 1.33 0 0 0 0 0 0 0 0 0 
0 0 2.03 0 0 0 0 0 0 0 0 0 
0 0 0.1 0 0 0 0 0 0 0 0 0 
0 0.02 2.7 0 0 0 0 0 0 0 0 0 
0 0.95 0 0 0 0 0 0 0 0 0 0 
0 2.46 0 0 0 0 0 0 0 0 0 0 
1.04 0.52 0 0 0 0 0 0 0 0 0 0 
0.28 0 0 0 0 0 0 0 0 0 0 0 
0.05 0 0 0 0 0 0 0 0 0 0 0 
1.92 0 0 0 0 0 0 0 0 0 0 0 
0.24 0 0 0 0 0 0 0 0 0 0 0 
0 0 0 0.42 0 0 0 0 0 0 0 0 
0 0 3.12 0 0 0 0 0 0 0 0 0 
0 0 0 2.8 0 0 0 0 0 0 0 0 
0 0 0 1.98 0 0 0 0 0 0 0 0 
0 0 0 0 0 0 3.3 0.26 0 0 0 0 
0 0 0 0 0 0 0 0.45 0 0 0 0 
0 0 0 0 0 0 0.65 0 0 0 0 0 
0 0 0 0 0 0 0 0 0 0 0 0.18 
0 0 0 0 0 0 0 0 0 0 1.08 0 
0 0 0 0 0 0 0 0 0 0 0 1.1 

p[k]=
0.02 0.03 0 0.05 0.02 0.03 0.04 0.01 0.01 0.01 0.01 0 

d'''[i][k]=
0 0 0 0 0 0 0 0 0 3 16 11 
0 0 0 0 0 0 0 0 3 2 0 0 
0 0 0 0 0 0 0 0 5 0 0 0 
0 0 0 0 0 0 0 0 5 0 0 0 
0 0 0 0 0 0 0 0 5 0 0 0 
0 0 0 0 0 0 0 0 5 0 0 0 
0 0 0 0 0 0 0 5 0 0 0 0 
0 0 0 0 0 0 3 2 0 0 0 0 
0 0 0 0 0 0 5 0 0 0 0 0 
0 0 0 0 0 0 12 0 0 0 0 0 
0 0 0 0 4 18 8 0 0 0 0 0 
0 0 0 7 23 0 0 0 0 0 0 0 
0 0 13 17 0 0 0 0 0 0 0 0 
0 13 17 0 0 0 0 0 0 0 0 0 
28 2 0 0 0 0 0 0 0 0 0 0 

r'''[i][k]=
0 0 0 0 0 0 0 0 0 0.03 1.28 0.88 
0 0 0 0 0 0 0 0 0 0.02 0 0 
0 0 0 0 0 0 0 0 1.8 0 0 0 
0 0 0 0 0 0 0 0 0.2 0 0 0 
0 0 0 0 0 0 0 0 0 0 0 0 
0 0 0 0 0 0 0 0 0.9 0 0 0 
0 0 0 0 0 0 0 2 0 0 0 0 
0 0 0 0 0 0 2.28 0.1 0 0 0 0 
0 0 0 0 0 0 2.85 0 0 0 0 0 
0 0 0 0 0 0 0.96 0 0 0 0 0 
0 0 0 0 0.08 12.24 2.88 0 0 0 0 0 
0 0 0 1.19 5.98 0 0 0 0 0 0 0 
0 0 3.25 6.29 0 0 0 0 0 0 0 0 
0 5.98 0.17 0 0 0 0 0 0 0 0 0 
0.84 0.24 0 0 0 0 0 0 0 0 0 0 
