|S|=7
|R|=23
|O|=10
|V|=20
q=150
c=1
Tmax=960
H=1000

e'[i][j]=
0 202 175 446 335 282 366 258 
423 0 69 217 371 381 116 48 
403 437 0 184 346 287 203 213 
389 183 354 0 67 406 178 241 
158 286 376 445 0 112 311 82 
109 91 92 135 78 0 443 429 
332 391 152 433 454 412 0 97 
130 51 151 448 407 380 395 0 

e''[i][j]=
0 303 368 411 387 391 354 468 153 238 118 274 259 411 194 445 457 233 148 438 246 235 192 65 
160 0 187 257 106 77 353 478 303 267 303 418 192 252 154 200 466 258 181 437 446 174 315 467 
380 265 0 169 365 318 336 205 303 157 90 90 467 68 366 477 138 332 306 177 282 129 319 441 
183 50 467 0 152 188 127 423 56 458 335 353 379 337 188 50 160 260 113 211 427 371 190 466 
133 387 260 276 0 256 242 137 160 66 176 58 456 271 374 256 118 295 112 129 132 336 404 207 
239 433 352 450 465 0 467 321 66 191 383 361 83 360 318 83 150 179 446 219 390 389 295 387 
472 376 220 187 145 64 0 117 403 454 410 174 395 264 402 410 61 258 118 398 400 288 438 286 
210 214 297 151 86 77 359 0 77 435 279 107 380 140 469 282 222 404 391 132 172 153 453 224 
455 381 68 404 331 191 219 88 0 378 114 251 114 403 197 198 479 213 78 71 176 52 236 183 
312 107 245 53 223 457 387 324 206 0 469 414 447 416 131 188 204 441 243 466 259 177 212 163 
55 269 284 367 333 303 186 411 442 192 0 356 107 197 62 91 377 420 414 121 408 456 107 261 
163 190 179 465 135 182 74 119 87 120 117 0 286 410 190 375 473 79 460 443 167 393 403 139 
446 405 80 183 175 49 114 321 111 412 111 479 0 115 67 100 192 124 116 195 252 425 64 241 
407 368 204 92 209 146 229 116 444 351 401 335 436 0 418 311 77 239 457 65 108 210 270 445 
103 429 469 418 190 153 255 203 149 107 138 106 68 199 0 424 72 103 278 462 137 87 153 478 
432 419 111 273 346 155 357 445 126 433 160 230 351 417 398 0 170 81 161 181 218 103 421 315 
195 273 357 184 181 117 242 304 454 461 308 446 479 88 456 463 0 150 373 325 178 66 180 51 
92 444 343 353 452 227 291 451 140 297 329 59 376 354 131 447 314 0 451 70 236 334 150 94 
267 427 461 397 461 121 135 266 364 360 391 266 90 293 208 125 200 350 0 468 55 145 112 193 
345 463 359 103 133 69 453 461 300 421 145 456 155 112 364 466 448 345 263 0 397 288 432 436 
404 454 203 259 219 367 399 125 86 240 163 432 369 287 282 409 67 470 470 51 0 128 80 128 
296 202 262 341 193 57 359 403 315 372 165 144 402 283 140 191 239 397 354 221 356 0 309 378 
412 388 190 345 366 242 91 198 123 384 476 98 386 126 343 70 53 216 343 400 439 56 0 381 
102 79 126 415 204 429 358 211 404 443 169 152 460 255 327 436 443 409 218 459 199 465 456 0 

e'''[i][j]=
0 103 340 149 49 283 317 79 141 468 286 
256 0 394 73 445 98 134 425 60 136 213 
262 108 0 458 429 125 148 101 325 359 58 
439 189 411 0 450 195 260 163 182 305 338 
289 271 66 156 0 138 100 410 423 238 139 
285 432 461 378 393 0 476 210 352 453 60 
286 297 123 184 227 407 0 330 141 292 348 
61 71 175 98 479 474 54 0 124 234 85 
258 88 402 389 367 311 154 307 0 458 304 
264 473 394 323 201 385 134 128 233 0 243 
445 264 228 147 67 99 63 60 164 422 0 

t'[i][j]=
0 52 22 56 94 74 43 85 
85 0 44 96 79 94 76 82 
35 33 0 92 50 35 76 36 
41 77 52 0 75 45 67 90 
58 65 100 45 0 36 54 42 
44 82 73 71 27 0 39 74 
71 50 63 34 61 24 0 95 
74 60 97 25 59 99 88 0 

t''[i][j]=
0 65 49 37 96 86 51 47 60 84 82 44 92 57 67 96 55 20 75 61 81 88 48 37 
33 0 23 92 70 80 64 76 79 38 88 22 97 47 35 87 61 93 96 20 96 33 64 97 
82 41 0 38 86 62 48 71 27 39 36 70 87 47 58 62 48 85 90 37 92 53 45 84 
48 39 79 0 45 85 27 89 52 78 47 92 22 75 20 71 86 27 99 51 32 68 66 59 
48 45 60 87 0 38 25 61 42 21 80 71 22 54 39 91 73 37 92 40 36 82 96 36 
78 70 63 33 61 0 88 53 25 91 76 45 44 20 66 68 58 67 61 89 74 38 93 74 
82 93 52 44 60 74 0 94 27 60 36 82 43 33 73 55 29 76 70 46 39 29 85 66 
75 39 74 47 54 34 80 0 34 55 79 90 85 63 68 27 37 88 22 40 89 36 34 70 
55 72 62 90 100 71 55 70 0 61 35 63 31 83 20 49 94 31 49 98 50 22 79 66 
55 91 65 98 40 31 74 62 35 0 20 29 27 88 93 46 53 98 88 54 27 35 94 44 
77 42 95 92 20 56 31 87 97 27 0 34 61 58 31 98 32 66 98 54 92 98 78 68 
27 75 72 62 24 83 96 62 60 76 43 0 21 48 47 89 73 50 28 22 26 47 61 87 
21 22 83 59 79 30 41 67 36 83 40 62 0 76 35 39 27 95 64 74 89 48 98 41 
41 94 28 77 60 98 32 62 96 42 73 91 23 0 48 53 59 44 51 26 96 30 55 35 
48 72 42 54 27 82 38 63 88 33 45 89 47 71 0 77 95 80 91 53 83 89 44 46 
33 31 45 72 47 74 61 83 24 78 64 21 98 76 99 0 60 97 63 35 80 85 94 87 
59 41 42 31 81 97 73 52 58 67 87 49 91 46 68 27 0 77 36 38 89 85 54 23 
93 95 41 78 82 29 68 56 23 41 26 57 23 20 68 68 21 0 31 100 74 92 45 90 
20 30 49 40 30 27 31 96 94 59 29 23 46 53 98 64 35 89 0 55 83 90 33 77 
62 53 23 97 38 88 29 90 58 32 84 58 66 39 42 87 100 42 77 0 32 99 34 55 
78 82 74 32 20 43 50 99 72 43 34 44 100 91 65 82 56 41 34 94 0 82 49 52 
38 46 52 55 80 37 79 85 69 76 36 59 64 67 20 53 54 23 55 69 38 0 31 93 
29 81 73 20 51 48 65 23 97 75 47 42 98 34 62 73 42 56 70 36 93 51 0 57 
36 34 82 69 77 85 93 20 87 76 29 60 65 99 70 46 81 90 78 79 98 73 73 0 

t'''[i][j]=
0 56 86 29 95 87 27 67 27 48 22 
75 0 25 21 90 35 81 37 75 56 58 
84 71 0 64 59 74 80 64 30 47 64 
73 33 93 0 30 66 21 30 67 40 65 
26 24 86 63 0 51 35 31 67 91 47 
73 24 67 66 41 0 70 60 78 92 49 
78 28 44 67 63 60 0 28 39 87 99 
26 21 44 83 74 70 86 0 23 92 80 
56 63 46 20 92 93 23 51 0 68 34 
89 41 61 34 23 31 100 39 83 0 71 
49 71 52 94 43 57 43 70 73 26 0 

d''[i][k]=
0 0 0 0 0 5 0 
0 0 0 0 0 5 0 
0 0 0 0 2 3 0 
0 0 0 0 6 0 0 
0 0 0 0 6 0 0 
0 0 0 0 5 0 0 
0 0 0 5 0 0 0 
0 0 0 5 0 0 0 
0 0 0 5 0 0 0 
0 0 1 5 0 0 0 
0 0 5 0 0 0 0 
0 0 5 0 0 0 0 
0 0 5 0 0 0 0 
0 1 4 0 0 0 0 
0 5 0 0 0 0 0 
0 5 0 0 0 0 0 
5 0 0 0 0 0 0 
5 0 0 0 0 0 0 
5 0 0 0 0 0 0 
0 0 0 0 0 0 5 
0 0 0 0 0 0 6 
0 0 0 0 0 0 5 
0 0 0 0 0 2 3 

r''[i][k]=
0 0 0 0 0 0.3 0 
0 0 0 0 0 1.45 0 
0 0 0 0 1.08 0.18 0 
0 0 0 0 2.04 0 0 
0 0 0 0 1.92 0 0 
0 0 0 0 2.3 0 0 
0 0 0 0.25 0 0 0 
0 0 0 0.8 0 0 0 
0 0 0 1.7 0 0 0 
0 0 0.65 2.4 0 0 0 
0 0 4.35 0 0 0 0 
0 0 2.4 0 0 0 0 
0 0 3.4 0 0 0 0 
0 0.28 1.04 0 0 0 0 
0 0.25 0 0 0 0 0 
0 0.95 0 0 0 0 0 
0.35 0 0 0 0 0 0 
0.2 0 0 0 0 0 0 
1.4 0 0 0 0 0 0 
0 0 0 0 0 0 0.85 
0 0 0 0 0 0 0.84 
0 0 0 0 0 0 0.8 
0 0 0 0 0 0.46 0.57 

p[k]=
0.04 0.04 0.02 0.03 0.02 0.02 0 

d'''[i][k]=
0 0 0 0 0 1 19 
0 0 0 0 0 5 0 
0 0 0 0 0 5 0 
0 0 0 0 1 4 0 
0 0 0 0 5 0 0 
0 0 0 0 5 0 0 
0 0 0 6 8 0 0 
0 0 6 14 0 0 0 
0 6 14 0 0 0 0 
15 5 0 0 0 0 0 

r'''[i][k]=
0 0 0 0 0 0.15 8.17 
0 0 0 0 0 2.9 0 
0 0 0 0 0 3.2 0 
0 0 0 0 0.09 3.12 0 
0 0 0 0 1.85 0 0 
0 0 0 0 0.6 0 0 
0 0 0 1.08 4.8 0 0 
0 0 3.42 1.12 0 0 0 
0 0.36 4.9 0 0 0 0 
3.75 1.3 0 0 0 0 0 
