|S|=4
|R|=6
|O|=5
|V|=10
q=70
c=1
Tmax=960
H=1000

e'[i][j]=
0 69 79 55 331 
484 0 242 278 191 
425 368 0 353 259 
331 394 485 0 89 
530 415 90 213 0 

e''[i][j]=
0 139 94 144 180 343 485 
186 0 309 495 190 68 242 
239 315 0 375 466 83 393 
225 199 66 0 469 348 392 
475 535 241 129 0 503 324 
66 503 188 126 156 0 62 
165 485 267 297 542 223 0 

e'''[i][j]=
0 210 549 97 61 299 
549 0 417 188 458 60 
263 342 0 318 162 50 
139 120 187 0 172 164 
465 342 534 358 0 215 
555 109 82 160 433 0 

t'[i][j]=
0 131 181 92 133 
122 0 38 85 168 
137 39 0 64 54 
26 197 156 0 126 
132 196 112 198 0 

t''[i][j]=
0 120 78 28 25 133 102 
174 0 30 167 76 175 116 
36 154 0 123 131 77 153 
130 87 93 0 134 195 118 
164 161 146 73 0 120 20 
145 198 165 105 142 0 157 
80 46 29 128 190 104 0 

t'''[i][j]=
0 107 23 85 30 72 
87 0 198 20 145 73 
143 116 0 135 92 148 
132 158 125 0 133 129 
91 98 173 91 0 113 
167 136 89 152 79 0 

d''[i][k]=
0 0 13 16 
0 25 3 0 
6 12 0 0 
24 0 0 0 
0 0 31 0 
0 0 0 23 

r''[i][k]=
0 0 2.73 0.96 
0 3.5 0.57 0 
0.06 3.36 0 0 
14.16 0 0 0 
0 0 17.05 0 
0 0 0 0.69 

p[k]=
0.01 0.02 0.02 0.02 

d'''[i][k]=
0 0 0 35 
0 0 11 4 
0 0 33 0 
0 32 3 0 
30 5 0 0 

r'''[i][k]=
0 0 0 6.3 
0 0 0.11 0.08 
0 0 1.98 0 
0 8.64 0.21 0 
12.6 1.4 0 0 
