|S|=4
|R|=6
|O|=5
|V|=10
q=70
c=1
Tmax=960
H=1000

e'[i][j]=
0 190 476 439 294 
159 0 446 265 428 
281 103 0 139 311 
211 61 483 0 248 
192 217 512 176 0 

e''[i][j]=
0 149 332 167 512 546 526 
454 0 248 414 160 311 501 
495 192 0 109 140 211 275 
404 223 186 0 109 312 331 
127 500 320 477 0 467 359 
425 171 92 156 215 0 102 
314 63 515 230 129 372 0 

e'''[i][j]=
0 380 294 253 392 146 
223 0 98 152 188 63 
512 317 0 523 386 85 
422 543 248 0 163 367 
457 469 435 518 0 271 
116 91 60 294 242 0 

t'[i][j]=
0 151 159 48 25 
44 0 171 152 178 
198 20 0 171 90 
25 80 170 0 34 
84 99 153 66 0 

t''[i][j]=
0 145 100 116 39 179 94 
181 0 66 71 61 139 87 
176 151 0 191 56 26 23 
143 108 73 0 67 110 145 
146 130 123 24 0 44 46 
20 140 171 148 118 0 88 
112 159 161 22 34 57 0 

t'''[i][j]=
0 154 198 22 162 60 
28 0 119 66 155 170 
153 82 0 127 179 123 
136 134 149 0 140 78 
52 112 83 102 0 77 
171 146 105 107 70 0 

d''[i][k]=
0 0 0 20 
0 12 0 15 
3 14 0 0 
18 0 0 0 
0 8 12 0 
0 0 0 13 

r''[i][k]=
0 0 0 3.8 
0 0 0 4.35 
0.87 0.42 0 0 
2.88 0 0 0 
0 0.88 1.44 0 
0 0 0 0.13 

p[k]=
0 0.05 0.02 0.01 

d'''[i][k]=
0 0 0 29 
0 0 0 13 
0 0 9 6 
0 26 3 0 
21 8 0 0 

r'''[i][k]=
0 0 0 25.81 
0 0 0 0.13 
0 0 5.22 2.34 
0 3.38 0.03 0 
1.05 4 0 0 
