|S|=4
|R|=6
|O|=5
|V|=10
q=70
c=1
Tmax=960
H=1000

e'[i][j]=
0 214 216 426 136 
270 0 300 552 177 
381 487 0 363 354 
314 352 82 0 50 
253 553 390 508 0 

e''[i][j]=
0 535 135 139 493 452 560 
170 0 274 456 314 280 180 
532 174 0 553 211 361 251 
266 295 155 0 501 369 175 
452 406 413 546 0 214 381 
428 310 267 168 466 0 59 
400 335 156 534 383 305 0 

e'''[i][j]=
0 488 346 308 80 322 
380 0 304 305 67 218 
511 63 0 98 215 61 
529 378 101 0 354 411 
87 261 382 507 0 262 
212 533 495 143 337 0 

t'[i][j]=
0 83 140 118 182 
199 0 82 155 28 
124 160 0 52 78 
90 195 183 0 120 
66 144 42 178 0 

t''[i][j]=
0 66 164 171 157 30 26 
48 0 83 192 59 195 30 
98 82 0 22 155 197 173 
100 37 192 0 70 193 56 
138 121 192 163 0 46 95 
81 24 141 172 150 0 107 
29 117 146 119 42 91 0 

t'''[i][j]=
0 182 190 112 92 126 
143 0 21 108 24 133 
111 23 0 83 196 176 
113 164 123 0 155 115 
78 171 98 150 0 56 
168 158 136 96 187 0 

d''[i][k]=
0 16 4 0 
0 18 0 0 
14 0 0 0 
10 0 0 0 
0 0 0 16 
0 0 7 9 

r''[i][k]=
0 1.12 0.44 0 
0 0 0 0 
0.56 0 0 0 
0.5 0 0 0 
0 0 0 0.32 
0 0 0.28 0.9 

p[k]=
0.04 0.04 0.03 0.05 

d'''[i][k]=
0 0 0 23 
0 10 11 2 
0 9 0 0 
1 15 0 0 
23 0 0 0 

r'''[i][k]=
0 0 0 1.84 
0 3.4 1.1 0 
0 1.44 0 0 
0.11 4.5 0 0 
11.96 0 0 0 
