|S|=7
|R|=23
|O|=10
|V|=20
q=150
c=1
Tmax=960
H=1000

e'[i][j]=
0 336 397 212 105 382 338 254 
218 0 434 215 445 232 267 478 
387 295 0 243 394 401 84 386 
480 57 288 0 115 276 384 291 
235 176 388 410 0 273 70 201 
213 245 212 349 469 0 422 321 
419 267 65 330 203 175 0 339 
441 106 374 255 457 171 241 0 

e''[i][j]=
0 281 420 452 48 308 338 356 263 76 190 315 134 71 66 372 428 314 181 249 228 181 400 416 
238 0 84 66 252 83 155 341 179 251 362 199 260 60 198 353 184 418 446 287 296 163 101 215 
276 400 0 418 393 165 161 317 273 390 190 71 209 61 323 399 456 141 169 428 165 290 85 296 
330 162 359 0 254 96 102 269 148 285 258 112 329 432 398 80 152 362 76 327 175 471 158 479 
440 114 136 296 0 393 374 131 400 177 409 193 48 382 422 380 314 79 449 429 443 427 472 323 
128 471 380 417 174 0 187 58 336 242 158 237 391 336 341 315 407 163 327 454 386 380 276 405 
278 256 145 370 377 137 0 117 394 159 160 374 130 128 321 298 248 453 302 284 275 226 356 359 
133 188 232 331 226 214 82 0 174 316 250 201 467 153 327 360 241 426 265 427 285 230 225 407 
56 211 476 260 399 412 218 478 0 387 303 212 159 364 146 189 100 404 445 383 149 194 438 336 
475 134 229 184 167 306 280 128 234 0 444 269 240 313 88 105 196 446 63 412 304 399 368 86 
183 146 71 77 335 178 140 456 306 199 0 285 322 210 381 400 346 351 306 458 233 427 216 477 
193 137 51 197 129 271 298 335 422 81 205 0 79 472 435 88 53 431 298 160 318 88 430 157 
216 241 118 349 108 114 406 437 110 256 412 173 0 393 468 411 87 210 199 253 222 416 55 392 
367 449 55 154 179 410 55 249 394 109 82 150 299 0 186 455 302 77 430 293 116 295 243 280 
129 476 127 395 269 329 63 136 437 299 276 392 222 353 0 423 193 326 352 312 87 278 358 195 
236 450 126 398 322 253 262 69 133 442 93 48 109 201 162 0 93 318 118 285 425 416 402 391 
118 191 113 292 220 414 153 265 269 431 442 169 445 239 422 409 0 58 262 447 370 185 149 177 
407 385 218 129 85 162 407 470 311 55 398 262 285 369 380 72 321 0 298 294 226 169 430 100 
294 159 370 385 75 272 395 389 465 460 185 471 313 131 458 52 326 450 0 458 190 436 382 124 
133 113 262 231 372 113 284 61 309 449 205 195 381 341 320 303 429 253 376 0 404 61 283 453 
56 221 115 111 126 82 355 416 72 371 433 196 163 343 145 261 396 135 380 429 0 258 113 122 
466 296 352 78 253 450 102 311 473 97 190 60 402 343 237 453 99 434 201 160 323 0 147 265 
151 188 73 410 432 347 390 151 101 107 439 440 290 411 137 442 173 112 318 350 52 395 0 201 
456 472 450 285 372 350 266 157 472 279 213 324 169 315 311 165 343 446 145 209 244 296 279 0 

e'''[i][j]=
0 203 154 202 68 62 457 439 452 326 99 
200 0 253 202 343 351 469 443 151 397 135 
434 118 0 109 227 187 318 342 281 52 153 
124 266 311 0 444 281 298 464 441 200 367 
159 80 475 257 0 261 366 409 426 374 295 
403 260 430 353 464 0 296 438 262 391 375 
52 122 444 461 410 474 0 173 214 444 179 
118 358 329 282 313 192 259 0 315 132 165 
427 62 270 104 72 342 81 168 0 176 92 
114 174 241 387 418 147 71 319 227 0 323 
113 226 352 75 294 370 405 225 210 179 0 

t'[i][j]=
0 21 52 47 34 24 97 79 
24 0 45 78 60 61 42 87 
88 56 0 78 23 74 51 36 
76 46 40 0 73 29 49 70 
59 54 62 40 0 83 43 95 
86 41 69 67 38 0 73 67 
35 66 78 90 80 82 0 51 
69 39 29 98 95 20 84 0 

t''[i][j]=
0 63 34 42 78 25 90 60 52 96 58 31 73 74 51 78 21 32 74 63 30 46 60 55 
40 0 26 76 22 64 40 54 42 60 76 60 42 37 23 97 67 99 89 50 99 31 26 81 
80 63 0 55 33 66 21 76 80 41 76 51 59 28 52 76 25 63 59 87 32 92 21 44 
46 89 56 0 48 38 97 62 71 71 80 79 88 86 37 75 89 41 21 83 38 50 53 93 
42 48 52 26 0 37 29 90 32 73 38 74 43 44 67 100 46 85 44 65 80 85 76 80 
86 75 73 88 43 0 35 28 90 100 79 55 53 46 51 98 94 53 55 26 84 54 75 44 
56 58 30 23 51 71 0 35 28 29 58 35 94 97 69 42 37 29 45 26 98 77 100 32 
91 98 86 87 84 86 72 0 43 58 72 74 55 100 42 49 75 66 75 77 47 85 24 49 
77 87 81 30 73 98 66 23 0 81 62 79 60 77 93 40 22 77 91 24 37 73 61 83 
83 33 89 61 89 20 48 75 30 0 95 100 63 32 54 98 20 70 78 89 25 25 79 62 
47 73 75 97 73 26 95 57 20 24 0 85 99 65 72 30 81 73 46 47 24 83 29 52 
95 46 69 81 65 35 44 50 62 96 35 0 58 48 42 79 32 36 23 41 82 48 21 23 
72 21 21 31 88 21 35 34 68 22 91 78 0 77 84 92 20 49 60 29 23 67 60 61 
40 27 66 27 30 63 50 34 63 83 62 20 24 0 38 67 89 33 45 60 72 44 95 34 
45 54 56 82 66 35 75 59 67 96 45 72 91 58 0 37 78 53 34 21 43 48 73 56 
81 65 31 97 53 22 55 37 33 43 56 31 49 76 30 0 86 39 35 85 98 31 47 55 
72 97 41 87 34 20 45 44 49 40 27 92 99 29 50 91 0 62 21 64 60 40 44 99 
74 73 62 52 76 37 82 25 65 46 56 44 86 57 92 54 83 0 30 61 31 31 81 26 
71 88 23 54 44 59 32 60 97 57 74 65 30 46 69 41 71 77 0 94 72 45 38 95 
99 60 89 33 69 81 32 45 43 54 64 75 51 97 68 55 82 74 67 0 90 55 48 86 
46 38 81 80 84 44 37 21 41 36 22 35 38 100 25 83 80 60 42 67 0 60 59 20 
70 49 26 44 94 71 72 37 93 30 29 78 99 39 22 43 39 89 29 83 61 0 96 37 
60 42 25 79 41 27 73 30 89 81 67 35 63 83 35 43 93 31 61 96 42 21 0 36 
68 24 50 83 61 69 97 57 89 79 91 37 84 48 92 37 22 67 78 36 70 57 49 0 

t'''[i][j]=
0 67 82 36 96 38 43 38 28 75 85 
70 0 63 29 47 63 21 46 74 78 91 
41 41 0 93 49 100 61 47 61 68 97 
62 54 56 0 67 36 35 92 70 95 79 
56 61 95 24 0 82 70 81 39 69 74 
68 71 37 85 30 0 57 96 23 75 35 
56 96 80 94 21 38 0 57 42 94 57 
50 45 39 53 75 85 81 0 80 56 23 
30 22 50 24 99 75 84 59 0 43 85 
38 63 89 57 61 47 91 95 29 0 52 
68 61 89 37 29 96 72 65 31 71 0 

d''[i][k]=
0 0 0 0 0 0 5 
0 0 0 0 0 5 0 
0 0 0 0 0 5 0 
0 0 0 0 3 2 0 
0 0 0 0 5 0 0 
0 0 0 0 5 0 0 
0 0 0 2 3 0 0 
0 0 0 5 0 0 0 
0 0 0 5 0 0 0 
0 0 0 5 0 0 0 
0 0 4 1 0 0 0 
0 0 5 0 0 0 0 
0 0 5 0 0 0 0 
0 1 4 0 0 0 0 
0 5 0 0 0 0 0 
2 3 0 0 0 0 0 
5 0 0 0 0 0 0 
5 0 0 0 0 0 0 
5 0 0 0 0 0 0 
0 0 0 0 0 0 5 
0 0 0 0 0 0 5 
0 0 0 0 0 5 0 
0 0 0 0 0 0 5 

r''[i][k]=
0 0 0 0 0 0 1.6 
0 0 0 0 0 1.9 0 
0 0 0 0 0 1.95 0 
0 0 0 0 0.3 0.56 0 
0 0 0 0 0.25 0 0 
0 0 0 0 4 0 0 
0 0 0 1 0.99 0 0 
0 0 0 0.35 0 0 0 
0 0 0 3.05 0 0 0 
0 0 0 1.55 0 0 0 
0 0 0.04 0.32 0 0 0 
0 0 0.2 0 0 0 0 
0 0 1.45 0 0 0 0 
0 0.51 1.04 0 0 0 0 
0 0.8 0 0 0 0 0 
0.78 0.48 0 0 0 0 0 
0.75 0 0 0 0 0 0 
1.95 0 0 0 0 0 0 
0.05 0 0 0 0 0 0 
0 0 0 0 0 0 0.8 
0 0 0 0 0 0 0.15 
0 0 0 0 0 3 0 
0 0 0 0 0 0 1.85 

p[k]=
0.01 0.03 0.02 0.04 0.05 0.01 0.02 

d'''[i][k]=
0 0 0 0 0 0 20 
0 0 0 0 0 5 0 
0 0 0 0 0 5 0 
0 0 0 0 0 5 0 
0 0 0 0 3 2 0 
0 0 0 0 5 0 0 
0 0 0 2 8 0 0 
0 0 4 16 0 0 0 
0 6 14 0 0 0 0 
17 3 0 0 0 0 0 

r'''[i][k]=
0 0 0 0 0 0 6.2 
0 0 0 0 0 2.2 0 
0 0 0 0 0 1.45 0 
0 0 0 0 0 0.9 0 
0 0 0 0 0.15 0.3 0 
0 0 0 0 0.65 0 0 
0 0 0 0.02 0.8 0 0 
0 0 0.52 1.76 0 0 0 
0 0.84 4.34 0 0 0 0 
1.36 0.24 0 0 0 0 0 
