|S|=7
|R|=23
|O|=10
|V|=20
q=150
c=1
Tmax=960
H=1000

e'[i][j]=
0 84 305 61 221 220 270 215 
79 0 213 426 57 354 434 173 
251 302 0 440 412 264 170 59 
310 403 91 0 179 329 346 174 
142 248 144 206 0 285 287 426 
375 50 454 348 250 0 310 448 
401 211 317 390 478 347 0 118 
349 289 144 406 92 347 379 0 

e''[i][j]=
0 305 432 52 255 223 107 133 178 126 413 478 409 51 69 273 468 207 203 194 125 240 65 52 
182 0 376 135 324 331 477 420 138 457 477 332 306 363 438 244 398 275 139 428 239 399 446 418 
479 49 0 464 273 295 187 238 386 208 189 380 87 393 85 269 233 150 454 358 391 99 468 72 
130 292 242 0 317 259 390 209 365 387 325 338 177 108 428 178 226 104 171 109 126 169 140 93 
303 299 377 437 0 399 438 365 437 418 198 445 234 335 469 290 379 417 355 161 421 367 192 82 
217 470 267 64 53 0 442 362 477 138 231 448 278 64 234 386 293 288 379 297 176 283 474 316 
107 393 315 152 420 183 0 299 219 105 102 412 89 260 339 473 434 146 454 378 356 130 85 70 
390 170 372 131 337 250 76 0 392 305 206 183 399 258 457 78 268 116 420 258 90 163 363 235 
168 406 431 190 115 306 316 148 0 118 246 242 392 413 176 350 358 318 374 359 141 83 467 122 
456 442 227 429 302 350 204 76 407 0 241 220 215 232 317 390 156 377 266 339 456 474 48 299 
222 127 395 224 109 172 412 379 304 291 0 113 458 388 300 291 476 110 365 457 340 319 285 106 
469 211 409 436 263 402 213 63 378 423 358 0 407 325 189 430 50 372 369 269 213 65 53 222 
188 410 50 105 337 208 247 352 117 286 450 368 0 212 286 271 61 402 422 99 126 78 422 97 
97 261 350 368 70 170 475 93 298 99 261 450 124 0 134 210 356 206 350 304 120 323 72 370 
301 451 247 180 252 424 442 292 72 110 169 432 95 225 0 329 84 166 160 310 375 311 266 471 
398 117 185 380 82 362 190 68 405 480 386 334 230 103 231 0 98 95 232 185 472 129 155 243 
93 203 224 76 475 456 94 458 433 361 107 59 58 385 233 63 0 377 59 256 438 278 320 289 
456 267 166 441 186 277 295 114 421 433 365 436 166 420 119 329 351 0 442 408 143 333 263 100 
196 362 97 440 232 348 243 471 107 100 127 121 182 163 477 101 448 383 0 157 238 245 197 285 
250 339 459 397 280 478 267 253 105 58 87 419 274 186 93 337 420 357 235 0 301 313 138 276 
202 172 321 317 192 319 310 224 462 111 430 172 342 125 163 153 67 368 48 450 0 282 161 464 
267 112 231 193 318 74 103 184 223 408 204 201 303 240 368 252 190 454 118 408 84 0 409 219 
401 426 286 141 126 160 80 144 146 195 257 330 277 197 450 282 356 348 472 249 269 128 0 289 
433 165 81 156 197 344 345 459 233 51 160 244 103 418 421 80 70 288 434 330 449 115 184 0 

e'''[i][j]=
0 284 413 142 128 473 175 234 441 242 235 
445 0 198 173 410 112 204 403 188 299 141 
222 51 0 90 301 84 69 414 57 220 358 
191 467 172 0 435 337 285 170 430 153 431 
102 339 384 302 0 117 132 418 98 358 224 
69 220 293 182 340 0 381 193 266 215 266 
230 415 294 360 239 143 0 338 239 233 353 
92 324 86 78 225 290 346 0 368 242 198 
180 360 267 50 328 56 144 148 0 408 453 
336 466 124 367 174 479 162 174 204 0 314 
114 334 395 465 242 391 222 272 253 101 0 

t'[i][j]=
0 55 45 35 58 31 97 22 
76 0 90 26 29 66 58 79 
72 65 0 66 93 53 91 64 
43 88 94 0 87 40 29 43 
94 52 67 51 0 91 22 41 
58 60 68 44 78 0 29 25 
48 93 91 85 83 84 0 28 
49 27 89 45 81 31 100 0 

t''[i][j]=
0 76 26 93 26 36 94 59 89 43 57 33 59 97 76 81 61 35 54 50 47 34 27 22 
22 0 82 20 23 91 97 78 87 37 99 85 76 31 64 55 39 68 52 23 66 58 30 41 
20 41 0 90 52 71 75 38 85 29 51 73 81 77 31 43 48 22 46 84 78 55 78 68 
64 61 24 0 80 48 84 96 44 97 68 39 21 90 73 95 87 48 30 87 76 34 73 68 
39 90 27 35 0 96 31 34 83 32 42 36 40 98 34 78 32 62 82 72 35 94 67 21 
94 93 31 100 27 0 54 20 29 96 61 63 80 51 41 40 39 100 37 91 21 100 67 90 
30 47 40 24 67 64 0 62 44 87 55 71 31 54 46 47 64 68 87 50 45 70 76 73 
46 80 80 77 31 92 98 0 97 29 51 31 32 97 85 60 20 70 64 74 53 72 80 71 
38 65 41 93 40 62 58 35 0 100 60 96 85 86 29 28 87 41 39 33 67 42 20 42 
26 89 50 88 78 36 100 47 69 0 40 92 51 63 63 48 78 74 33 92 55 23 58 59 
48 35 76 87 20 93 78 35 34 92 0 92 43 68 30 27 95 53 92 89 25 35 65 72 
50 23 55 40 71 99 59 21 30 33 71 0 22 45 23 35 28 28 62 77 50 92 26 89 
24 89 89 64 57 26 27 78 30 86 42 91 0 36 91 46 78 74 53 24 28 31 34 80 
38 84 39 30 60 61 60 61 83 23 32 30 45 0 66 34 46 25 25 89 97 61 96 28 
46 100 78 92 41 33 38 48 91 44 87 62 25 97 0 65 30 36 71 73 86 68 85 53 
53 39 63 58 71 79 47 47 63 86 70 74 60 78 50 0 85 46 71 41 56 91 44 42 
82 48 51 26 40 33 22 44 73 26 80 48 90 37 47 76 0 54 34 88 25 21 95 22 
43 61 33 49 30 65 90 36 74 21 76 40 61 85 74 23 56 0 88 65 47 58 42 46 
36 63 42 88 87 45 34 41 37 92 84 52 82 96 52 47 99 28 0 25 20 61 50 36 
38 43 89 34 76 33 92 38 84 96 40 99 24 36 93 48 91 69 90 0 88 50 80 26 
59 76 93 21 39 60 92 53 32 86 71 70 82 41 86 67 96 26 52 30 0 21 26 68 
98 39 95 100 68 85 99 77 73 72 20 73 54 23 41 47 74 72 85 63 90 0 22 58 
26 37 51 61 85 48 69 77 86 21 97 54 41 66 78 33 35 79 29 38 29 77 0 41 
94 75 89 43 78 61 41 44 100 33 66 72 33 63 28 43 25 28 45 31 73 89 23 0 

t'''[i][j]=
0 49 26 49 64 79 69 25 89 41 42 
75 0 29 52 57 41 65 90 25 62 83 
37 40 0 78 35 70 81 29 87 27 21 
100 27 48 0 84 35 93 48 100 76 80 
26 100 53 37 0 83 45 53 38 27 34 
25 88 79 24 92 0 63 23 33 48 26 
97 24 70 30 86 37 0 87 29 63 52 
46 63 49 62 84 94 83 0 80 28 35 
39 25 39 97 71 87 55 91 0 98 81 
38 38 20 99 75 20 97 48 43 0 99 
57 41 91 57 87 23 87 84 58 71 0 

d''[i][k]=
0 0 0 0 0 0 5 
0 0 0 0 0 5 0 
0 0 0 0 2 3 0 
0 0 0 0 5 0 0 
0 0 0 0 5 0 0 
0 0 0 1 4 0 0 
0 0 0 5 0 0 0 
0 0 0 5 0 0 0 
0 0 0 5 0 0 0 
0 0 1 4 0 0 0 
0 0 5 0 0 0 0 
0 0 5 0 0 0 0 
0 0 5 0 0 0 0 
0 2 3 0 0 0 0 
0 5 0 0 0 0 0 
5 0 0 0 0 0 0 
5 0 0 0 0 0 0 
5 0 0 0 0 0 0 
5 0 0 0 0 0 0 
0 0 0 0 0 0 5 
0 0 0 0 0 0 5 
0 0 0 0 0 5 0 
0 0 0 0 0 0 5 

r''[i][k]=
0 0 0 0 0 0 0.05 
0 0 0 0 0 1 0 
0 0 0 0 0.22 0.51 0 
0 0 0 0 0.55 0 0 
0 0 0 0 0.8 0 0 
0 0 0 0.33 0.72 0 0 
0 0 0 0.3 0 0 0 
0 0 0 0.55 0 0 0 
0 0 0 3.35 0 0 0 
0 0 0.25 1.84 0 0 0 
0 0 1.9 0 0 0 0 
0 0 1.5 0 0 0 0 
0 0 0.25 0 0 0 0 
0 1.52 0.12 0 0 0 0 
0 1.65 0 0 0 0 0 
0.25 0 0 0 0 0 0 
1.25 0 0 0 0 0 0 
0.1 0 0 0 0 0 0 
0.65 0 0 0 0 0 0 
0 0 0 0 0 0 2.8 
0 0 0 0 0 0 0.25 
0 0 0 0 0 0.05 0 
0 0 0 0 0 0 1.05 

p[k]=
0.04 0.03 0.04 0.02 0.05 0.03 0.01 

d'''[i][k]=
0 0 0 0 0 0 20 
0 0 0 0 0 5 0 
0 0 0 0 0 5 0 
0 0 0 0 2 3 0 
0 0 0 0 5 0 0 
0 0 0 0 5 0 0 
0 0 0 6 4 0 0 
0 0 6 14 0 0 0 
0 7 13 0 0 0 0 
20 0 0 0 0 0 0 

r'''[i][k]=
0 0 0 0 0 0 3 
0 0 0 0 0 2.15 0 
0 0 0 0 0 0.15 0 
0 0 0 0 0.54 0.06 0 
0 0 0 0 0.1 0 0 
0 0 0 0 0.2 0 0 
0 0 0 0.72 0.84 0 0 
0 0 0.18 1.82 0 0 0 
0 2.24 1.3 0 0 0 0 
0.8 0 0 0 0 0 0 
