|S|=4
|R|=6
|O|=5
|V|=10
q=70
c=1
Tmax=960
H=1000

e'[i][j]=
0 239 481 298 187 
358 0 147 299 206 
73 377 0 470 452 
117 308 308 0 444 
381 289 516 229 0 

e''[i][j]=
0 274 430 284 543 177 178 
227 0 434 481 442 174 99 
326 78 0 77 403 108 244 
136 416 418 0 560 437 517 
68 229 478 80 0 171 445 
153 385 256 57 285 0 156 
418 488 353 391 347 85 0 

e'''[i][j]=
0 73 184 529 202 416 
215 0 391 515 536 71 
196 338 0 127 259 403 
481 381 282 0 433 552 
505 172 461 401 0 319 
428 211 149 264 152 0 

t'[i][j]=
0 85 125 57 25 
63 0 78 84 143 
38 69 0 57 186 
95 23 26 0 176 
140 33 169 34 0 

t''[i][j]=
0 77 27 41 105 108 65 
82 0 82 139 123 174 179 
100 155 0 23 51 79 114 
81 113 152 0 77 179 198 
107 30 116 49 0 175 132 
124 51 141 156 168 0 43 
200 142 31 63 185 50 0 

t'''[i][j]=
0 31 147 171 197 120 
121 0 67 94 42 121 
122 75 0 44 134 62 
84 133 172 0 141 59 
101 77 161 34 0 183 
100 37 69 149 105 0 

d''[i][k]=
0 14 10 0 
0 18 0 0 
1 15 0 0 
28 0 0 0 
0 0 0 31 
0 0 20 0 

r''[i][k]=
0 4.62 0.5 0 
0 9.36 0 0 
0.02 0.15 0 0 
18.48 0 0 0 
0 0 0 6.51 
0 0 0.8 0 

p[k]=
0.02 0.03 0.01 0.01 

d'''[i][k]=
0 0 4 31 
0 9 26 0 
0 15 0 0 
0 17 0 0 
29 6 0 0 

r'''[i][k]=
0 0 0.08 2.17 
0 0.99 15.86 0 
0 3 0 0 
0 2.04 0 0 
8.99 0.36 0 0 
