|S|=12
|R|=38
|O|=15
|V|=30
q=150
c=1
Tmax=960
H=1000

e'[i][j]=
0 348 216 104 488 176 483 505 364 273 474 158 526 
209 0 530 517 553 536 431 67 434 154 531 64 524 
537 153 0 366 466 406 484 408 557 381 245 536 466 
322 463 186 0 269 335 520 109 443 226 127 160 117 
413 391 271 327 0 529 256 312 259 376 99 506 516 
118 148 184 396 479 0 312 537 193 371 300 365 468 
333 135 551 270 150 471 0 161 356 524 177 373 157 
495 530 136 398 116 114 540 0 58 187 119 193 375 
167 275 78 521 249 276 370 309 0 533 202 498 482 
251 251 52 421 65 408 505 135 105 0 325 491 108 
62 321 96 188 52 50 214 103 61 246 0 101 357 
305 67 375 246 304 172 383 191 351 160 486 0 488 
456 139 528 82 51 504 143 418 477 445 335 294 0 

e''[i][j]=
0 225 151 86 307 390 196 314 398 87 241 243 207 335 537 293 426 418 434 383 230 449 408 52 84 348 78 550 357 121 97 272 287 236 510 460 120 275 63 
158 0 557 460 185 466 428 226 348 52 56 466 243 558 125 247 406 159 56 360 309 231 402 171 388 423 171 346 156 223 317 551 539 176 371 409 247 371 361 
308 408 0 304 212 109 275 410 494 353 538 459 302 126 413 217 489 210 360 53 254 192 401 228 510 117 414 167 370 296 384 426 307 277 449 356 158 338 402 
541 535 414 0 262 145 389 112 550 505 203 484 213 235 390 328 100 59 153 376 150 208 487 399 52 201 80 530 349 207 407 300 242 329 361 112 185 150 485 
541 249 321 261 0 348 202 503 368 96 150 262 398 281 486 241 324 172 100 457 491 438 294 170 366 115 525 192 555 147 472 431 334 405 56 307 304 196 48 
176 159 254 496 61 0 192 456 367 425 53 292 205 229 479 372 75 367 435 517 376 412 201 181 476 217 521 534 353 383 176 101 144 488 107 148 155 496 514 
267 528 193 543 462 79 0 477 322 180 62 50 242 74 344 248 178 453 262 324 156 495 298 92 521 447 231 150 391 339 437 325 232 424 302 103 125 174 122 
387 174 490 396 300 486 58 0 218 354 149 82 244 438 73 485 440 116 489 320 352 79 496 467 550 337 355 487 297 106 130 540 140 219 314 289 521 546 330 
461 200 71 409 468 284 321 408 0 165 235 205 367 198 91 368 215 462 464 255 419 158 331 519 425 530 118 290 284 152 511 266 316 337 188 86 528 321 335 
205 252 163 474 170 241 183 465 288 0 218 348 541 170 455 65 377 65 350 536 558 378 281 412 263 303 417 314 291 142 298 138 401 187 317 529 69 255 211 
67 486 322 109 204 195 107 172 146 419 0 245 554 230 161 355 488 78 423 308 399 158 99 464 388 452 69 50 195 541 167 501 387 383 237 151 261 319 488 
205 411 383 411 145 163 536 209 541 542 337 0 354 454 462 430 520 223 264 526 467 116 453 548 75 182 523 393 193 56 167 539 417 499 500 113 236 156 174 
244 108 540 451 360 551 250 463 154 522 311 153 0 536 439 386 241 348 88 418 117 80 337 521 314 65 413 389 529 284 213 255 483 270 450 414 50 329 437 
166 140 56 189 507 403 305 98 245 278 452 239 447 0 169 551 541 266 454 110 222 491 123 515 560 399 347 147 137 279 326 265 504 179 168 101 112 214 280 
246 499 271 457 312 224 97 389 259 414 500 83 255 555 0 472 388 80 198 274 94 181 459 92 491 358 223 466 422 228 61 144 202 444 340 398 551 400 204 
545 384 118 170 109 232 453 100 349 228 57 413 553 52 325 0 412 436 529 231 283 147 134 546 209 450 199 133 514 414 66 515 279 539 132 69 393 209 526 
209 395 182 62 500 443 283 110 474 294 188 148 312 471 128 89 0 471 526 123 492 415 521 554 266 551 111 273 523 543 218 356 491 207 555 110 319 129 171 
506 201 428 55 50 441 393 504 469 177 547 145 282 86 528 404 179 0 366 121 225 157 538 84 467 559 340 340 536 383 440 190 367 126 541 408 60 438 397 
113 246 385 533 416 275 67 377 211 238 248 254 406 78 398 145 84 384 0 413 210 511 87 194 494 472 64 187 516 48 156 167 356 305 165 411 146 107 447 
439 107 72 506 439 457 515 278 440 92 170 279 52 168 502 275 281 366 413 0 306 459 304 172 246 281 378 538 516 429 272 111 124 545 99 162 218 457 255 
557 441 293 523 187 487 487 411 537 105 100 374 307 57 495 246 99 291 340 104 0 459 486 317 239 280 353 539 337 427 265 239 405 407 100 157 334 184 111 
225 328 280 52 318 194 543 437 499 466 428 381 340 238 136 354 134 453 426 328 458 0 446 480 289 427 132 373 382 236 474 404 283 188 233 234 530 179 294 
468 186 331 322 223 395 244 331 350 257 311 73 416 491 229 196 266 512 54 487 58 393 0 83 303 112 82 71 519 269 59 437 141 423 137 89 450 247 59 
200 60 367 433 414 463 514 68 141 161 515 551 449 301 546 95 527 233 399 185 530 253 245 0 451 361 352 271 420 248 537 383 91 444 389 266 521 480 315 
136 533 212 81 66 269 149 167 83 251 221 377 527 140 425 108 518 154 89 443 397 110 480 293 0 199 91 229 212 236 550 307 291 468 225 532 369 166 206 
279 379 451 114 527 221 516 320 324 465 414 387 334 414 315 429 70 350 318 279 54 349 272 118 259 0 325 225 472 223 259 463 61 99 81 511 88 421 464 
331 267 347 407 509 399 334 132 108 452 467 86 387 433 110 511 170 137 453 489 291 351 109 371 170 153 0 97 258 245 441 133 325 551 236 140 548 95 520 
237 298 80 117 222 254 333 154 420 260 188 313 373 229 250 159 365 214 328 388 374 192 543 65 528 490 533 0 401 86 369 276 334 157 122 96 179 533 150 
523 532 205 70 267 267 322 82 445 285 72 395 422 360 73 241 166 97 376 51 293 385 151 437 454 535 516 530 0 288 506 58 362 325 80 53 317 483 80 
333 510 122 355 50 405 330 205 273 422 514 368 338 413 291 499 473 79 397 416 534 398 486 238 481 221 484 299 151 0 548 441 356 155 557 402 273 90 299 
79 100 352 245 422 136 470 307 425 48 239 235 72 131 319 362 52 236 408 146 173 326 234 356 227 505 510 153 270 258 0 467 395 332 526 110 85 108 198 
351 98 427 116 464 384 177 410 384 246 79 479 510 385 131 185 541 89 79 476 265 109 268 408 497 502 71 115 119 426 385 0 131 308 162 422 308 454 165 
179 407 116 65 185 452 468 380 48 234 167 150 314 532 508 58 53 496 507 103 514 456 81 74 306 70 311 51 359 110 237 405 0 416 411 126 142 389 91 
68 410 449 446 148 193 452 153 483 137 397 516 452 85 194 537 498 450 67 338 109 133 141 440 257 480 230 517 117 394 495 291 116 0 81 86 428 429 464 
403 135 418 171 257 326 95 377 408 134 392 353 177 501 229 96 285 442 255 422 75 385 106 422 201 228 185 286 497 476 351 247 285 529 0 537 222 184 79 
488 294 320 365 525 412 288 277 422 52 253 451 405 255 366 259 550 55 221 269 324 115 73 465 154 333 67 75 177 276 295 287 405 246 51 0 118 487 198 
472 203 377 429 423 479 500 538 98 213 318 421 64 162 73 266 151 267 354 98 233 548 75 340 204 218 559 402 248 168 481 372 416 62 51 311 0 378 266 
442 195 211 152 107 218 365 499 258 523 52 140 245 560 547 94 408 117 416 463 283 355 68 547 314 360 507 119 488 348 281 512 353 371 244 229 416 0 481 
487 500 59 411 541 142 512 276 183 360 157 312 256 123 482 467 88 274 177 249 107 293 471 368 258 63 308 167 451 98 384 76 118 235 530 88 197 227 0 

e'''[i][j]=
0 62 63 384 164 271 337 525 444 330 133 347 72 317 154 73 
448 0 531 156 234 133 190 328 270 499 346 217 137 559 378 227 
462 394 0 62 544 344 249 411 237 507 274 215 238 316 59 444 
271 533 505 0 160 198 94 471 100 387 521 188 364 415 330 342 
107 529 66 113 0 415 50 333 387 392 532 137 190 86 557 484 
228 288 251 65 403 0 230 284 199 191 262 255 465 95 95 182 
387 70 402 354 379 518 0 101 314 252 450 74 281 411 384 323 
165 450 245 439 380 206 330 0 157 55 352 407 527 354 245 260 
518 260 246 253 443 168 416 504 0 120 383 411 235 276 120 178 
249 134 271 530 145 474 284 473 0 0 299 434 298 105 525 301 
389 216 54 219 159 526 461 378 394 263 0 181 511 311 451 365 
134 153 449 439 366 494 371 338 120 230 389 0 502 361 519 50 
66 453 325 548 269 165 416 402 165 447 82 153 0 354 511 82 
372 525 53 326 422 302 189 230 55 99 156 235 388 0 429 397 
452 475 542 363 66 78 180 180 185 225 103 446 353 559 0 346 
113 422 534 67 97 374 479 259 212 65 257 485 188 535 409 0 

t'[i][j]=
0 72 119 75 54 120 50 112 109 191 116 68 178 
43 0 190 64 81 161 131 61 115 165 194 131 150 
81 24 0 129 75 189 106 64 155 169 121 132 56 
178 21 82 0 73 50 102 92 59 163 43 147 62 
69 26 169 66 0 78 139 142 79 70 78 179 38 
144 149 119 96 20 0 179 79 21 151 117 60 103 
136 154 139 141 190 103 0 196 125 77 180 76 167 
107 32 78 53 53 154 114 0 126 48 34 106 62 
25 129 172 90 99 94 149 43 0 29 100 102 79 
153 170 172 78 183 93 77 157 179 0 65 132 134 
76 198 185 131 65 44 81 88 55 89 0 158 50 
110 53 91 128 163 97 150 105 192 177 154 0 66 
135 99 175 92 30 161 86 115 50 162 125 186 0 

t''[i][j]=
0 88 127 184 58 65 103 186 20 141 85 141 169 84 156 165 166 40 153 48 179 135 51 68 156 168 48 66 148 57 194 132 131 100 175 150 143 56 111 
95 0 70 97 187 33 82 160 190 143 35 37 131 145 23 195 50 166 47 160 31 104 189 101 94 164 76 129 30 41 137 143 66 153 158 31 159 100 94 
112 145 0 185 168 92 63 121 43 199 88 65 170 189 23 63 77 78 117 143 151 66 142 29 50 22 68 188 103 28 67 68 181 129 191 147 29 84 106 
28 155 104 0 82 170 110 187 149 74 43 155 129 35 118 199 41 194 181 161 198 42 95 66 198 154 158 43 179 134 20 153 81 137 118 170 146 42 115 
171 181 39 59 0 62 30 33 165 49 73 170 51 57 36 162 184 95 200 37 198 114 200 100 125 83 44 92 199 41 174 51 140 186 76 42 174 154 95 
198 134 123 74 195 0 86 97 127 181 132 35 126 74 70 110 87 149 161 120 82 45 119 79 110 80 159 22 44 128 133 98 57 87 43 110 56 143 89 
87 151 161 53 123 28 0 167 169 149 131 85 152 196 200 29 52 37 167 98 94 83 160 199 75 49 187 107 61 143 143 55 35 21 67 184 22 180 168 
72 189 162 104 42 191 153 0 102 84 167 106 147 45 49 162 30 135 52 103 144 101 104 95 61 144 195 195 80 53 133 187 108 184 22 158 31 173 184 
108 177 85 191 127 196 76 105 0 55 198 23 102 24 170 129 109 138 159 153 43 122 190 65 122 96 102 82 90 172 142 28 181 132 158 91 170 105 86 
40 97 24 73 157 26 48 65 135 0 67 75 184 117 145 138 20 88 56 185 70 116 101 149 92 142 71 98 189 142 146 175 31 103 101 107 25 146 166 
157 76 188 49 67 21 59 33 117 29 0 86 25 161 137 135 179 31 133 44 145 33 117 139 142 39 155 200 194 64 80 135 184 115 53 72 154 90 41 
100 60 162 139 112 22 169 143 43 133 99 0 190 182 157 98 71 47 171 53 38 48 128 135 45 103 182 126 148 85 172 198 123 134 141 92 161 64 193 
116 53 105 70 64 130 189 129 144 186 148 64 0 197 116 46 65 100 133 54 115 56 111 64 59 21 89 171 185 91 106 160 66 180 79 79 43 66 171 
85 41 28 103 186 181 94 39 22 165 139 135 101 0 79 20 85 54 63 104 114 60 61 76 55 138 138 111 26 51 129 32 54 128 116 161 121 90 155 
64 53 157 62 127 89 198 110 39 55 61 57 63 51 0 36 60 40 154 194 115 192 184 115 41 22 81 192 99 44 46 133 48 78 122 57 91 170 188 
40 182 52 135 35 86 27 86 177 89 22 105 178 52 79 0 71 78 195 37 163 148 175 119 23 38 150 111 193 71 186 197 62 107 110 79 143 137 56 
182 141 152 39 178 112 35 162 75 135 24 27 163 45 198 68 0 75 192 124 150 85 127 167 49 177 188 174 124 120 73 192 124 171 191 106 42 184 162 
52 122 33 139 89 163 141 98 88 42 130 135 134 166 69 180 174 0 190 67 79 154 69 137 22 20 56 164 82 26 182 77 131 35 194 83 51 144 178 
186 92 64 141 37 194 177 160 154 118 34 53 58 167 24 34 63 169 0 95 63 65 185 56 147 141 101 22 62 48 21 160 106 101 112 30 100 21 28 
56 197 135 125 154 48 88 62 193 173 69 69 88 63 83 45 119 82 141 0 144 22 190 32 92 65 77 78 185 126 103 169 156 41 125 109 25 79 86 
56 82 129 117 168 124 104 118 134 99 58 48 72 136 122 66 199 79 171 184 0 107 40 182 94 129 166 187 93 138 147 37 105 64 111 47 157 138 128 
135 141 78 179 133 174 135 151 155 117 58 88 189 164 51 188 117 99 51 134 147 0 139 107 178 74 199 119 37 60 81 64 120 23 199 190 178 127 148 
23 107 123 110 119 42 42 69 67 56 162 134 151 154 104 29 76 68 77 122 33 71 0 157 178 143 39 40 50 60 67 181 166 95 36 105 74 180 67 
183 159 89 162 39 186 81 86 77 98 150 171 100 70 125 86 130 57 141 50 107 72 130 0 141 94 69 34 109 187 81 84 49 86 124 92 153 30 127 
77 94 196 29 122 194 109 188 133 145 37 44 155 58 128 127 88 189 21 196 79 62 68 95 0 152 56 196 184 178 126 165 55 166 75 183 92 190 178 
127 176 198 150 107 104 119 83 47 39 151 121 77 158 89 66 137 190 25 84 26 160 154 146 109 0 177 164 119 140 148 74 175 43 200 158 114 118 56 
114 150 103 98 68 115 38 59 126 72 76 28 69 84 117 110 46 149 173 91 82 105 86 31 21 127 0 45 110 29 181 117 108 73 61 159 47 76 98 
116 55 130 67 166 142 32 142 35 24 195 30 178 48 23 193 84 125 65 199 43 71 155 104 63 26 86 0 98 137 113 127 29 156 85 26 46 53 131 
49 119 111 121 28 170 47 141 162 28 166 164 177 195 88 151 182 199 41 82 103 122 77 148 92 156 108 127 0 74 56 46 134 90 78 68 71 105 40 
52 40 102 151 33 57 25 184 103 147 107 197 151 34 103 164 20 54 110 119 45 187 198 80 198 142 176 108 97 0 115 103 114 122 64 106 188 123 102 
58 88 32 43 158 101 135 177 29 35 185 193 64 47 70 132 93 112 20 175 35 119 130 133 115 132 166 31 125 33 0 64 77 82 110 151 83 190 112 
50 188 40 147 149 46 172 133 29 180 193 20 36 20 41 85 83 94 74 141 124 193 108 176 192 176 113 127 175 94 126 0 81 142 133 174 123 159 159 
53 67 46 147 195 195 133 60 64 173 31 134 134 161 104 176 20 117 72 86 169 134 191 54 104 101 160 144 125 37 56 113 0 57 27 157 199 133 59 
140 76 23 39 107 138 53 29 102 38 143 81 141 150 120 125 93 139 131 88 39 112 111 161 108 79 114 143 114 125 161 117 46 0 163 40 79 173 139 
173 152 135 55 21 142 70 68 176 56 125 56 43 111 30 95 165 103 25 185 160 103 88 75 89 121 122 100 187 168 96 190 33 164 0 131 186 142 172 
88 42 164 78 165 65 151 22 178 23 133 73 157 20 70 71 98 25 33 133 79 164 86 139 69 67 47 55 81 156 75 97 188 93 127 0 83 110 43 
100 101 196 32 86 86 39 153 56 190 99 95 139 97 72 176 73 54 166 132 71 87 94 83 173 49 85 110 77 29 180 133 50 20 87 129 0 110 35 
56 64 193 99 33 94 174 96 50 99 78 27 158 34 53 165 173 62 96 64 95 114 128 168 62 143 98 164 185 50 87 162 169 159 155 184 109 0 100 
91 61 50 177 139 103 26 120 48 58 90 60 198 187 88 169 92 157 171 133 128 117 70 127 41 139 151 180 52 190 52 62 53 41 29 173 193 178 0 

t'''[i][j]=
0 195 168 163 42 166 44 67 149 23 53 75 194 139 179 117 
21 0 195 74 50 67 46 71 151 35 137 105 84 59 38 90 
115 134 0 70 72 126 51 38 163 170 23 197 90 59 173 179 
159 84 179 0 92 71 108 149 124 134 72 124 135 151 80 159 
110 120 100 116 0 195 147 50 184 161 134 137 160 127 186 42 
118 27 76 54 156 0 199 77 180 95 91 88 82 167 94 97 
188 158 123 58 27 44 0 30 93 63 69 47 58 33 180 82 
72 76 167 200 104 140 108 0 143 92 72 54 87 102 185 143 
148 186 111 155 40 182 44 134 0 92 129 184 96 53 140 139 
125 114 110 187 136 115 73 180 177 0 72 126 151 145 103 159 
138 147 137 174 62 166 111 21 94 137 0 104 151 148 181 183 
48 169 84 25 38 82 30 160 127 146 150 0 80 64 165 110 
161 64 98 82 135 147 30 166 78 45 49 119 0 169 153 29 
76 142 124 173 65 142 174 136 123 173 32 178 56 0 159 80 
165 83 36 82 181 40 73 87 49 43 157 78 32 20 0 56 
79 36 121 28 128 135 102 44 71 177 166 157 35 119 43 0 

d''[i][k]=
0 0 0 0 0 0 0 0 0 1 4 0 
0 0 0 0 0 0 0 0 0 6 0 0 
0 0 0 0 0 0 0 0 0 6 0 0 
0 0 0 0 0 0 0 0 4 2 0 0 
0 0 0 0 0 0 0 0 5 0 0 0 
0 0 0 0 0 0 0 0 5 0 0 0 
0 0 0 0 0 0 0 0 6 0 0 0 
0 0 0 0 0 0 0 0 7 0 0 0 
0 0 0 0 0 0 4 1 1 0 0 0 
0 0 0 0 0 1 6 0 0 0 0 0 
0 0 0 0 0 5 0 0 0 0 0 0 
0 0 0 0 0 5 0 0 0 0 0 0 
0 0 0 0 0 7 0 0 0 0 0 0 
0 0 0 0 0 5 0 0 0 0 0 0 
0 0 0 0 3 3 0 0 0 0 0 0 
0 0 0 0 6 0 0 0 0 0 0 0 
0 0 0 0 5 0 0 0 0 0 0 0 
0 0 0 2 4 0 0 0 0 0 0 0 
0 0 0 6 0 0 0 0 0 0 0 0 
0 0 0 6 0 0 0 0 0 0 0 0 
0 0 1 4 0 0 0 0 0 0 0 0 
0 0 5 0 0 0 0 0 0 0 0 0 
0 0 6 0 0 0 0 0 0 0 0 0 
0 0 5 0 0 0 0 0 0 0 0 0 
0 4 1 0 0 0 0 0 0 0 0 0 
1 5 0 0 0 0 0 0 0 0 0 0 
5 0 0 0 0 0 0 0 0 0 0 0 
8 0 0 0 0 0 0 0 0 0 0 0 
0 0 5 0 0 0 0 0 0 0 0 0 
0 0 0 5 0 0 0 0 0 0 0 0 
0 0 0 6 0 0 0 0 0 0 0 0 
0 0 0 0 0 0 0 5 0 0 0 0 
0 0 0 0 0 0 0 5 0 0 0 0 
0 0 0 0 0 0 0 5 0 0 0 0 
0 0 0 0 0 0 0 0 0 0 0 5 
0 0 0 0 0 0 0 0 0 0 0 5 
0 0 0 0 0 0 0 0 0 0 0 5 
0 0 0 0 0 0 0 0 0 0 2 3 

r''[i][k]=
0 0 0 0 0 0 0 0 0 0.01 0.68 0 
0 0 0 0 0 0 0 0 0 3.3 0 0 
0 0 0 0 0 0 0 0 0 0.9 0 0 
0 0 0 0 0 0 0 0 2.28 0.44 0 0 
0 0 0 0 0 0 0 0 0.95 0 0 0 
0 0 0 0 0 0 0 0 0.55 0 0 0 
0 0 0 0 0 0 0 0 1.74 0 0 0 
0 0 0 0 0 0 0 0 1.4 0 0 0 
0 0 0 0 0 0 0.08 0.43 0.8 0 0 0 
0 0 0 0 0 0.02 3.66 0 0 0 0 0 
0 0 0 0 0 1.2 0 0 0 0 0 0 
0 0 0 0 0 0.1 0 0 0 0 0 0 
0 0 0 0 0 3.92 0 0 0 0 0 0 
0 0 0 0 0 0.35 0 0 0 0 0 0 
0 0 0 0 0.9 0.21 0 0 0 0 0 0 
0 0 0 0 0.78 0 0 0 0 0 0 0 
0 0 0 0 0.95 0 0 0 0 0 0 0 
0 0 0 0.3 0.68 0 0 0 0 0 0 0 
0 0 0 1.26 0 0 0 0 0 0 0 0 
0 0 0 0.96 0 0 0 0 0 0 0 0 
0 0 0.07 0.36 0 0 0 0 0 0 0 0 
0 0 1.75 0 0 0 0 0 0 0 0 0 
0 0 0.6 0 0 0 0 0 0 0 0 0 
0 0 1.7 0 0 0 0 0 0 0 0 0 
0 0.76 0.04 0 0 0 0 0 0 0 0 0 
0.31 1.8 0 0 0 0 0 0 0 0 0 0 
1.4 0 0 0 0 0 0 0 0 0 0 0 
1.28 0 0 0 0 0 0 0 0 0 0 0 
0 0 2.15 0 0 0 0 0 0 0 0 0 
0 0 0 3.6 0 0 0 0 0 0 0 0 
0 0 0 0.06 0 0 0 0 0 0 0 0 
0 0 0 0 0 0 0 0.15 0 0 0 0 
0 0 0 0 0 0 0 0 0 0 0 0 
0 0 0 0 0 0 0 1.95 0 0 0 0 
0 0 0 0 0 0 0 0 0 0 0 0.35 
0 0 0 0 0 0 0 0 0 0 0 0.85 
0 0 0 0 0 0 0 0 0 0 0 0.4 
0 0 0 0 0 0 0 0 0 0 0.1 1.53 

p[k]=
0.03 0.05 0.03 0.05 0.01 0.02 0.02 0.05 0.04 0.04 0.04 0.05 

d'''[i][k]=
0 0 0 0 0 0 0 0 0 6 6 18 
0 0 0 0 0 0 0 0 0 5 0 0 
0 0 0 0 0 0 0 0 13 4 0 0 
0 0 0 0 0 0 0 0 5 0 0 0 
0 0 0 0 0 0 0 0 5 0 0 0 
0 0 0 0 0 0 0 0 5 0 0 0 
0 0 0 0 0 0 0 5 0 0 0 0 
0 0 0 0 0 0 0 5 0 0 0 0 
0 0 0 0 0 0 0 5 0 0 0 0 
0 0 0 0 0 0 4 1 0 0 0 0 
0 0 0 0 0 0 5 0 0 0 0 0 
0 0 0 0 3 26 1 0 0 0 0 0 
0 0 0 15 15 0 0 0 0 0 0 0 
0 0 16 14 0 0 0 0 0 0 0 0 
14 9 7 0 0 0 0 0 0 0 0 0 

r'''[i][k]=
0 0 0 0 0 0 0 0 0 4.5 3.72 1.08 
0 0 0 0 0 0 0 0 0 0.05 0 0 
0 0 0 0 0 0 0 0 4.16 0.12 0 0 
0 0 0 0 0 0 0 0 2.7 0 0 0 
0 0 0 0 0 0 0 0 1.2 0 0 0 
0 0 0 0 0 0 0 0 0.95 0 0 0 
0 0 0 0 0 0 0 0.75 0 0 0 0 
0 0 0 0 0 0 0 1.3 0 0 0 0 
0 0 0 0 0 0 0 0.4 0 0 0 0 
0 0 0 0 0 0 0.08 0.08 0 0 0 0 
0 0 0 0 0 0 2.05 0 0 0 0 0 
0 0 0 0 0.66 11.7 0.54 0 0 0 0 0 
0 0 0 1.8 5.1 0 0 0 0 0 0 0 
0 0 0 3.08 0 0 0 0 0 0 0 0 
0.98 5.76 0.28 0 0 0 0 0 0 0 0 0 
