|S|=7
|R|=23
|O|=10
|V|=20
q=150
c=1
Tmax=960
H=1000

e'[i][j]=
0 225 123 93 480 151 271 80 
297 0 153 396 143 459 376 59 
375 211 0 285 318 403 178 134 
382 246 444 0 124 69 67 106 
186 280 165 241 0 275 218 290 
240 79 181 109 415 0 344 51 
86 96 273 278 330 180 0 233 
120 58 323 248 159 328 380 0 

e''[i][j]=
0 315 125 413 351 80 302 448 225 385 456 448 169 331 439 64 138 399 120 474 84 337 184 362 
218 0 173 293 118 415 77 220 452 375 305 218 347 221 236 166 58 381 134 132 194 463 234 115 
151 283 0 104 234 358 475 225 66 477 410 462 306 443 214 194 332 175 319 172 395 405 213 301 
97 315 304 0 99 69 304 325 57 268 400 365 450 346 285 128 222 202 49 270 348 124 292 406 
245 150 412 169 0 448 246 340 137 248 317 374 355 138 323 439 476 304 210 91 317 120 456 290 
333 420 242 365 134 0 228 470 478 268 422 359 272 280 199 211 88 338 135 360 323 192 402 52 
72 187 75 106 122 127 0 428 438 263 201 124 329 168 312 284 105 441 315 301 431 99 196 155 
433 441 442 117 311 195 290 0 198 69 469 139 379 163 378 272 65 275 56 379 229 234 77 159 
415 288 441 220 305 332 353 170 0 188 191 214 459 404 351 235 207 376 259 168 281 65 293 85 
169 54 329 387 461 73 358 290 270 0 403 345 411 261 121 179 392 372 351 450 370 442 67 61 
135 78 310 404 258 85 165 384 417 167 0 159 443 268 339 318 130 220 474 177 233 267 271 202 
151 378 143 435 181 321 237 186 385 50 50 0 459 157 440 322 252 311 153 221 446 59 156 342 
255 319 275 311 370 463 460 111 271 397 291 115 0 399 400 133 84 273 359 66 454 125 313 411 
378 52 333 412 369 320 206 253 147 210 395 172 264 0 147 48 382 354 247 92 473 365 134 237 
197 160 303 120 259 234 147 117 191 407 59 193 377 87 0 114 355 93 154 91 405 435 227 221 
255 301 371 377 456 51 166 282 72 104 360 217 335 70 389 0 294 433 350 228 160 236 62 206 
262 158 266 88 248 389 78 175 313 261 408 106 418 269 202 386 0 53 389 160 180 132 390 392 
285 373 159 103 330 435 181 74 238 327 133 220 270 378 453 402 457 0 262 194 247 324 170 102 
199 162 78 170 277 289 431 240 153 90 80 459 175 62 258 123 456 371 0 424 313 380 104 87 
444 199 95 273 328 158 133 358 411 325 235 342 458 62 261 468 425 443 382 0 178 214 471 452 
307 201 274 188 157 139 193 259 292 142 378 303 408 300 335 301 347 454 92 479 0 325 92 66 
88 433 191 167 50 363 300 388 167 283 259 239 272 315 56 273 199 186 193 243 366 0 151 364 
330 56 179 448 439 54 256 168 165 128 355 409 75 85 411 279 165 213 409 221 443 340 0 269 
401 49 457 84 85 424 124 170 409 402 52 49 295 469 285 472 409 107 442 342 67 91 344 0 

e'''[i][j]=
0 216 141 253 353 228 281 139 354 175 312 
465 0 320 288 370 342 48 236 385 353 417 
246 201 0 124 98 142 300 68 340 352 386 
193 244 415 0 336 67 434 411 56 314 357 
177 443 262 300 0 474 194 384 306 360 400 
212 348 163 264 63 0 321 464 291 112 56 
121 187 88 422 310 371 0 162 282 343 477 
258 310 264 120 90 196 336 0 372 344 119 
312 302 373 192 384 288 196 272 0 185 154 
154 63 97 149 60 190 319 459 364 0 446 
466 144 453 449 454 192 265 243 211 427 0 

t'[i][j]=
0 47 66 39 99 56 48 29 
51 0 32 77 95 49 47 73 
65 99 0 21 85 70 66 45 
48 76 81 0 77 29 35 89 
75 84 84 55 0 30 87 55 
35 80 72 97 100 0 51 78 
90 98 25 99 90 50 0 57 
69 78 48 73 92 90 32 0 

t''[i][j]=
0 84 66 61 75 51 23 94 92 93 41 53 39 94 46 95 31 85 89 77 24 67 36 46 
69 0 62 67 25 29 89 50 41 67 78 100 24 97 62 86 26 85 29 61 65 96 42 75 
76 29 0 90 31 67 88 76 86 58 28 100 53 86 86 25 97 59 49 87 72 88 44 56 
25 68 27 0 46 74 57 34 67 95 33 88 21 82 95 63 59 27 30 42 44 29 54 61 
29 39 52 83 0 88 87 86 71 95 85 61 21 98 60 72 94 89 41 32 73 87 57 24 
27 61 90 32 93 0 20 66 93 66 31 44 62 54 31 41 38 91 100 53 57 94 26 59 
51 67 81 76 84 93 0 96 52 31 59 83 79 20 56 67 61 43 43 38 95 99 93 23 
77 34 20 69 90 83 66 0 31 89 39 90 45 56 63 71 47 87 29 40 77 49 30 86 
67 78 33 53 98 47 32 35 0 53 56 49 84 61 51 57 60 58 62 23 100 83 38 54 
48 73 52 46 82 57 58 92 26 0 61 78 98 29 36 54 75 67 22 69 90 67 66 97 
40 40 55 46 40 98 50 66 45 66 0 65 29 76 34 67 88 22 26 86 91 43 85 20 
36 91 21 90 62 22 35 84 100 73 83 0 84 75 99 23 93 34 78 59 68 88 46 60 
78 67 96 43 92 92 47 39 88 66 94 83 0 87 30 67 81 28 70 67 45 74 85 85 
67 28 87 37 44 68 80 89 86 62 64 92 61 0 84 55 85 81 35 23 24 53 57 46 
63 21 34 81 66 91 62 22 67 93 33 88 30 72 0 41 44 41 40 56 68 56 90 24 
79 80 66 64 49 98 93 68 98 68 78 46 73 21 89 0 82 27 86 59 22 49 85 28 
86 29 33 67 81 52 22 99 21 93 73 30 20 51 90 64 0 72 39 92 38 97 98 74 
36 36 99 52 66 34 70 47 24 30 66 85 42 83 58 53 20 0 73 66 39 50 54 67 
64 29 42 39 87 51 66 29 80 98 41 85 66 93 51 63 29 32 0 69 62 64 80 23 
48 21 42 97 97 71 20 24 52 52 55 95 64 73 69 90 95 31 98 0 42 53 89 48 
30 78 38 33 28 76 39 41 25 39 83 40 37 61 35 22 34 25 99 38 0 52 40 60 
70 24 51 61 94 25 20 72 85 38 98 31 29 35 68 44 54 80 52 60 77 0 71 78 
55 50 38 73 76 79 88 87 79 99 22 48 30 39 96 44 22 42 42 100 95 96 0 72 
28 70 81 83 40 32 70 72 75 41 92 79 35 36 88 52 65 90 39 23 74 71 25 0 

t'''[i][j]=
0 44 87 77 93 84 59 42 54 27 27 
66 0 91 32 89 69 43 49 34 64 60 
54 46 0 89 97 68 37 29 25 40 57 
72 41 23 0 49 48 91 68 46 25 50 
36 41 26 44 0 98 62 52 65 66 62 
71 75 32 70 67 0 91 33 91 40 63 
77 55 49 76 73 93 0 98 22 23 79 
74 26 97 66 81 80 60 0 30 84 50 
25 63 86 35 97 31 82 72 0 98 49 
41 42 65 68 37 33 27 51 91 0 69 
57 82 93 42 53 75 63 82 89 85 0 

d''[i][k]=
0 0 0 0 0 5 0 
0 0 0 0 1 4 0 
0 0 0 0 5 0 0 
0 0 0 0 5 0 0 
0 0 0 0 5 0 0 
0 0 0 5 2 0 0 
0 0 0 5 0 0 0 
0 0 0 5 0 0 0 
0 0 5 0 0 0 0 
0 0 5 0 0 0 0 
0 0 5 0 0 0 0 
0 0 5 0 0 0 0 
0 5 0 0 0 0 0 
0 6 0 0 0 0 0 
0 5 0 0 0 0 0 
4 1 0 0 0 0 0 
5 0 0 0 0 0 0 
5 0 0 0 0 0 0 
5 0 0 0 0 0 0 
0 0 0 0 0 0 5 
0 0 0 0 0 5 0 
0 0 0 0 0 0 5 
0 0 0 0 0 2 3 

r''[i][k]=
0 0 0 0 0 1.1 0 
0 0 0 0 0.24 2.36 0 
0 0 0 0 0.2 0 0 
0 0 0 0 0.55 0 0 
0 0 0 0 2.15 0 0 
0 0 0 2.05 0 0 0 
0 0 0 0.95 0 0 0 
0 0 0 1.95 0 0 0 
0 0 0.05 0 0 0 0 
0 0 2.6 0 0 0 0 
0 0 1.4 0 0 0 0 
0 0 0.35 0 0 0 0 
0 3 0 0 0 0 0 
0 3.78 0 0 0 0 0 
0 0.65 0 0 0 0 0 
0.2 0.11 0 0 0 0 0 
0.05 0 0 0 0 0 0 
0.9 0 0 0 0 0 0 
0.2 0 0 0 0 0 0 
0 0 0 0 0 0 1 
0 0 0 0 0 0.3 0 
0 0 0 0 0 0 2.7 
0 0 0 0 0 0.76 0.99 

p[k]=
0 0.01 0.03 0.01 0.01 0.03 0.02 

d'''[i][k]=
0 0 0 0 0 7 13 
0 0 0 0 11 9 0 
0 0 0 0 5 0 0 
0 0 0 3 2 0 0 
0 0 0 5 0 0 0 
0 0 0 5 0 0 0 
0 0 3 2 0 0 0 
0 0 13 0 0 0 0 
0 16 4 0 0 0 0 
19 1 0 0 0 0 0 

r'''[i][k]=
0 0 0 0 0 2.17 4.16 
0 0 0 0 4.62 0.99 0 
0 0 0 0 2.35 0 0 
0 0 0 0 0.02 0 0 
0 0 0 0.2 0 0 0 
0 0 0 1.7 0 0 0 
0 0 1.62 0.04 0 0 0 
0 0 0 0 0 0 0 
0 10.24 0.04 0 0 0 0 
0.76 0.34 0 0 0 0 0 
