|S|=7
|R|=23
|O|=10
|V|=20
q=150
c=1
Tmax=960
H=1000

e'[i][j]=
0 460 112 215 327 86 76 324 
477 0 333 154 444 180 66 447 
198 461 0 430 349 402 105 335 
89 138 171 0 143 116 298 216 
352 132 456 266 0 272 85 96 
384 127 428 434 251 0 205 107 
431 268 105 372 391 295 0 395 
73 149 108 376 427 68 323 0 

e''[i][j]=
0 220 438 461 397 222 164 118 269 471 104 446 157 190 69 75 260 50 166 464 356 273 283 285 
429 0 211 323 218 90 270 352 395 450 479 172 147 367 162 237 168 219 199 144 128 421 87 342 
452 406 0 366 195 91 472 112 385 161 191 237 452 84 178 310 386 393 222 53 447 302 388 102 
124 283 315 0 61 435 57 371 198 393 454 375 324 280 347 421 310 132 382 423 274 469 145 153 
98 405 234 76 0 386 95 140 124 414 313 93 59 425 199 167 425 437 75 86 479 478 211 362 
288 205 408 202 394 0 65 310 461 186 106 80 107 328 102 203 242 122 393 447 303 409 247 369 
256 384 179 426 457 239 0 86 333 90 194 230 213 225 64 264 92 187 245 88 231 402 457 362 
247 190 124 329 114 237 106 0 142 56 432 196 60 313 213 164 471 244 302 387 425 211 241 300 
402 90 373 146 438 302 83 352 0 353 161 194 215 273 123 238 330 446 127 261 137 252 418 141 
358 230 127 159 320 109 387 254 97 0 316 312 291 360 344 102 440 361 86 95 364 272 74 431 
118 114 121 465 164 94 439 202 365 149 0 396 355 276 366 454 301 250 149 319 284 466 80 188 
246 76 437 312 471 259 127 265 239 351 92 0 316 360 298 135 258 160 417 223 110 467 329 114 
403 438 222 335 199 166 342 356 67 181 286 113 0 416 173 141 339 56 192 99 97 194 477 391 
433 425 336 96 119 264 96 81 119 142 398 70 85 0 346 472 98 232 174 412 291 60 66 238 
95 420 391 350 379 89 288 86 256 362 257 221 285 409 0 390 225 138 366 274 420 89 244 364 
379 449 347 411 398 72 444 307 109 302 477 123 289 333 461 0 253 437 427 436 204 143 233 91 
369 439 113 337 132 478 90 330 273 58 290 84 378 215 94 422 0 105 447 474 362 145 416 279 
243 61 417 96 364 324 111 228 209 235 470 381 397 108 105 193 417 0 67 307 436 72 275 316 
50 130 252 440 365 339 405 84 58 160 423 147 96 406 379 300 267 150 0 460 194 296 398 441 
428 349 438 92 145 259 70 76 216 180 387 456 144 324 448 312 52 290 259 0 72 349 133 254 
435 292 312 136 275 159 150 201 448 110 172 331 227 294 312 120 271 74 404 401 0 145 159 243 
410 279 269 433 168 427 469 170 383 279 290 123 375 370 366 315 101 317 178 471 260 0 158 63 
390 417 187 149 349 119 311 384 162 381 348 410 436 95 106 458 245 429 216 367 256 313 0 411 
359 149 69 361 237 295 201 202 66 389 310 105 262 236 264 98 408 101 252 325 249 78 366 0 

e'''[i][j]=
0 318 60 420 268 69 304 315 369 241 78 
395 0 297 157 369 414 146 59 201 379 191 
327 217 0 89 96 92 202 63 438 338 176 
48 242 422 0 229 321 413 340 360 446 252 
57 383 80 73 0 112 152 129 294 307 93 
434 449 179 468 226 0 124 421 381 94 144 
338 215 350 205 360 276 0 83 146 56 415 
286 200 82 238 214 377 414 0 164 394 442 
166 266 404 187 137 265 361 282 0 445 349 
475 277 465 434 48 287 167 186 402 0 116 
281 170 334 170 52 251 101 447 217 225 0 

t'[i][j]=
0 63 45 90 34 48 95 80 
70 0 56 94 48 50 57 75 
75 88 0 84 80 51 66 65 
82 41 69 0 40 74 66 48 
90 20 87 52 0 27 61 69 
43 45 48 71 61 0 65 52 
81 37 29 35 47 70 0 31 
85 94 38 55 70 45 62 0 

t''[i][j]=
0 94 45 31 97 38 78 61 46 53 48 71 81 85 65 43 84 60 91 49 47 67 81 65 
74 0 23 60 58 61 75 61 81 61 72 70 99 99 53 66 57 80 99 46 77 47 81 27 
23 47 0 37 34 94 40 57 30 25 83 97 75 93 24 37 79 38 60 71 21 20 32 54 
51 95 83 0 96 98 30 75 21 54 81 100 93 95 90 76 95 25 71 74 42 84 32 26 
23 86 56 88 0 84 34 31 38 90 35 79 98 20 31 99 100 63 54 24 26 89 95 73 
86 41 77 31 52 0 69 80 41 96 41 92 91 92 86 89 25 76 74 75 28 46 51 74 
44 66 70 76 87 42 0 78 28 55 89 38 28 39 31 42 47 22 46 83 30 77 93 33 
89 49 99 66 86 61 32 0 87 94 98 71 62 22 66 69 66 95 20 83 51 48 63 53 
23 36 80 24 89 40 83 29 0 93 31 98 20 55 50 40 68 36 33 86 64 44 57 58 
45 64 80 49 48 87 49 69 63 0 94 96 94 82 94 96 97 77 63 43 47 33 98 39 
87 62 85 53 97 46 98 21 93 41 0 60 69 81 49 28 42 37 58 45 88 20 45 25 
85 48 80 93 79 45 43 86 44 64 71 0 62 30 83 77 52 69 80 46 33 68 94 56 
71 78 24 25 69 29 24 55 59 35 24 36 0 22 82 92 73 66 31 35 62 92 21 56 
36 39 59 45 28 43 40 40 57 29 96 85 72 0 98 81 24 52 38 38 77 65 28 75 
71 66 44 42 43 31 36 61 30 60 42 81 93 87 0 42 77 81 97 90 59 78 38 26 
34 79 37 45 73 73 62 28 30 95 56 89 33 27 92 0 28 36 25 68 72 83 24 61 
26 87 41 62 64 68 90 33 46 57 32 43 96 42 50 79 0 51 51 35 68 27 48 84 
99 31 30 31 73 87 21 42 64 46 36 99 100 91 92 91 23 0 88 84 84 49 36 28 
87 87 56 100 25 32 83 91 82 23 62 35 54 42 24 23 55 66 0 85 36 73 59 36 
83 74 63 74 29 73 46 97 43 75 89 95 86 32 72 65 87 66 28 0 81 74 53 23 
72 56 32 97 37 48 99 62 25 70 85 65 41 27 20 39 83 51 73 76 0 66 55 32 
52 44 24 89 93 52 74 75 47 99 40 97 28 95 30 76 79 59 34 94 74 0 31 78 
59 22 86 91 62 73 33 48 74 60 83 92 39 73 55 45 35 37 64 71 92 37 0 99 
51 55 66 95 36 54 64 55 60 31 48 82 47 30 64 65 38 70 62 93 94 25 57 0 

t'''[i][j]=
0 55 54 60 74 29 43 76 68 21 92 
92 0 24 92 40 21 90 26 83 42 83 
63 80 0 75 67 22 48 28 83 30 94 
91 34 57 0 70 23 52 71 93 32 77 
66 84 72 69 0 33 51 88 75 45 45 
48 41 28 43 71 0 99 60 30 87 79 
69 45 34 88 74 36 0 41 30 51 75 
92 71 46 24 22 87 98 0 69 60 85 
58 97 35 82 62 42 62 47 0 85 62 
98 21 96 69 92 99 37 53 93 0 25 
63 83 59 72 93 35 40 58 33 28 0 

d''[i][k]=
0 0 0 0 0 5 0 
0 0 0 0 0 5 0 
0 0 0 0 0 5 0 
0 0 0 0 4 1 0 
0 0 0 0 5 0 0 
0 0 0 0 5 0 0 
0 0 0 1 4 0 0 
0 0 0 5 0 0 0 
0 0 0 5 0 0 0 
0 0 0 5 0 0 0 
0 0 1 4 0 0 0 
0 0 5 0 0 0 0 
0 0 6 0 0 0 0 
0 5 0 0 0 0 0 
0 5 0 0 0 0 0 
3 2 0 0 0 0 0 
6 0 0 0 0 0 0 
5 0 0 0 0 0 0 
5 0 0 0 0 0 0 
0 0 0 0 0 0 5 
0 0 0 0 0 0 5 
0 0 0 0 0 0 5 
0 0 0 0 0 0 5 

r''[i][k]=
0 0 0 0 0 0.2 0 
0 0 0 0 0 0.2 0 
0 0 0 0 0 0.9 0 
0 0 0 0 1.56 0.15 0 
0 0 0 0 0.2 0 0 
0 0 0 0 1.5 0 0 
0 0 0 0.04 0.32 0 0 
0 0 0 0.05 0 0 0 
0 0 0 0.1 0 0 0 
0 0 0 1.1 0 0 0 
0 0 0.05 0.04 0 0 0 
0 0 0.1 0 0 0 0 
0 0 1.02 0 0 0 0 
0 0.6 0 0 0 0 0 
0 0.45 0 0 0 0 0 
1.32 0.8 0 0 0 0 0 
3.66 0 0 0 0 0 0 
1.6 0 0 0 0 0 0 
1.95 0 0 0 0 0 0 
0 0 0 0 0 0 0.8 
0 0 0 0 0 0 1.5 
0 0 0 0 0 0 0.2 
0 0 0 0 0 0 0 

p[k]=
0.03 0.05 0.01 0.01 0 0.01 0.04 

d'''[i][k]=
0 0 0 0 0 0 20 
0 0 0 0 0 5 0 
0 0 0 0 0 5 0 
0 0 0 0 0 5 0 
0 0 0 0 4 1 0 
0 0 0 0 5 0 0 
0 0 0 3 9 0 0 
0 0 3 17 0 0 0 
0 11 9 0 0 0 0 
19 1 0 0 0 0 0 

r'''[i][k]=
0 0 0 0 0 0 4.6 
0 0 0 0 0 0.55 0 
0 0 0 0 0 0.45 0 
0 0 0 0 0 1.25 0 
0 0 0 0 0.08 0.11 0 
0 0 0 0 0.35 0 0 
0 0 0 1.26 3.24 0 0 
0 0 0.54 0.85 0 0 0 
0 4.4 1.98 0 0 0 0 
1.14 0.48 0 0 0 0 0 
