|S|=7
|R|=23
|O|=10
|V|=20
q=150
c=1
Tmax=960
H=1000

e'[i][j]=
0 223 96 393 329 330 217 293 
359 0 435 434 67 182 146 423 
326 133 0 284 365 427 85 368 
454 470 444 0 258 220 389 251 
203 272 374 338 0 273 432 447 
238 267 50 396 377 0 139 295 
205 224 247 288 76 262 0 154 
447 154 388 266 59 393 207 0 

e''[i][j]=
0 322 381 229 133 159 315 57 309 270 479 343 433 299 439 282 238 205 479 73 382 342 439 78 
87 0 249 287 365 76 299 354 78 241 200 322 223 463 160 477 56 157 412 134 211 239 82 389 
113 297 0 142 104 272 197 69 194 219 78 77 140 442 350 106 81 85 248 435 378 329 391 174 
283 200 274 0 174 402 92 357 179 320 386 250 383 222 87 158 351 220 292 137 340 137 369 117 
240 52 249 82 0 406 423 239 87 231 431 96 118 110 356 100 351 137 63 218 332 409 413 288 
362 109 239 244 276 0 439 107 196 129 51 160 397 379 104 88 277 408 363 160 409 450 418 478 
209 51 167 206 454 51 0 472 137 290 333 428 254 423 239 197 424 49 205 57 323 207 153 184 
346 131 374 226 472 277 291 0 387 327 88 77 458 220 299 423 160 421 275 244 233 145 362 353 
130 480 344 130 64 103 409 431 0 163 60 239 372 388 82 192 417 64 275 311 412 480 430 246 
241 128 181 71 371 450 201 316 109 0 248 457 376 408 54 275 244 402 274 384 158 229 75 275 
453 238 280 99 136 387 212 378 330 450 0 228 155 185 327 282 152 292 66 333 57 382 226 134 
92 84 126 234 268 336 121 141 147 374 403 0 327 451 313 69 114 269 208 352 347 350 360 462 
205 474 109 124 403 402 461 358 373 469 216 349 0 121 112 276 50 110 451 93 169 275 331 229 
453 80 269 387 478 172 466 170 452 78 371 307 66 0 218 114 82 334 430 291 242 295 210 460 
217 58 104 474 54 182 177 134 336 81 335 180 166 102 0 200 131 193 79 353 436 95 429 371 
233 151 152 434 167 109 438 185 197 240 137 347 162 440 82 0 440 313 375 321 372 266 188 290 
154 288 130 173 288 94 152 347 155 238 119 61 375 385 373 317 0 96 346 326 88 376 452 122 
375 472 292 444 136 279 61 138 142 221 216 138 211 224 173 188 164 0 96 196 456 234 411 472 
111 472 286 351 385 198 331 390 364 319 465 145 123 184 158 338 369 72 0 297 390 406 231 61 
384 291 300 393 161 442 114 312 364 377 238 72 367 96 254 100 79 65 231 0 99 393 469 58 
53 382 315 123 72 240 176 235 259 253 319 237 265 70 247 72 453 227 340 295 0 342 479 223 
148 326 201 415 442 334 214 72 236 480 285 222 288 373 449 433 117 230 472 239 190 0 98 395 
339 385 88 193 164 458 169 443 238 189 432 267 274 270 59 257 368 339 321 259 76 113 0 388 
286 109 406 175 312 473 101 419 383 439 265 286 220 274 352 382 204 226 296 345 210 166 130 0 

e'''[i][j]=
0 50 153 400 183 174 343 365 375 217 329 
100 0 181 268 406 458 461 370 474 53 460 
470 211 0 62 412 259 292 417 459 109 90 
68 103 469 0 319 438 451 140 297 175 380 
101 471 467 341 0 98 467 130 50 50 380 
439 158 200 410 65 0 81 337 454 140 215 
277 308 353 333 415 172 0 307 185 135 326 
237 451 236 189 302 204 306 0 372 226 219 
217 140 244 137 55 436 212 480 0 441 183 
207 60 58 93 141 316 271 204 298 0 99 
304 338 358 237 256 231 342 395 286 250 0 

t'[i][j]=
0 53 29 50 63 84 66 92 
54 0 36 37 99 94 52 33 
59 61 0 97 85 95 46 71 
96 92 59 0 32 95 58 46 
37 23 72 76 0 79 60 66 
80 50 92 82 72 0 96 56 
33 42 85 90 31 32 0 36 
66 79 31 34 20 50 48 0 

t''[i][j]=
0 23 95 21 67 74 41 83 75 42 83 94 50 97 98 85 29 54 91 68 51 100 40 51 
20 0 65 60 53 20 70 29 60 53 51 53 81 62 74 42 43 64 43 95 52 75 44 61 
46 95 0 36 41 84 33 49 55 95 69 23 52 59 92 77 92 25 54 44 71 99 82 71 
89 62 56 0 84 91 55 54 52 71 74 93 77 59 43 22 62 94 41 74 58 24 41 41 
59 54 25 88 0 39 100 31 89 61 34 76 96 100 70 22 44 70 75 86 100 21 94 23 
37 76 89 42 72 0 97 97 55 36 70 36 27 60 40 84 88 84 38 77 73 33 76 44 
21 47 79 33 55 39 0 72 65 69 85 85 96 65 64 53 97 84 59 24 60 35 64 20 
72 89 44 66 40 62 56 0 43 92 69 86 50 22 38 72 36 97 96 91 51 91 65 53 
22 59 98 36 30 23 89 59 0 55 89 21 56 85 29 44 46 93 83 79 28 32 68 96 
54 67 21 81 55 30 31 33 50 0 31 87 65 86 35 60 21 75 27 82 24 71 21 90 
93 78 71 70 40 81 46 25 91 52 0 67 53 26 29 95 49 27 76 52 35 62 23 40 
94 65 39 59 35 71 37 71 23 66 36 0 92 43 88 86 63 70 84 76 37 72 30 56 
64 70 100 44 77 22 30 34 89 64 56 27 0 55 34 53 64 65 63 21 82 47 36 71 
63 97 74 27 35 79 36 46 23 68 47 21 57 0 25 83 37 67 54 51 39 54 49 28 
35 80 52 68 27 99 36 21 98 87 34 31 42 65 0 91 41 96 77 83 73 27 31 98 
33 58 52 66 82 57 91 94 86 27 41 83 67 54 43 0 64 53 44 24 68 49 58 51 
38 37 21 30 75 65 42 85 31 73 76 30 75 70 63 24 0 75 48 21 65 84 88 38 
25 21 42 29 81 47 45 59 26 47 100 22 29 49 82 79 33 0 65 56 73 57 34 84 
58 74 40 46 45 28 43 52 92 33 92 27 99 50 98 21 83 49 0 54 68 61 35 32 
53 56 61 97 31 84 66 50 93 94 79 49 41 61 84 23 23 75 87 0 93 35 44 37 
59 29 22 20 36 73 67 43 36 89 89 93 40 96 36 86 32 33 59 78 0 36 45 77 
22 46 21 94 80 27 67 27 25 30 66 20 42 42 87 39 20 72 100 86 70 0 26 95 
86 69 65 26 74 82 22 50 22 34 71 73 96 80 53 64 83 82 50 86 93 39 0 91 
45 84 57 82 33 42 24 61 43 26 34 24 55 26 41 81 21 83 71 25 84 64 86 0 

t'''[i][j]=
0 73 69 60 31 77 72 57 99 37 59 
87 0 58 38 31 41 28 58 61 98 84 
83 57 0 99 91 69 48 81 71 55 21 
38 90 92 0 84 23 33 92 62 47 31 
94 47 62 60 0 54 99 60 100 33 95 
39 29 82 25 22 0 36 24 67 63 51 
85 49 47 73 58 38 0 69 90 77 32 
73 86 89 81 51 53 55 0 58 66 94 
93 63 92 22 38 42 80 23 0 53 81 
34 79 61 62 52 86 95 23 46 0 53 
56 97 43 68 91 97 42 100 63 52 0 

d''[i][k]=
0 0 0 0 0 6 1 
0 0 0 0 0 5 0 
0 0 0 0 6 2 0 
0 0 0 0 7 0 0 
0 0 0 0 5 0 0 
0 0 0 4 1 0 0 
0 0 0 5 0 0 0 
0 0 0 5 0 0 0 
0 0 0 6 0 0 0 
0 0 5 0 0 0 0 
0 0 5 0 0 0 0 
0 0 6 0 0 0 0 
0 3 3 0 0 0 0 
0 6 0 0 0 0 0 
0 5 0 0 0 0 0 
1 5 0 0 0 0 0 
5 0 0 0 0 0 0 
5 0 0 0 0 0 0 
6 0 0 0 0 0 0 
0 0 0 0 0 0 5 
0 0 0 0 0 0 7 
0 0 0 0 0 6 0 
0 0 0 0 0 0 5 

r''[i][k]=
0 0 0 0 0 1.14 0.49 
0 0 0 0 0 1.95 0 
0 0 0 0 1.2 0.22 0 
0 0 0 0 1.89 0 0 
0 0 0 0 3.2 0 0 
0 0 0 0.8 0.6 0 0 
0 0 0 0 0 0 0 
0 0 0 2.55 0 0 0 
0 0 0 0.54 0 0 0 
0 0 0.3 0 0 0 0 
0 0 1.75 0 0 0 0 
0 0 5.1 0 0 0 0 
0 0.81 0.99 0 0 0 0 
0 0.06 0 0 0 0 0 
0 2.8 0 0 0 0 0 
0.11 0.75 0 0 0 0 0 
1 0 0 0 0 0 0 
0.1 0 0 0 0 0 0 
0.3 0 0 0 0 0 0 
0 0 0 0 0 0 2.45 
0 0 0 0 0 0 0 
0 0 0 0 0 3.06 0 
0 0 0 0 0 0 3.95 

p[k]=
0.01 0.03 0.01 0 0.01 0.04 0.03 

d'''[i][k]=
0 0 0 0 0 2 18 
0 0 0 0 3 17 0 
0 0 0 0 5 0 0 
0 0 0 0 5 0 0 
0 0 0 0 5 0 0 
0 0 0 4 1 0 0 
0 0 0 11 0 0 0 
0 0 15 5 0 0 0 
0 16 4 0 0 0 0 
17 3 0 0 0 0 0 

r'''[i][k]=
0 0 0 0 0 0.94 1.26 
0 0 0 0 0.09 4.42 0 
0 0 0 0 2.05 0 0 
0 0 0 0 0.9 0 0 
0 0 0 0 0.85 0 0 
0 0 0 0.12 0.16 0 0 
0 0 0 3.08 0 0 0 
0 0 5.7 2.1 0 0 0 
0 0.8 1.16 0 0 0 0 
2.21 0.12 0 0 0 0 0 
