|S|=7
|R|=23
|O|=10
|V|=20
q=150
c=1
Tmax=960
H=1000

e'[i][j]=
0 446 428 333 302 303 166 217 
345 0 349 58 186 68 167 280 
341 65 0 320 116 451 476 474 
434 419 71 0 97 283 412 203 
157 145 172 452 0 305 328 179 
311 304 303 268 120 0 434 320 
465 218 319 403 263 328 0 215 
129 345 187 412 182 111 279 0 

e''[i][j]=
0 191 136 120 340 426 248 136 50 273 216 382 423 387 203 439 425 173 221 335 159 126 417 200 
277 0 270 404 86 390 179 130 68 95 269 78 412 50 68 293 378 454 461 126 249 185 281 62 
359 203 0 149 290 435 185 64 114 357 100 375 224 436 155 476 409 184 472 347 142 342 393 356 
338 133 409 0 357 110 235 177 226 232 292 148 389 434 472 268 343 474 250 476 403 215 91 476 
50 50 455 254 0 393 240 454 89 51 216 428 326 125 367 222 97 108 150 344 357 172 406 96 
111 177 221 155 101 0 300 290 270 399 276 359 237 460 64 341 473 229 341 436 142 123 185 390 
55 97 164 438 256 86 0 400 87 353 269 361 393 232 399 199 438 167 116 266 223 325 418 382 
387 276 166 275 48 84 336 0 155 219 457 150 213 279 211 151 470 353 104 446 81 87 55 105 
158 279 245 404 82 235 183 371 0 148 59 88 103 259 232 203 354 247 49 315 403 135 279 116 
309 128 332 405 159 128 263 454 202 0 298 435 105 450 294 180 272 133 57 444 141 444 51 403 
200 330 291 381 394 262 239 273 366 442 0 138 178 87 381 456 178 243 317 398 224 274 84 136 
318 77 461 201 68 404 56 292 139 199 127 0 449 340 121 249 469 333 429 171 270 407 100 102 
211 109 472 318 178 74 252 135 185 324 116 330 0 58 237 201 369 332 126 393 64 340 382 112 
119 399 458 208 346 308 395 164 157 50 347 450 456 0 467 82 135 456 424 178 82 154 306 121 
57 319 198 365 218 331 175 415 341 418 248 57 91 275 0 123 369 451 463 393 462 171 342 163 
323 199 459 378 49 372 72 86 142 166 230 132 187 225 327 0 442 299 447 163 202 371 252 169 
330 258 109 271 300 145 236 125 403 184 455 421 92 276 459 332 0 63 367 223 401 258 104 110 
348 212 184 185 230 382 349 263 342 376 462 362 188 471 438 291 202 0 376 170 413 71 125 293 
274 225 155 152 55 466 142 330 161 268 364 163 375 448 139 435 443 199 0 350 335 329 275 54 
293 447 420 398 454 163 123 190 169 216 459 451 363 217 231 234 163 299 126 0 222 379 470 416 
71 219 312 83 440 389 448 277 347 372 102 103 99 367 220 429 137 328 75 367 0 480 65 366 
428 474 407 121 112 474 326 473 262 215 80 236 81 226 61 480 363 440 393 71 233 0 83 243 
58 60 200 372 351 191 220 472 111 475 391 171 375 84 276 436 198 452 441 352 462 342 0 60 
431 113 221 265 67 375 236 259 237 465 453 414 339 410 331 390 257 189 419 143 270 238 223 0 

e'''[i][j]=
0 152 97 107 138 92 136 336 77 306 322 
438 0 249 48 151 63 313 95 401 391 255 
306 172 0 415 393 207 384 74 304 341 297 
398 81 379 0 181 317 91 198 219 118 413 
417 109 176 267 0 403 478 101 219 139 351 
276 472 477 119 63 0 337 94 298 347 388 
411 91 137 363 141 146 0 157 305 270 381 
141 348 405 115 142 379 83 0 151 362 177 
479 319 169 383 389 152 390 421 0 163 428 
313 422 116 399 381 207 306 398 247 0 366 
430 77 218 131 134 293 135 307 318 106 0 

t'[i][j]=
0 73 52 23 55 25 44 43 
60 0 71 95 30 50 39 77 
76 54 0 26 58 37 33 62 
24 59 95 0 62 42 53 72 
48 56 48 65 0 43 60 42 
26 76 33 86 37 0 91 62 
91 95 60 96 34 50 0 25 
28 31 100 35 60 99 32 0 

t''[i][j]=
0 28 92 70 74 20 95 44 38 23 20 63 52 27 91 75 23 74 28 97 45 92 44 93 
89 0 26 35 44 83 77 87 50 37 55 59 61 48 23 78 81 92 78 93 86 21 49 76 
50 85 0 30 52 66 54 70 95 35 56 40 72 39 52 50 75 43 39 61 65 97 40 44 
41 38 33 0 75 85 65 91 89 77 38 76 30 70 71 82 97 94 57 71 34 94 70 30 
24 70 48 70 0 48 88 61 75 21 67 71 59 39 78 31 39 44 68 49 60 32 42 69 
86 50 42 76 80 0 30 51 26 71 67 38 51 81 63 81 69 87 70 81 99 100 45 20 
30 80 58 28 69 54 0 66 57 76 96 73 22 82 75 66 84 61 93 58 44 68 68 64 
48 85 68 72 75 98 99 0 89 91 36 86 98 69 33 78 68 41 35 70 61 40 59 25 
73 88 55 84 99 37 51 82 0 48 51 61 24 92 24 75 48 30 41 62 42 91 43 83 
68 52 80 98 75 75 62 71 44 0 62 64 68 93 62 46 26 33 24 53 52 70 70 76 
62 85 81 92 25 78 87 60 31 60 0 51 93 70 35 26 75 84 94 72 31 97 30 81 
59 27 53 70 97 93 88 48 75 59 84 0 33 96 92 49 42 93 42 54 60 52 50 96 
23 44 68 51 100 89 85 67 24 49 83 69 0 74 47 99 79 28 88 71 23 47 40 23 
28 94 55 42 46 46 47 73 93 41 72 53 88 0 48 64 92 85 28 88 65 71 45 39 
86 56 40 41 79 100 94 51 96 47 63 28 68 60 0 60 79 58 22 91 63 58 80 54 
89 56 32 92 77 45 79 48 38 69 47 20 59 97 25 0 56 37 66 74 67 99 26 51 
73 64 42 47 49 23 25 62 53 23 70 43 20 43 27 56 0 99 65 62 21 74 71 58 
42 45 37 92 92 38 77 68 73 21 57 73 28 98 52 50 62 0 52 79 65 56 42 78 
49 40 94 88 37 27 46 35 98 57 47 49 92 23 76 67 49 48 0 49 51 37 86 34 
78 20 51 74 80 95 52 94 83 32 30 63 95 68 23 98 28 98 70 0 73 48 70 100 
82 76 30 69 84 71 78 95 24 30 66 84 86 71 20 66 78 96 66 65 0 77 98 55 
27 89 78 42 96 96 51 54 55 81 57 87 95 72 34 79 86 59 70 56 24 0 47 22 
30 34 52 63 85 24 74 21 95 84 31 89 34 21 25 63 89 56 64 76 25 37 0 66 
24 42 83 100 41 21 39 88 53 92 60 92 90 53 75 51 60 37 42 78 86 80 93 0 

t'''[i][j]=
0 95 73 25 58 59 67 56 39 29 40 
53 0 71 76 21 38 95 26 48 77 28 
77 55 0 41 100 24 33 89 89 32 39 
84 36 31 0 43 32 48 96 57 43 71 
32 56 27 66 0 83 71 38 73 56 29 
91 95 21 33 86 0 37 31 24 43 96 
25 69 56 34 100 91 0 91 94 62 82 
20 58 93 62 41 25 95 0 83 32 88 
75 37 41 27 86 56 33 60 0 46 33 
62 45 28 31 41 33 52 97 44 0 25 
55 66 59 46 70 31 97 58 92 48 0 

d''[i][k]=
0 0 0 0 0 5 0 
0 0 0 0 4 1 0 
0 0 0 0 5 0 0 
0 0 0 0 5 0 0 
0 0 0 0 5 0 0 
0 0 0 5 1 0 0 
0 0 0 5 0 0 0 
0 0 0 5 0 0 0 
0 0 1 4 0 0 0 
0 0 5 0 0 0 0 
0 0 5 0 0 0 0 
0 0 6 0 0 0 0 
0 2 3 0 0 0 0 
0 6 0 0 0 0 0 
0 6 0 0 0 0 0 
2 3 0 0 0 0 0 
5 0 0 0 0 0 0 
5 0 0 0 0 0 0 
5 0 0 0 0 0 0 
0 0 0 0 0 2 3 
0 0 0 0 0 5 0 
0 0 0 0 0 0 5 
0 0 0 0 0 5 0 

r''[i][k]=
0 0 0 0 0 1.65 0 
0 0 0 0 2.12 0.34 0 
0 0 0 0 0.95 0 0 
0 0 0 0 1.3 0 0 
0 0 0 0 2.15 0 0 
0 0 0 0.85 0.34 0 0 
0 0 0 1.65 0 0 0 
0 0 0 0 0 0 0 
0 0 0.5 1.52 0 0 0 
0 0 0.15 0 0 0 0 
0 0 0.1 0 0 0 0 
0 0 0.42 0 0 0 0 
0 0.36 0.18 0 0 0 0 
0 0.18 0 0 0 0 0 
0 0.06 0 0 0 0 0 
0.68 0.12 0 0 0 0 0 
0 0 0 0 0 0 0 
1.3 0 0 0 0 0 0 
0.8 0 0 0 0 0 0 
0 0 0 0 0 0.08 2.07 
0 0 0 0 0 2.8 0 
0 0 0 0 0 0 1.15 
0 0 0 0 0 1.05 0 

p[k]=
0.01 0.05 0.03 0.01 0.01 0.04 0.04 

d'''[i][k]=
0 0 0 0 0 12 8 
0 0 0 0 14 6 0 
0 0 0 0 5 0 0 
0 0 0 4 1 0 0 
0 0 0 5 0 0 0 
0 0 0 5 0 0 0 
0 0 0 5 0 0 0 
0 0 14 0 0 0 0 
0 14 6 0 0 0 0 
17 3 0 0 0 0 0 

r'''[i][k]=
0 0 0 0 0 2.28 1.2 
0 0 0 0 5.46 0.36 0 
0 0 0 0 1.25 0 0 
0 0 0 0.88 0.36 0 0 
0 0 0 1.3 0 0 0 
0 0 0 0.5 0 0 0 
0 0 0 0.35 0 0 0 
0 0 0.56 0 0 0 0 
0 3.08 3.3 0 0 0 0 
0.17 0.03 0 0 0 0 0 
