|S|=7
|R|=23
|O|=10
|V|=20
q=150
c=1
Tmax=960
H=1000

e'[i][j]=
0 272 287 153 395 100 217 85 
394 0 301 163 243 126 221 359 
421 223 0 395 57 216 223 141 
266 428 312 0 335 120 394 241 
269 180 279 77 0 125 353 473 
283 208 445 345 116 0 338 185 
458 351 358 139 226 298 0 126 
358 350 90 331 248 265 111 0 

e''[i][j]=
0 104 115 92 381 343 175 348 149 223 247 262 300 410 54 272 236 261 213 211 191 220 63 213 
430 0 243 120 246 160 195 305 122 473 319 308 214 251 243 461 406 107 108 199 406 296 337 65 
71 445 0 126 406 64 459 464 108 111 250 184 142 278 422 298 479 294 139 167 203 279 341 129 
398 445 318 0 341 204 116 102 238 439 210 272 412 232 434 457 239 383 438 371 426 321 459 238 
82 303 78 474 0 406 234 383 138 65 360 293 397 463 235 292 269 98 339 431 101 139 240 113 
396 261 161 398 431 0 161 363 163 210 199 174 111 53 52 387 305 194 392 450 116 64 471 405 
124 259 300 418 268 279 0 465 140 194 245 345 281 417 70 49 272 196 51 365 313 154 173 310 
303 376 358 426 287 59 410 0 469 338 395 342 254 171 287 455 240 218 136 147 49 228 282 270 
156 476 296 216 190 326 238 57 0 96 304 100 405 235 171 268 251 86 456 370 447 367 120 163 
324 154 105 174 77 202 385 477 74 0 138 396 473 160 253 404 419 244 220 236 461 144 218 290 
121 285 477 175 454 428 465 444 265 88 0 416 475 360 474 119 125 381 461 125 248 169 96 356 
198 341 353 169 62 361 473 233 354 420 477 0 401 268 349 53 77 315 337 174 116 126 61 432 
462 223 141 182 213 78 261 266 190 193 154 284 0 323 346 443 392 217 453 448 178 105 112 105 
132 315 471 92 326 118 142 431 281 64 393 167 179 0 109 397 98 172 165 324 227 474 324 342 
146 167 214 379 381 311 330 321 432 291 123 274 434 55 0 427 112 127 415 311 184 191 294 308 
166 221 58 79 451 365 155 280 270 275 105 129 93 288 474 0 255 475 120 195 345 161 151 410 
78 171 58 476 214 143 132 158 345 167 251 377 388 383 404 473 0 364 62 347 435 299 248 464 
325 102 270 49 133 369 181 289 62 438 363 141 129 186 68 112 465 0 56 376 83 194 223 55 
153 56 382 192 121 317 182 170 149 370 304 108 262 163 240 240 474 94 0 439 305 300 414 76 
329 437 461 262 441 231 152 146 363 193 322 200 193 312 462 302 80 84 189 0 403 311 466 391 
238 137 152 140 477 95 309 73 287 173 464 102 138 132 194 341 283 305 115 310 0 251 262 362 
294 339 431 241 447 358 408 196 438 253 207 306 175 49 205 447 401 148 53 134 246 0 368 374 
162 164 147 462 427 146 208 181 114 273 386 144 338 243 335 198 438 425 445 358 286 185 0 106 
381 321 398 92 141 208 467 441 81 277 297 309 208 108 365 87 390 344 474 110 376 240 116 0 

e'''[i][j]=
0 53 225 170 337 65 234 318 350 425 231 
384 0 294 158 69 216 97 270 229 130 62 
143 356 0 113 379 124 479 126 139 467 364 
318 338 77 0 80 356 248 108 54 190 437 
431 453 430 56 0 88 54 348 296 111 348 
398 357 202 119 460 0 377 361 80 438 315 
235 159 166 451 432 173 0 445 276 191 309 
237 145 350 186 300 436 254 0 462 369 80 
172 473 436 449 230 207 142 69 0 371 66 
351 364 84 232 185 404 53 352 200 0 122 
412 473 407 478 53 457 336 240 231 305 0 

t'[i][j]=
0 67 67 56 36 25 67 61 
46 0 91 84 25 80 87 69 
65 34 0 78 71 85 78 74 
28 87 48 0 29 53 38 60 
21 90 23 86 0 80 81 56 
79 76 36 82 58 0 86 57 
66 97 60 33 82 86 0 62 
75 90 69 22 62 69 72 0 

t''[i][j]=
0 26 98 65 74 74 97 89 59 53 43 74 64 35 59 57 36 43 99 61 27 89 24 77 
66 0 75 58 43 71 83 22 55 22 24 32 59 81 72 22 74 20 37 100 84 61 56 44 
54 98 0 52 42 36 47 50 72 87 77 76 22 65 68 68 54 96 87 54 96 54 52 60 
82 51 42 0 59 90 24 58 48 98 63 65 85 53 58 30 57 35 51 31 36 58 85 49 
71 90 88 79 0 83 51 33 97 41 77 28 61 81 95 36 78 91 29 85 23 88 52 52 
84 31 34 69 49 0 85 75 40 32 62 30 72 32 44 59 90 34 54 90 76 61 20 98 
28 38 38 100 72 85 0 39 73 26 72 74 49 40 24 55 65 44 91 35 56 22 58 44 
63 28 48 30 24 26 98 0 87 100 75 24 100 61 100 69 53 81 38 43 85 86 94 29 
30 38 24 91 71 40 29 25 0 34 67 82 100 39 66 99 87 56 24 41 41 59 61 61 
65 90 43 65 49 77 93 59 45 0 54 42 73 74 21 70 94 52 60 23 69 53 67 64 
54 76 70 20 66 99 51 83 77 29 0 92 63 59 84 34 53 70 47 29 45 74 83 49 
34 22 49 22 67 80 40 28 49 65 75 0 46 79 40 68 63 96 33 55 84 66 30 83 
44 65 49 48 86 85 92 89 81 66 77 74 0 51 22 96 67 77 29 77 98 65 93 78 
43 47 57 86 69 37 32 72 75 27 30 89 61 0 48 37 84 78 71 21 73 71 87 70 
49 32 81 90 42 94 53 34 100 93 84 32 52 52 0 30 94 77 36 52 89 29 68 79 
99 66 87 30 59 60 66 80 32 54 98 79 44 83 37 0 96 34 69 23 41 87 61 43 
46 66 89 74 92 55 41 88 58 97 51 54 65 68 40 35 0 69 33 76 75 84 41 94 
47 61 23 30 69 69 85 80 53 87 61 62 61 25 51 100 78 0 78 33 58 64 72 96 
77 91 39 72 68 66 59 56 61 60 39 45 37 63 66 82 65 49 0 26 80 49 38 29 
91 57 46 27 71 51 97 47 83 86 53 77 88 94 93 37 51 26 55 0 43 60 85 31 
96 79 36 77 100 87 73 67 45 81 54 53 68 32 21 33 76 42 95 50 0 64 98 77 
21 89 39 85 41 22 22 24 74 86 45 41 79 72 28 82 56 80 84 51 96 0 91 83 
94 92 66 75 69 56 38 55 66 45 47 76 82 93 63 65 73 40 37 33 25 22 0 83 
91 28 28 65 94 74 100 66 71 30 62 49 63 52 76 24 55 25 57 96 57 65 81 0 

t'''[i][j]=
0 77 30 37 98 57 45 35 30 98 66 
48 0 90 91 62 26 56 92 20 83 84 
34 97 0 26 36 40 70 96 95 76 68 
36 95 67 0 84 83 35 73 28 61 61 
86 82 43 64 0 63 78 99 81 94 55 
32 87 94 22 22 0 63 37 61 47 46 
68 47 24 84 28 62 0 65 98 93 37 
58 96 31 26 63 23 68 0 76 70 34 
63 20 36 32 84 27 89 21 0 31 73 
99 75 63 62 78 30 61 50 39 0 54 
65 74 59 32 55 85 65 32 24 67 0 

d''[i][k]=
0 0 0 0 0 5 0 
0 0 0 0 0 5 0 
0 0 0 0 0 5 0 
0 0 0 0 5 0 0 
0 0 0 0 5 0 0 
0 0 0 0 5 0 0 
0 0 0 4 1 0 0 
0 0 0 5 0 0 0 
0 0 0 5 0 0 0 
0 0 0 5 0 0 0 
0 0 5 0 0 0 0 
0 0 5 0 0 0 0 
0 0 5 0 0 0 0 
0 1 4 0 0 0 0 
0 5 0 0 0 0 0 
4 1 0 0 0 0 0 
5 0 0 0 0 0 0 
6 0 0 0 0 0 0 
5 0 0 0 0 0 0 
0 0 0 0 0 0 5 
0 0 0 0 0 0 5 
0 0 0 0 0 5 0 
0 0 0 0 0 0 5 

r''[i][k]=
0 0 0 0 0 0.05 0 
0 0 0 0 0 0.25 0 
0 0 0 0 0 0.05 0 
0 0 0 0 0.05 0 0 
0 0 0 0 1.6 0 0 
0 0 0 0 0.3 0 0 
0 0 0 0.16 0.18 0 0 
0 0 0 2 0 0 0 
0 0 0 0.25 0 0 0 
0 0 0 0.8 0 0 0 
0 0 2.25 0 0 0 0 
0 0 0.6 0 0 0 0 
0 0 2.5 0 0 0 0 
0 0.04 0.04 0 0 0 0 
0 1.6 0 0 0 0 0 
1.6 0.04 0 0 0 0 0 
1.65 0 0 0 0 0 0 
4.56 0 0 0 0 0 0 
2.65 0 0 0 0 0 0 
0 0 0 0 0 0 1.35 
0 0 0 0 0 0 0.15 
0 0 0 0 0 2.1 0 
0 0 0 0 0 0 0.8 

p[k]=
0.02 0.03 0.05 0.02 0.02 0.02 0.03 

d'''[i][k]=
0 0 0 0 0 5 15 
0 0 0 0 0 5 0 
0 0 0 0 0 5 0 
0 0 0 0 0 5 0 
0 0 0 0 5 0 0 
0 0 0 0 5 0 0 
0 0 0 5 6 0 0 
0 0 6 14 0 0 0 
0 7 13 0 0 0 0 
20 0 0 0 0 0 0 

r'''[i][k]=
0 0 0 0 0 1.35 2.1 
0 0 0 0 0 0.2 0 
0 0 0 0 0 0.1 0 
0 0 0 0 0 1.75 0 
0 0 0 0 1.9 0 0 
0 0 0 0 0.15 0 0 
0 0 0 0.55 1.98 0 0 
0 0 1.08 0.56 0 0 0 
0 0.35 2.6 0 0 0 0 
7.8 0 0 0 0 0 0 
