|S|=4
|R|=6
|O|=5
|V|=10
q=70
c=1
Tmax=960
H=1000

e'[i][j]=
0 189 345 381 327 
114 0 112 324 235 
231 546 0 62 218 
467 53 467 0 336 
500 78 227 261 0 

e''[i][j]=
0 341 521 125 155 288 329 
186 0 143 524 524 154 296 
286 226 0 142 241 513 501 
353 153 329 0 71 299 114 
110 354 330 474 0 483 209 
81 211 314 319 128 0 425 
541 141 457 304 487 304 0 

e'''[i][j]=
0 362 403 398 434 113 
110 0 393 494 522 473 
488 504 0 344 291 406 
153 500 199 0 524 320 
241 513 435 232 0 353 
169 161 376 491 157 0 

t'[i][j]=
0 88 153 196 185 
150 0 46 152 148 
199 27 0 20 168 
177 66 166 0 136 
165 100 187 192 0 

t''[i][j]=
0 109 136 184 149 108 66 
112 0 174 35 67 43 37 
64 142 0 157 73 64 111 
193 125 32 0 75 191 85 
91 138 188 180 0 38 148 
187 110 61 200 174 0 25 
150 185 85 132 182 152 0 

t'''[i][j]=
0 83 164 41 65 20 
114 0 51 108 164 194 
100 74 0 76 172 22 
20 131 37 0 46 104 
44 96 150 131 0 183 
40 144 51 30 144 0 

d''[i][k]=
0 14 14 0 
0 24 0 0 
22 3 0 0 
25 0 0 0 
0 0 0 25 
0 0 32 0 

r''[i][k]=
0 4.34 7.56 0 
0 4.56 0 0 
9.68 1.29 0 0 
19 0 0 0 
0 0 0 0 
0 0 7.04 0 

p[k]=
0.01 0 0.01 0.02 

d'''[i][k]=
0 0 10 25 
0 0 23 0 
0 18 13 0 
12 23 0 0 
35 0 0 0 

r'''[i][k]=
0 0 0.2 12.25 
0 0 8.28 0 
0 5.4 3.25 0 
0 9.2 0 0 
0.35 0 0 0 
