|S|=7
|R|=23
|O|=10
|V|=20
q=150
c=1
Tmax=960
H=1000

e'[i][j]=
0 143 102 306 459 431 58 103 
53 0 281 148 347 267 74 355 
351 85 0 233 77 227 201 468 
387 168 135 0 299 275 365 112 
386 53 439 306 0 53 71 179 
49 143 251 177 315 0 469 171 
219 432 151 476 378 358 0 463 
153 78 269 304 356 453 308 0 

e''[i][j]=
0 295 111 118 165 290 377 149 60 277 391 59 112 446 251 312 377 440 445 313 205 226 121 62 
102 0 199 361 417 137 312 231 362 403 111 52 129 245 304 365 106 77 462 265 360 476 219 419 
263 406 0 265 452 63 148 72 422 419 280 192 185 342 186 390 78 337 229 298 349 208 221 129 
452 317 380 0 217 435 160 209 415 400 213 424 244 316 290 102 165 103 189 479 259 74 85 273 
257 125 190 205 0 439 127 394 417 319 214 234 131 335 292 191 85 182 341 89 469 469 156 326 
308 313 285 61 118 0 442 468 431 382 383 257 465 416 399 106 118 348 290 406 251 210 347 98 
460 415 49 356 205 470 0 148 79 280 382 272 378 50 270 450 67 208 158 417 293 186 283 229 
198 101 476 206 182 140 404 0 222 395 424 96 121 340 327 267 210 316 66 222 193 247 186 106 
340 143 272 309 392 277 287 397 0 270 56 100 282 205 111 402 476 318 114 216 314 140 214 260 
320 397 380 243 274 291 425 304 135 0 148 185 322 170 386 280 253 370 48 344 408 442 391 479 
109 190 352 414 451 315 104 368 370 333 0 441 98 134 134 198 156 119 402 472 345 178 99 468 
324 98 292 128 50 400 80 348 178 169 103 0 407 247 79 147 100 350 181 480 133 292 156 139 
73 346 221 86 285 201 301 449 463 160 98 225 0 176 301 473 62 432 386 335 57 136 340 73 
371 349 271 259 264 255 360 297 284 72 199 476 395 0 210 358 231 223 412 302 198 207 223 397 
185 134 89 51 249 265 58 429 86 281 108 153 473 211 0 71 320 448 375 117 90 249 399 423 
446 106 121 450 423 434 49 228 172 74 384 348 444 261 389 0 358 299 164 334 62 114 154 226 
168 57 477 186 235 431 359 217 451 113 175 184 304 193 97 388 0 206 195 437 354 156 106 463 
444 323 366 330 306 457 343 244 172 423 465 59 468 90 412 450 185 0 205 355 88 220 318 144 
56 460 449 362 159 366 85 450 454 428 170 146 429 128 329 436 220 343 0 195 160 123 76 320 
109 473 444 192 410 82 362 333 308 350 464 382 408 213 453 163 405 199 56 0 208 210 82 356 
299 477 126 48 126 457 302 55 256 475 480 154 60 429 73 467 279 183 103 317 0 444 228 216 
54 463 379 195 189 323 344 242 350 452 433 192 168 236 446 90 442 180 101 458 293 0 56 292 
137 302 181 272 54 391 239 217 151 93 330 138 342 249 156 292 125 360 157 316 207 390 0 59 
425 240 138 160 84 416 218 273 64 135 367 469 225 202 284 329 255 123 318 468 132 266 288 0 

e'''[i][j]=
0 98 267 208 265 108 417 209 262 356 120 
292 0 240 387 115 461 452 278 189 221 289 
409 54 0 470 413 434 173 79 435 60 314 
389 312 175 0 429 454 48 288 262 270 156 
349 84 479 138 0 395 275 137 157 126 369 
325 238 365 122 308 0 228 80 276 327 419 
375 392 272 161 67 157 0 469 149 49 220 
232 385 307 430 387 243 365 0 373 136 406 
401 221 345 74 77 283 237 247 0 216 415 
75 442 331 350 405 391 435 353 226 0 280 
427 75 169 311 436 108 363 363 167 294 0 

t'[i][j]=
0 39 83 32 63 20 24 96 
88 0 89 45 26 49 98 82 
31 71 0 25 55 56 99 82 
54 94 50 0 96 49 23 86 
72 81 31 20 0 47 34 72 
77 23 37 20 31 0 73 27 
93 88 26 69 42 55 0 34 
67 82 86 94 44 76 23 0 

t''[i][j]=
0 54 58 87 55 76 52 39 62 58 52 27 62 47 59 24 78 62 30 46 22 69 74 77 
83 0 84 68 53 46 81 99 35 41 97 60 25 38 52 69 66 34 69 21 75 94 33 49 
88 26 0 30 84 40 45 31 53 32 28 92 95 27 62 20 95 24 70 84 25 37 44 53 
69 96 35 0 75 93 60 78 79 81 34 49 34 51 33 94 95 78 24 42 48 20 27 43 
46 57 24 24 0 20 59 77 20 39 83 87 23 40 94 91 24 85 46 21 27 64 88 90 
93 57 48 22 63 0 98 81 53 97 81 43 53 36 89 46 69 48 28 39 54 20 22 56 
56 61 23 80 51 95 0 76 95 26 95 62 58 96 47 36 58 71 88 85 32 58 89 54 
93 36 79 51 44 38 51 0 50 91 97 93 67 50 51 49 30 46 22 74 46 85 94 89 
71 21 88 20 54 85 61 61 0 22 67 54 26 90 77 66 72 62 71 22 68 69 95 39 
79 23 64 54 81 51 96 84 51 0 33 71 41 93 93 89 55 54 26 45 77 87 24 74 
23 38 23 37 39 20 69 99 26 58 0 75 51 78 25 74 54 94 94 95 25 77 20 75 
33 58 33 35 46 83 20 36 97 82 57 0 44 22 90 68 63 73 24 49 92 60 85 53 
36 51 25 86 65 55 71 95 22 63 53 34 0 25 53 32 94 54 30 51 93 29 48 91 
79 82 25 29 74 75 46 73 48 42 67 65 26 0 39 22 53 32 92 51 68 40 50 50 
66 82 80 70 81 70 45 42 60 85 39 36 67 36 0 44 28 75 37 39 86 28 63 29 
89 60 100 60 67 91 28 68 61 41 92 96 56 53 64 0 43 72 80 92 45 61 39 54 
43 25 34 56 43 34 65 68 34 83 30 48 83 49 89 84 0 77 43 28 99 65 32 33 
55 79 38 32 98 87 71 41 37 65 51 81 97 42 99 21 72 0 56 52 49 66 75 58 
86 69 54 71 54 46 27 71 34 39 54 46 46 92 80 96 98 25 0 28 25 80 72 67 
38 87 29 35 76 32 49 65 55 66 38 25 74 52 88 62 41 86 58 0 83 77 57 62 
82 86 56 75 100 65 20 20 80 27 76 61 36 24 65 88 49 58 80 75 0 34 77 53 
53 86 70 77 38 30 58 93 76 85 91 79 38 99 82 95 67 99 61 81 66 0 56 74 
96 34 88 95 57 90 44 34 82 76 37 73 75 72 30 27 43 29 27 55 91 61 0 33 
52 66 40 95 68 22 87 31 38 38 30 92 58 36 97 32 69 69 60 41 63 49 34 0 

t'''[i][j]=
0 60 45 20 99 93 80 50 35 65 42 
51 0 51 38 73 88 78 38 75 70 33 
34 28 0 33 71 56 50 86 49 92 91 
74 60 34 0 72 42 94 59 20 46 27 
34 59 39 82 0 83 47 38 93 93 74 
62 93 67 73 47 0 27 70 47 58 36 
71 20 41 64 36 63 0 84 85 45 39 
27 21 27 61 48 99 67 0 58 21 74 
92 53 64 97 56 78 76 57 0 24 33 
28 42 50 81 42 79 56 28 22 0 49 
96 21 84 81 35 32 87 29 53 24 0 

d''[i][k]=
0 0 0 0 0 6 0 
0 0 0 0 0 7 0 
0 0 0 0 4 1 0 
0 0 0 0 5 0 0 
0 0 0 0 5 0 0 
0 0 0 3 2 0 0 
0 0 0 5 0 0 0 
0 0 0 5 0 0 0 
0 0 0 6 0 0 0 
0 0 4 1 0 0 0 
0 0 6 0 0 0 0 
0 2 3 0 0 0 0 
0 5 0 0 0 0 0 
0 5 0 0 0 0 0 
0 5 0 0 0 0 0 
4 1 0 0 0 0 0 
5 0 0 0 0 0 0 
5 0 0 0 0 0 0 
5 0 0 0 0 0 0 
0 0 0 0 0 0 5 
0 0 0 0 0 0 5 
0 0 0 0 0 0 5 
0 0 0 0 0 3 2 

r''[i][k]=
0 0 0 0 0 0.18 0 
0 0 0 0 0 0 0 
0 0 0 0 0.24 0.25 0 
0 0 0 0 1.65 0 0 
0 0 0 0 0.25 0 0 
0 0 0 0.39 0.72 0 0 
0 0 0 0.15 0 0 0 
0 0 0 0.15 0 0 0 
0 0 0 0.72 0 0 0 
0 0 0.36 0.04 0 0 0 
0 0 2.4 0 0 0 0 
0 0.22 0.09 0 0 0 0 
0 3.45 0 0 0 0 0 
0 0 0 0 0 0 0 
0 3.7 0 0 0 0 0 
0.64 0.13 0 0 0 0 0 
1.45 0 0 0 0 0 0 
0.95 0 0 0 0 0 0 
2.4 0 0 0 0 0 0 
0 0 0 0 0 0 1.6 
0 0 0 0 0 0 1.8 
0 0 0 0 0 0 0.15 
0 0 0 0 0 2.64 0.94 

p[k]=
0.03 0.04 0.05 0.04 0.04 0.04 0.04 

d'''[i][k]=
0 0 0 0 0 3 17 
0 0 0 0 0 5 0 
0 0 0 0 0 5 0 
0 0 0 0 1 4 0 
0 0 0 0 5 0 0 
0 0 0 0 5 0 0 
0 0 0 10 5 0 0 
0 0 10 10 0 0 0 
0 17 3 0 0 0 0 
19 1 0 0 0 0 0 

r'''[i][k]=
0 0 0 0 0 1.17 1.19 
0 0 0 0 0 0.2 0 
0 0 0 0 0 0.1 0 
0 0 0 0 0.24 1.36 0 
0 0 0 0 0.05 0 0 
0 0 0 0 2.25 0 0 
0 0 0 2.4 1.6 0 0 
0 0 0.9 1.5 0 0 0 
0 2.72 0.27 0 0 0 0 
4.18 0.01 0 0 0 0 0 
