|S|=7
|R|=23
|O|=10
|V|=20
q=150
c=1
Tmax=960
H=1000

e'[i][j]=
0 210 135 380 332 181 288 69 
179 0 416 277 338 412 159 252 
467 128 0 119 89 235 324 240 
356 106 154 0 138 470 147 234 
409 474 282 167 0 429 316 402 
275 291 344 324 264 0 274 216 
334 69 425 236 152 205 0 48 
278 169 399 447 233 249 267 0 

e''[i][j]=
0 272 128 370 185 323 405 204 358 431 356 309 426 455 57 140 158 76 194 325 422 287 331 322 
363 0 179 220 141 154 48 151 135 297 85 242 144 260 250 291 61 193 224 299 305 320 107 57 
258 307 0 450 331 115 304 267 346 352 381 281 424 284 294 390 468 215 237 54 385 90 75 100 
148 444 372 0 96 262 240 128 64 140 150 379 76 182 270 103 342 257 119 345 284 323 440 319 
105 402 179 284 0 160 273 211 177 95 219 210 367 395 458 336 216 139 477 125 301 254 255 146 
57 211 362 77 116 0 436 119 107 160 372 155 419 314 56 356 378 208 125 335 96 340 57 88 
214 397 407 403 78 434 0 181 173 430 479 206 309 338 243 224 239 305 360 292 86 279 90 264 
106 423 286 164 311 418 295 0 352 369 237 316 334 384 315 243 373 291 464 346 277 219 178 334 
52 157 70 122 302 85 422 251 0 237 433 408 456 149 179 53 208 140 421 458 228 287 168 444 
349 346 412 184 329 289 456 48 349 0 225 217 149 53 63 210 52 413 232 437 325 255 89 267 
288 245 352 352 415 354 69 320 155 68 0 382 380 214 293 345 287 409 202 214 356 396 118 199 
275 223 251 433 374 251 135 184 72 201 211 0 289 200 401 286 342 226 129 130 144 224 125 416 
243 338 63 375 161 65 137 355 430 69 457 368 0 56 225 282 84 238 260 178 470 334 419 445 
347 157 431 363 150 445 269 322 228 358 163 241 401 0 379 258 282 400 346 252 242 354 64 150 
134 399 400 387 134 209 68 413 60 466 129 108 269 273 0 132 283 381 348 378 452 332 133 104 
290 391 471 456 340 192 299 313 224 163 447 85 245 477 149 0 419 436 381 419 233 99 101 289 
259 254 261 85 171 295 395 226 210 365 102 295 411 157 158 452 0 216 466 105 211 168 209 55 
331 286 59 176 71 408 94 250 218 433 167 86 453 440 254 311 444 0 389 240 426 417 256 450 
365 195 282 212 284 461 468 357 246 461 387 454 227 106 385 284 181 107 0 266 180 379 474 211 
282 440 77 113 401 160 108 208 471 83 169 167 410 159 350 359 200 266 306 0 417 279 132 172 
119 412 479 391 276 70 67 273 384 132 230 474 202 150 296 270 224 311 440 222 0 326 150 442 
213 65 318 97 205 333 186 346 406 295 398 392 473 261 273 79 79 75 63 172 170 0 301 162 
451 375 448 388 246 129 137 434 474 455 233 66 373 252 336 149 75 300 308 438 208 473 0 139 
252 391 324 128 217 196 104 81 189 420 126 255 414 128 182 450 62 137 241 272 480 428 415 0 

e'''[i][j]=
0 132 67 278 424 197 204 279 228 178 152 
220 0 207 148 103 253 470 264 161 404 253 
333 126 0 221 125 344 324 151 206 95 436 
334 104 461 0 236 257 108 424 304 256 411 
104 153 330 257 0 90 365 196 238 91 127 
247 111 114 192 266 0 99 120 141 357 160 
453 363 328 369 280 408 0 280 335 214 77 
210 227 152 270 224 190 452 0 247 227 411 
85 110 211 136 314 368 460 216 0 272 198 
180 165 358 123 397 275 439 114 389 0 242 
58 64 375 236 120 328 251 166 448 167 0 

t'[i][j]=
0 53 24 95 32 30 26 83 
63 0 57 30 37 29 91 50 
97 57 0 58 67 98 81 81 
29 71 23 0 71 86 92 26 
65 29 41 32 0 55 59 31 
60 20 31 24 34 0 67 55 
66 99 98 82 86 43 0 50 
37 22 84 67 96 79 91 0 

t''[i][j]=
0 36 76 88 63 22 86 61 48 28 99 85 99 45 54 83 23 48 42 24 45 96 77 25 
56 0 41 93 74 38 70 90 84 62 78 95 70 21 66 55 100 80 78 32 87 57 37 94 
39 80 0 44 94 84 73 99 82 88 42 58 80 67 68 44 35 41 58 99 24 64 79 51 
66 21 95 0 22 20 47 96 40 22 46 23 94 65 93 68 46 75 51 21 56 92 76 51 
65 90 100 67 0 51 95 29 52 35 54 21 29 55 61 33 55 25 84 26 51 84 59 29 
92 82 70 30 56 0 26 33 51 97 55 56 46 37 44 74 25 27 84 65 23 30 26 93 
46 75 33 91 49 50 0 54 81 74 45 78 62 58 55 45 73 21 51 97 82 45 26 42 
98 37 91 42 62 82 79 0 93 77 78 89 66 88 28 96 96 57 22 71 90 96 93 62 
29 23 38 44 46 40 58 79 0 60 58 46 95 55 38 70 78 83 51 59 23 20 62 77 
28 24 68 48 22 20 70 98 41 0 60 91 58 88 43 42 22 30 33 82 66 62 27 78 
48 22 78 36 46 89 60 79 45 31 0 89 71 23 39 82 25 25 31 41 81 46 79 77 
66 28 56 58 30 52 52 33 56 38 97 0 96 99 52 92 69 46 67 38 33 34 93 67 
88 40 97 95 96 36 100 88 59 68 41 69 0 20 59 57 78 22 83 47 30 29 47 90 
96 32 39 64 51 55 55 60 30 82 98 57 81 0 86 91 55 81 53 27 50 63 25 54 
24 62 78 36 95 57 72 81 24 82 58 32 27 66 0 48 29 49 22 84 78 36 84 98 
45 63 48 43 76 21 40 51 92 100 81 94 88 73 56 0 20 56 20 33 32 20 24 80 
85 37 23 71 34 37 28 71 63 71 32 56 89 91 98 84 0 74 32 30 41 86 87 72 
21 64 88 51 69 40 75 44 20 60 92 85 94 37 83 67 72 0 54 49 97 20 50 82 
91 55 37 89 88 100 97 96 57 95 66 48 22 63 99 96 35 100 0 48 50 48 58 54 
23 78 74 53 30 67 89 74 58 24 100 49 65 45 57 55 62 89 34 0 63 92 57 25 
67 70 61 70 41 31 70 51 65 26 87 33 94 66 97 47 92 47 58 25 0 93 71 56 
69 58 34 54 58 79 26 78 98 49 45 56 42 88 61 45 96 80 84 75 26 0 28 45 
72 33 43 62 83 88 91 32 65 44 29 29 77 61 28 71 53 52 25 35 50 45 0 81 
75 59 32 41 96 43 75 54 34 80 60 87 90 30 49 73 63 35 66 38 75 80 72 0 

t'''[i][j]=
0 71 71 90 64 85 88 42 27 91 64 
92 0 89 24 65 43 28 87 61 26 63 
89 55 0 82 40 30 59 31 24 95 54 
62 68 50 0 38 95 50 24 38 73 82 
74 68 60 76 0 20 65 88 25 84 25 
56 21 66 60 79 0 22 50 61 60 58 
84 99 56 38 91 96 0 46 22 24 77 
65 41 98 74 47 43 41 0 99 51 93 
51 79 94 50 76 72 53 34 0 100 90 
30 97 44 50 75 81 54 20 80 0 49 
54 83 85 35 83 41 70 33 90 56 0 

d''[i][k]=
0 0 0 0 0 5 0 
0 0 0 0 2 3 0 
0 0 0 0 5 0 0 
0 0 0 0 5 0 0 
0 0 0 4 1 0 0 
0 0 0 7 0 0 0 
0 0 0 5 0 0 0 
0 0 1 4 0 0 0 
0 0 5 0 0 0 0 
0 0 7 0 0 0 0 
0 0 5 0 0 0 0 
0 4 1 0 0 0 0 
0 5 0 0 0 0 0 
0 5 0 0 0 0 0 
0 5 0 0 0 0 0 
4 1 0 0 0 0 0 
5 0 0 0 0 0 0 
5 0 0 0 0 0 0 
5 0 0 0 0 0 0 
0 0 0 0 0 1 5 
0 0 0 0 0 5 0 
0 0 0 0 5 0 0 
0 0 0 0 0 5 0 

r''[i][k]=
0 0 0 0 0 3.6 0 
0 0 0 0 1.06 0.78 0 
0 0 0 0 2.1 0 0 
0 0 0 0 1.2 0 0 
0 0 0 0.44 0.22 0 0 
0 0 0 1.26 0 0 0 
0 0 0 0.2 0 0 0 
0 0 0.02 1.8 0 0 0 
0 0 3.35 0 0 0 0 
0 0 2.87 0 0 0 0 
0 0 3.4 0 0 0 0 
0 2.92 0.13 0 0 0 0 
0 1.65 0 0 0 0 0 
0 0.15 0 0 0 0 0 
0 0.2 0 0 0 0 0 
0.52 0.21 0 0 0 0 0 
1.75 0 0 0 0 0 0 
0.95 0 0 0 0 0 0 
0.8 0 0 0 0 0 0 
0 0 0 0 0 0.26 0.9 
0 0 0 0 0 1.5 0 
0 0 0 0 0.8 0 0 
0 0 0 0 0 0.9 0 

p[k]=
0.05 0.03 0.01 0.03 0 0.02 0.05 

d'''[i][k]=
0 0 0 0 0 15 5 
0 0 0 0 16 4 0 
0 0 0 3 2 0 0 
0 0 0 5 0 0 0 
0 0 0 5 0 0 0 
0 0 0 5 0 0 0 
0 0 3 2 0 0 0 
0 0 15 0 0 0 0 
0 19 1 0 0 0 0 
19 1 0 0 0 0 0 

r'''[i][k]=
0 0 0 0 0 1.35 0.75 
0 0 0 0 3.04 0.36 0 
0 0 0 0.06 0.14 0 0 
0 0 0 0.15 0 0 0 
0 0 0 1.35 0 0 0 
0 0 0 0.4 0 0 0 
0 0 0.21 0.94 0 0 0 
0 0 0.45 0 0 0 0 
0 0.38 0.06 0 0 0 0 
5.7 0.21 0 0 0 0 0 
