|S|=12
|R|=38
|O|=15
|V|=30
q=150
c=1
Tmax=960
H=1000

e'[i][j]=
0 139 149 123 246 54 291 162 367 145 374 496 364 
129 0 497 224 442 225 555 167 341 63 343 349 393 
151 89 0 389 291 174 403 363 559 264 372 483 554 
65 352 440 0 461 88 522 554 160 264 342 328 449 
88 336 306 415 0 548 340 224 406 340 270 54 98 
329 353 538 112 329 0 303 463 108 74 441 242 515 
471 352 121 316 329 537 0 343 319 367 144 152 250 
92 432 345 479 296 274 106 0 107 288 377 342 522 
144 323 207 296 318 395 438 236 0 199 340 448 254 
533 108 472 494 345 71 62 136 53 0 76 406 555 
349 316 520 200 240 449 405 260 211 503 0 243 364 
256 85 433 533 249 209 230 453 184 457 330 0 347 
511 460 147 173 105 448 328 559 488 104 476 429 0 

e''[i][j]=
0 149 407 435 203 303 502 290 465 86 420 73 331 433 417 157 338 355 181 457 399 442 153 366 110 163 425 489 408 295 469 339 119 122 535 146 209 152 322 
352 0 94 462 397 318 431 448 235 259 322 505 257 458 354 178 210 190 471 431 363 254 129 168 459 181 407 115 155 107 530 443 490 400 440 372 268 178 329 
283 239 0 121 492 107 361 133 383 169 365 445 48 269 103 246 345 236 266 447 314 210 257 359 131 500 246 435 124 181 553 276 404 449 366 148 502 434 242 
254 209 288 0 152 85 537 250 97 248 364 546 394 174 71 90 326 464 95 438 315 235 272 430 533 126 363 433 325 476 508 206 108 503 502 403 323 289 510 
273 117 280 521 0 109 235 117 364 378 61 515 419 369 324 335 55 134 84 236 397 553 280 67 349 277 273 375 186 253 301 432 121 173 382 336 493 149 165 
553 164 65 175 209 0 497 275 59 342 366 253 104 182 293 401 431 484 137 193 99 378 59 386 297 80 460 524 161 336 56 478 300 338 56 259 70 365 298 
541 211 559 103 213 194 0 406 301 548 338 318 413 361 116 327 365 447 360 319 470 369 92 125 207 252 209 202 285 454 451 164 478 207 134 134 330 103 460 
115 445 387 56 277 72 265 0 198 523 60 518 542 188 377 141 218 76 230 327 224 532 358 165 296 489 270 148 318 189 84 156 386 310 81 534 135 85 280 
487 127 500 337 53 439 308 260 0 219 56 368 546 312 129 61 466 219 62 548 358 509 191 151 228 440 257 90 100 276 395 275 516 476 131 509 187 295 424 
163 295 427 303 408 176 217 107 108 0 470 523 372 551 507 367 524 306 509 269 440 254 119 143 498 235 90 497 63 482 268 151 433 368 212 498 243 238 337 
216 348 133 316 354 455 269 538 106 486 0 386 183 277 89 80 167 419 133 114 213 257 214 260 162 321 556 332 302 480 436 504 180 315 319 168 509 364 496 
218 123 311 75 135 534 483 365 107 239 143 0 242 452 278 169 69 51 402 270 510 233 452 466 488 222 277 521 180 328 291 550 250 238 378 310 487 467 183 
357 445 373 116 95 212 560 84 153 75 58 239 0 312 279 254 69 78 287 553 186 467 439 350 196 146 231 68 536 244 493 102 350 212 195 420 322 168 223 
245 434 151 96 297 327 429 329 407 110 85 372 108 0 290 103 130 331 186 172 178 113 433 532 488 74 80 433 227 487 134 216 224 422 365 75 249 217 363 
419 422 251 80 301 179 75 240 105 393 305 432 365 103 0 141 335 258 102 407 372 141 196 531 464 392 99 238 135 215 282 471 303 203 99 209 242 376 505 
217 75 271 381 76 87 351 403 284 171 313 433 182 477 492 0 513 368 547 310 470 302 61 464 347 249 324 93 139 434 125 112 58 512 110 174 412 123 542 
443 189 139 86 128 66 499 516 180 208 247 393 95 505 93 334 0 179 345 256 545 454 212 154 414 230 400 279 166 540 170 172 148 124 295 158 158 554 476 
389 157 254 535 544 510 529 501 228 126 463 312 369 152 203 452 96 0 519 515 435 368 84 439 266 72 531 77 500 503 478 141 194 184 520 545 374 438 270 
491 195 556 118 245 379 374 406 242 205 167 252 125 230 192 133 149 357 0 486 503 175 234 503 350 343 233 476 505 321 513 65 171 330 53 221 358 170 104 
397 329 413 415 553 358 459 281 388 419 412 193 488 546 214 162 462 260 278 0 242 93 223 445 509 142 482 101 344 504 530 126 110 289 517 106 309 512 153 
280 113 292 427 470 382 237 367 199 297 325 535 497 297 196 295 327 197 121 388 0 471 450 548 412 352 340 432 178 297 246 365 461 109 72 528 147 538 507 
220 535 363 410 361 543 234 297 459 256 278 379 363 149 96 49 72 541 403 505 400 0 139 456 145 447 154 362 49 244 284 435 251 519 190 531 162 180 272 
345 246 161 530 286 291 354 102 103 416 117 148 218 189 286 511 372 541 498 368 372 371 0 237 492 482 305 389 514 311 69 419 151 349 69 291 394 349 125 
421 432 515 180 241 560 401 486 132 535 276 378 269 528 448 109 312 263 253 157 521 64 53 0 455 423 408 294 171 139 465 189 483 202 222 98 459 51 102 
548 354 496 233 280 168 473 392 214 533 95 303 222 131 272 72 427 312 507 497 318 160 407 384 0 513 93 455 310 556 314 220 152 272 125 315 508 276 458 
414 512 342 537 210 177 188 555 545 261 492 94 300 333 474 488 374 62 495 103 522 126 178 171 340 0 238 198 175 304 469 517 322 164 206 221 559 247 278 
127 256 70 449 156 481 189 48 124 251 474 463 208 403 315 346 492 221 457 318 153 427 198 285 257 444 0 405 246 213 255 381 282 268 88 463 174 187 473 
244 123 474 185 431 216 148 358 492 83 261 229 489 338 213 251 285 557 128 295 513 496 509 213 392 262 122 0 495 80 322 215 244 363 557 82 256 456 423 
484 434 320 157 460 345 242 242 474 401 92 225 319 282 525 387 399 465 250 516 278 474 305 434 556 379 273 143 0 516 416 446 353 455 201 298 542 496 293 
403 241 170 77 203 191 456 92 432 283 96 530 104 102 289 435 407 48 170 517 182 235 437 475 404 477 373 110 186 0 316 225 194 444 335 454 488 89 53 
301 545 380 216 505 230 441 258 369 95 179 51 159 227 146 436 256 95 224 300 57 111 417 284 117 94 379 458 296 209 0 328 65 221 282 558 199 543 468 
478 532 92 49 298 506 441 85 207 232 57 381 127 454 117 433 532 343 104 488 402 191 425 479 60 81 70 64 455 542 438 0 87 521 550 370 203 192 126 
428 246 61 542 88 63 391 425 420 467 471 389 461 246 148 324 290 291 131 519 185 71 554 154 359 523 115 404 414 380 528 207 0 74 408 512 244 106 292 
342 375 181 401 484 119 435 496 277 330 444 350 293 486 407 472 282 302 429 356 505 74 127 367 502 163 149 112 240 142 398 85 127 0 173 80 191 64 504 
275 532 346 508 511 336 498 96 161 188 242 529 461 503 475 122 251 500 88 369 147 447 151 455 119 130 407 378 153 52 206 430 216 448 0 369 412 244 513 
54 120 357 480 162 538 371 391 465 238 161 216 526 306 322 51 312 297 478 119 402 386 69 556 558 408 95 320 404 325 557 233 435 360 223 0 109 354 493 
452 316 49 326 216 346 463 263 54 296 62 363 448 356 211 360 249 145 107 334 175 107 377 546 518 476 140 210 126 191 515 366 216 190 422 251 0 68 425 
141 275 384 238 277 246 468 142 325 449 109 342 415 229 497 546 356 238 197 158 383 365 483 264 289 372 524 103 441 247 116 524 99 116 532 243 365 0 394 
474 161 285 184 60 546 226 499 221 245 508 554 72 297 505 289 486 464 126 111 512 103 394 403 221 139 391 326 137 267 447 357 355 92 221 120 308 457 0 

e'''[i][j]=
0 394 168 309 152 79 478 54 426 419 61 556 407 330 165 511 
250 0 105 276 428 128 216 405 451 129 117 444 436 508 501 220 
509 444 0 479 540 206 409 222 166 324 278 428 428 442 412 240 
92 79 83 0 337 314 251 450 329 404 147 192 57 265 201 475 
57 245 297 340 0 124 447 384 131 406 366 84 226 153 90 553 
331 554 139 332 265 0 299 93 200 197 286 461 502 278 107 448 
191 310 335 173 530 84 0 159 444 406 160 515 201 334 53 202 
65 205 345 466 439 458 438 0 214 491 285 64 260 414 503 314 
74 184 271 229 74 532 193 290 0 138 99 110 515 62 433 290 
439 79 73 161 216 508 128 430 0 0 464 346 397 191 520 284 
176 202 297 151 201 84 305 478 346 127 0 110 482 310 192 244 
522 357 306 172 456 413 324 475 559 331 262 0 167 280 167 117 
393 266 172 48 418 159 163 377 482 365 334 438 0 245 496 281 
61 105 60 171 484 494 216 91 100 470 412 158 478 0 385 518 
259 371 111 214 162 116 82 173 146 67 535 534 206 382 0 299 
355 102 234 241 348 76 163 122 274 536 532 103 363 477 485 0 

t'[i][j]=
0 111 195 92 174 118 70 183 46 62 53 80 58 
127 0 58 100 188 61 68 98 136 40 168 146 118 
127 167 0 71 62 150 161 51 86 142 129 81 150 
39 95 85 0 49 84 23 48 154 57 125 84 176 
183 50 70 66 0 170 43 65 117 148 56 108 106 
139 188 196 88 163 0 172 75 87 199 196 177 145 
65 52 95 140 113 169 0 191 69 111 78 31 126 
184 172 28 107 145 130 174 0 86 56 82 110 121 
180 107 161 147 173 29 106 54 0 191 29 129 164 
69 160 198 158 87 128 60 20 75 0 83 101 73 
156 197 28 21 103 192 117 183 175 64 0 146 80 
187 134 73 199 62 74 113 88 58 124 54 0 30 
43 197 101 179 44 148 150 112 133 143 92 97 0 

t''[i][j]=
0 29 137 84 40 52 78 147 170 178 187 50 200 113 114 183 39 175 77 131 173 84 152 148 130 194 29 160 200 142 98 33 97 50 81 64 180 89 69 
22 0 110 155 126 92 128 27 152 125 42 188 125 179 132 55 26 57 196 149 139 130 187 156 69 177 145 128 90 137 118 117 120 166 27 93 88 191 54 
195 197 0 181 37 150 54 93 110 60 24 66 120 160 23 118 200 72 62 198 46 65 135 189 180 126 160 187 175 119 139 132 82 98 22 38 197 82 169 
94 194 118 0 37 94 121 107 195 196 63 29 21 69 187 74 60 162 128 182 85 189 52 174 178 77 38 125 160 140 200 50 62 102 52 122 33 191 72 
157 125 108 40 0 56 100 43 154 191 56 53 93 25 55 151 103 123 77 149 40 161 119 33 51 49 84 106 191 96 192 154 176 165 80 113 129 63 130 
70 142 24 31 44 0 39 38 115 37 112 190 45 30 56 127 69 41 40 106 79 29 172 70 80 131 66 84 97 147 180 126 53 139 135 27 189 164 116 
163 41 95 127 35 38 0 21 155 126 169 120 90 63 160 28 65 144 89 69 116 125 160 21 26 167 55 131 28 31 123 134 186 58 119 158 161 149 132 
187 30 45 169 86 76 66 0 102 138 189 27 94 174 112 147 22 184 156 137 62 182 38 166 178 115 29 128 127 66 37 27 114 107 177 64 46 174 83 
52 144 185 35 145 46 83 51 0 92 30 137 36 125 69 73 142 159 69 186 186 142 58 150 191 43 145 46 183 102 43 135 61 87 146 100 62 70 70 
132 184 118 152 73 83 189 124 175 0 50 85 40 86 70 157 151 150 71 89 200 180 86 161 171 157 34 169 168 116 118 181 167 200 158 164 110 128 54 
25 84 133 193 54 93 152 145 133 133 0 37 146 80 38 151 60 109 72 119 52 79 40 167 174 145 169 181 38 71 25 133 194 178 70 119 59 181 176 
62 108 28 138 40 141 23 165 93 47 106 0 147 106 149 74 97 49 24 176 69 117 90 188 165 118 71 40 54 167 190 200 132 135 153 26 199 148 179 
179 34 42 105 47 98 23 21 93 192 30 133 0 133 92 108 56 81 149 68 156 157 26 140 143 108 110 115 75 145 83 107 24 43 147 69 82 135 75 
151 132 95 110 171 108 108 82 48 90 155 200 137 0 104 78 95 183 179 58 150 184 79 21 155 109 153 178 182 168 66 63 82 80 80 24 182 48 155 
105 143 64 111 162 144 54 195 27 72 99 54 120 72 0 148 24 111 169 35 127 162 62 20 88 81 179 175 106 137 76 60 112 28 121 151 97 35 39 
187 39 119 191 27 119 152 191 82 93 170 110 196 70 168 0 200 157 47 200 179 174 99 183 198 179 187 102 80 166 132 84 77 24 82 123 61 191 90 
148 83 180 111 78 168 158 58 132 58 195 109 198 23 84 136 0 103 24 182 124 153 151 123 65 111 148 184 134 121 90 153 75 169 21 163 148 109 59 
53 40 55 93 200 37 197 71 168 77 121 91 55 94 154 96 135 0 116 84 102 116 42 28 199 42 90 106 42 26 96 174 44 188 180 28 134 116 28 
167 122 93 126 70 92 146 135 176 98 34 181 77 189 107 112 152 58 0 118 142 149 125 97 70 158 196 190 34 198 103 193 27 20 33 30 108 119 110 
187 173 53 44 169 37 88 99 154 47 65 91 30 163 38 186 33 86 70 0 163 55 85 105 198 47 105 24 128 122 176 42 120 23 174 191 190 164 39 
86 109 182 34 35 100 178 200 187 53 44 50 188 79 102 149 142 171 21 120 0 24 101 174 73 21 146 150 195 136 20 200 149 86 71 52 189 74 130 
91 146 54 27 30 70 72 199 134 117 114 85 80 93 176 71 174 72 31 26 198 0 30 197 197 81 182 158 142 93 149 69 150 158 98 107 77 45 181 
65 154 54 161 46 68 68 84 166 56 164 69 181 96 45 54 159 28 112 119 67 88 0 43 108 170 179 58 169 41 69 142 192 194 195 166 191 169 128 
87 64 200 175 61 60 160 153 161 140 168 35 37 61 25 55 42 180 169 189 199 182 136 0 110 90 114 111 41 65 25 139 79 163 145 99 127 23 177 
52 84 114 85 34 169 45 145 182 92 193 186 29 109 192 152 47 85 116 196 104 177 127 78 0 42 72 60 62 42 135 147 128 200 169 148 75 200 89 
26 58 70 171 195 174 113 23 124 199 177 142 151 43 45 70 52 74 48 99 116 55 195 93 159 0 26 138 183 86 174 164 116 79 21 61 157 38 152 
193 28 138 115 105 63 168 34 74 146 186 101 118 144 89 115 193 158 131 85 86 158 173 47 87 158 0 70 74 109 135 136 135 67 179 117 189 161 33 
108 177 200 129 83 185 152 163 86 21 104 38 97 105 111 77 67 195 67 94 98 180 149 94 28 132 125 0 37 79 78 96 126 57 75 22 152 192 88 
80 95 61 108 93 133 172 155 86 176 78 104 95 128 107 44 76 141 33 21 162 30 74 32 187 195 120 95 0 109 55 163 132 43 150 47 66 82 151 
41 166 121 196 42 134 38 52 75 95 35 35 47 182 62 123 74 132 50 110 122 90 165 140 144 112 184 28 137 0 93 134 45 107 37 81 103 44 120 
153 109 23 33 114 80 100 52 46 106 114 112 196 154 91 112 130 66 138 74 26 182 126 55 30 176 94 27 103 80 0 193 133 48 184 123 100 75 110 
100 34 35 125 172 139 30 160 102 135 47 64 199 117 50 152 191 51 127 168 20 37 72 98 155 66 61 141 164 119 28 0 157 109 45 199 56 93 45 
43 66 182 47 88 142 175 186 67 176 25 110 53 196 61 74 68 169 120 131 33 36 190 103 141 75 166 123 81 50 51 144 0 173 199 163 70 117 43 
104 103 57 156 178 99 53 74 123 25 158 111 100 74 178 129 173 198 166 116 129 112 186 87 44 195 23 188 57 189 25 161 167 0 75 77 71 132 105 
119 20 71 114 112 169 187 193 36 144 195 49 109 168 44 29 163 101 49 79 35 43 179 45 143 154 120 47 25 115 87 160 57 199 0 51 172 173 170 
94 103 33 183 141 150 55 57 162 89 60 23 40 70 176 103 118 179 121 116 23 136 100 194 39 58 198 176 116 111 73 169 51 82 98 0 180 27 131 
198 56 197 61 128 28 61 166 23 64 75 123 53 179 127 35 141 156 62 69 64 119 55 190 105 185 40 70 50 90 42 47 33 52 76 82 0 60 56 
44 163 93 133 130 112 20 160 116 73 149 160 151 25 34 45 23 132 27 98 123 33 86 167 175 77 73 104 139 185 56 73 45 166 130 131 114 0 150 
149 92 87 84 175 138 21 35 165 181 69 48 104 42 147 136 98 36 88 84 64 95 152 195 200 119 115 54 81 115 120 111 134 88 149 176 35 70 0 

t'''[i][j]=
0 89 87 60 36 191 152 199 82 139 94 94 142 124 72 100 
51 0 83 26 181 173 171 59 178 61 156 85 32 189 47 145 
87 172 0 171 146 47 83 54 24 123 197 111 189 108 53 37 
59 24 100 0 196 131 72 84 81 46 68 31 125 81 172 51 
169 144 180 31 0 177 123 194 87 170 96 85 29 136 64 107 
152 160 168 200 171 0 143 44 146 87 188 175 158 126 200 102 
45 27 62 66 180 26 0 71 130 98 140 156 58 64 48 78 
97 53 163 120 164 99 65 0 182 176 174 116 64 144 42 132 
160 91 182 46 49 38 67 151 0 58 40 195 194 71 132 26 
133 45 77 194 197 108 31 69 189 0 109 37 153 141 194 108 
60 150 81 185 117 139 112 67 36 143 0 20 49 27 194 118 
169 48 113 76 136 94 180 187 23 99 125 0 40 99 195 129 
145 20 68 54 181 197 150 117 35 93 138 190 0 178 35 59 
189 120 154 145 84 70 108 192 122 90 42 131 21 0 143 111 
89 164 85 38 188 48 38 157 135 85 187 70 66 200 0 55 
124 89 106 71 89 111 124 102 185 105 54 90 20 197 181 0 

d''[i][k]=
0 0 0 0 0 0 0 0 0 0 0 6 
0 0 0 0 0 0 0 0 0 0 4 1 
0 0 0 0 0 0 0 0 0 0 5 0 
0 0 0 0 0 0 0 0 0 0 5 0 
0 0 0 0 0 0 0 0 0 4 1 0 
0 0 0 0 0 0 0 0 0 5 0 0 
0 0 0 0 0 0 0 0 0 5 0 0 
0 0 0 0 0 0 0 0 1 4 0 0 
0 0 0 0 0 0 0 0 5 0 0 0 
0 0 0 0 0 0 0 0 5 0 0 0 
0 0 0 0 0 0 0 0 5 0 0 0 
0 0 0 0 0 0 0 5 0 0 0 0 
0 0 0 0 0 0 0 6 0 0 0 0 
0 0 0 0 0 1 2 3 0 0 0 0 
0 0 0 0 0 6 0 0 0 0 0 0 
0 0 0 0 0 5 0 0 0 0 0 0 
0 0 0 0 0 5 0 0 0 0 0 0 
0 0 0 0 1 4 0 0 0 0 0 0 
0 0 0 0 6 0 0 0 0 0 0 0 
0 0 0 0 5 0 0 0 0 0 0 0 
0 0 0 0 5 0 0 0 0 0 0 0 
0 0 0 5 0 0 0 0 0 0 0 0 
0 0 0 5 0 0 0 0 0 0 0 0 
0 5 0 0 0 0 0 0 0 0 0 0 
1 4 0 0 0 0 0 0 0 0 0 0 
6 0 0 0 0 0 0 0 0 0 0 0 
5 0 0 0 0 0 0 0 0 0 0 0 
6 0 0 0 0 0 0 0 0 0 0 0 
0 4 1 0 0 0 0 0 0 0 0 0 
0 0 5 0 0 0 0 0 0 0 0 0 
0 0 0 0 0 0 5 0 0 0 0 0 
0 0 0 0 0 0 7 0 0 0 0 0 
0 0 0 0 0 0 0 5 0 0 0 0 
0 0 0 0 0 0 0 0 0 0 6 0 
0 0 0 0 0 0 0 0 0 0 0 6 
0 0 0 0 0 0 0 0 0 0 0 5 
0 0 0 0 0 0 0 0 0 0 0 5 
0 0 0 0 0 0 0 0 0 0 0 5 

r''[i][k]=
0 0 0 0 0 0 0 0 0 0 0 2.64 
0 0 0 0 0 0 0 0 0 0 1.12 0.47 
0 0 0 0 0 0 0 0 0 0 0.7 0 
0 0 0 0 0 0 0 0 0 0 0.15 0 
0 0 0 0 0 0 0 0 0 0.44 0.57 0 
0 0 0 0 0 0 0 0 0 0 0 0 
0 0 0 0 0 0 0 0 0 0.85 0 0 
0 0 0 0 0 0 0 0 0.47 2.4 0 0 
0 0 0 0 0 0 0 0 4.35 0 0 0 
0 0 0 0 0 0 0 0 3.9 0 0 0 
0 0 0 0 0 0 0 0 1.25 0 0 0 
0 0 0 0 0 0 0 1.75 0 0 0 0 
0 0 0 0 0 0 0 2.94 0 0 0 0 
0 0 0 0 0 0.38 0.24 1.26 0 0 0 0 
0 0 0 0 0 0.72 0 0 0 0 0 0 
0 0 0 0 0 0.95 0 0 0 0 0 0 
0 0 0 0 0 0.05 0 0 0 0 0 0 
0 0 0 0 0.04 0.12 0 0 0 0 0 0 
0 0 0 0 0.42 0 0 0 0 0 0 0 
0 0 0 0 0.5 0 0 0 0 0 0 0 
0 0 0 0 0.05 0 0 0 0 0 0 0 
0 0 0 0.7 0 0 0 0 0 0 0 0 
0 0 0 0.45 0 0 0 0 0 0 0 0 
0 1.35 0 0 0 0 0 0 0 0 0 0 
0.51 0.72 0 0 0 0 0 0 0 0 0 0 
0.6 0 0 0 0 0 0 0 0 0 0 0 
0.6 0 0 0 0 0 0 0 0 0 0 0 
0.96 0 0 0 0 0 0 0 0 0 0 0 
0 1.88 0.19 0 0 0 0 0 0 0 0 0 
0 0 1.05 0 0 0 0 0 0 0 0 0 
0 0 0 0 0 0 2.1 0 0 0 0 0 
0 0 0 0 0 0 2.1 0 0 0 0 0 
0 0 0 0 0 0 0 1 0 0 0 0 
0 0 0 0 0 0 0 0 0 0 2.22 0 
0 0 0 0 0 0 0 0 0 0 0 1.5 
0 0 0 0 0 0 0 0 0 0 0 0.55 
0 0 0 0 0 0 0 0 0 0 0 1.1 
0 0 0 0 0 0 0 0 0 0 0 2.7 

p[k]=
0 0.02 0.03 0.04 0.01 0.02 0.03 0.04 0.04 0.01 0.03 0.04 

d'''[i][k]=
0 0 0 0 0 0 0 0 0 0 2 28 
0 0 0 0 0 0 0 0 0 11 19 0 
0 0 0 0 0 0 0 0 0 5 0 0 
0 0 0 0 0 0 0 0 3 2 0 0 
0 0 0 0 0 0 0 0 5 0 0 0 
0 0 0 0 0 0 0 0 5 0 0 0 
0 0 0 0 0 0 0 2 3 0 0 0 
0 0 0 0 0 0 0 5 0 0 0 0 
0 0 0 0 0 0 0 5 0 0 0 0 
0 0 0 0 0 0 0 5 0 0 0 0 
0 0 0 0 0 0 3 2 0 0 0 0 
0 0 0 0 0 0 6 0 0 0 0 0 
0 0 0 0 4 21 5 0 0 0 0 0 
0 1 6 10 13 0 0 0 0 0 0 0 
18 12 0 0 0 0 0 0 0 0 0 0 

r'''[i][k]=
0 0 0 0 0 0 0 0 0 0 0.04 0.56 
0 0 0 0 0 0 0 0 0 6.82 0.95 0 
0 0 0 0 0 0 0 0 0 0.6 0 0 
0 0 0 0 0 0 0 0 1.32 0 0 0 
0 0 0 0 0 0 0 0 3.3 0 0 0 
0 0 0 0 0 0 0 0 1.75 0 0 0 
0 0 0 0 0 0 0 0.12 0.3 0 0 0 
0 0 0 0 0 0 0 0.6 0 0 0 0 
0 0 0 0 0 0 0 3.25 0 0 0 0 
0 0 0 0 0 0 0 1.6 0 0 0 0 
0 0 0 0 0 0 0.09 1.44 0 0 0 0 
0 0 0 0 0 0 1.38 0 0 0 0 0 
0 0 0 0 2.88 14.91 0.3 0 0 0 0 0 
0 0.02 4.56 2.5 0.39 0 0 0 0 0 0 0 
2.34 0.48 0 0 0 0 0 0 0 0 0 0 
