|S|=7
|R|=23
|O|=10
|V|=20
q=150
c=1
Tmax=960
H=1000

e'[i][j]=
0 303 290 391 422 409 190 53 
138 0 380 86 316 118 51 178 
320 276 0 355 301 403 362 124 
400 331 66 0 462 325 289 449 
235 464 157 122 0 202 335 150 
270 477 307 266 476 0 455 235 
220 95 233 308 344 231 0 314 
239 351 218 270 309 58 72 0 

e''[i][j]=
0 262 159 95 50 392 178 375 377 249 126 93 476 408 225 223 452 182 264 479 400 356 285 369 
178 0 391 133 304 460 241 343 455 404 313 422 349 462 336 109 105 220 324 290 61 109 177 255 
122 186 0 444 206 64 346 324 383 71 145 50 367 91 404 123 229 287 305 96 277 291 398 125 
190 185 350 0 412 408 284 463 332 418 415 439 423 207 365 253 480 418 118 379 311 136 346 404 
247 306 130 460 0 302 164 61 297 206 107 377 297 418 463 85 458 375 240 190 456 51 417 429 
286 291 142 89 451 0 69 466 480 199 304 246 476 303 451 222 406 245 286 385 270 56 299 253 
292 382 167 161 242 118 0 396 392 449 212 208 176 470 231 465 387 67 397 103 266 466 109 298 
399 74 276 233 458 139 375 0 403 107 188 344 234 77 423 123 209 252 463 349 168 291 395 114 
271 361 403 444 215 295 303 382 0 204 334 387 369 230 395 364 103 82 93 253 295 185 455 384 
461 314 468 368 323 308 87 125 165 0 61 132 222 206 211 206 477 98 471 467 95 125 311 403 
197 314 69 57 283 112 175 324 427 399 0 390 110 398 353 388 179 99 400 421 69 94 136 458 
367 120 449 166 93 377 140 158 319 100 424 0 56 271 464 292 143 470 89 155 96 112 319 371 
446 327 143 309 306 142 142 128 309 360 134 225 0 90 472 259 422 69 443 441 415 95 364 314 
406 84 71 69 452 261 89 122 312 274 221 402 373 0 87 380 230 379 432 377 313 413 235 455 
360 306 386 135 215 304 447 408 434 107 226 449 248 451 0 430 121 386 376 60 76 60 405 413 
53 473 160 87 316 227 358 236 200 327 72 264 356 378 128 0 173 53 274 269 268 232 67 133 
391 135 261 74 123 270 424 174 468 256 62 200 245 206 406 117 0 98 472 287 309 401 456 336 
452 241 476 173 235 246 325 108 460 379 460 175 71 228 144 115 419 0 394 401 129 203 212 183 
472 472 459 330 243 211 350 386 219 188 307 420 321 175 336 151 245 237 0 244 463 471 346 232 
286 270 153 336 74 239 146 207 211 449 237 166 79 341 352 131 222 168 126 0 57 422 399 390 
310 116 405 112 227 84 284 235 59 417 404 115 227 80 324 319 216 339 250 245 0 293 181 143 
464 97 85 465 362 94 150 403 252 230 349 361 254 231 169 470 175 441 258 187 204 0 386 205 
423 81 63 48 370 166 196 461 457 218 401 391 355 70 450 459 124 443 368 152 339 403 0 378 
157 282 467 303 237 359 204 111 171 329 334 363 420 136 435 140 153 70 302 173 305 413 71 0 

e'''[i][j]=
0 388 172 218 281 147 190 299 411 98 156 
413 0 271 366 104 358 154 176 411 300 261 
187 372 0 209 430 414 235 375 209 227 400 
474 314 422 0 457 439 353 112 68 468 318 
439 207 92 320 0 309 419 139 288 61 417 
225 204 479 262 342 0 439 201 96 366 284 
398 403 103 118 122 195 0 284 283 328 162 
191 66 60 286 199 165 237 0 358 216 150 
267 187 255 324 286 115 450 282 0 117 225 
119 213 479 174 235 236 88 352 84 0 391 
259 127 436 364 355 61 290 221 111 427 0 

t'[i][j]=
0 60 64 77 98 56 56 57 
75 0 95 86 28 45 66 65 
57 22 0 75 54 83 52 60 
75 84 42 0 30 57 39 33 
28 64 87 71 0 22 96 37 
65 55 26 49 30 0 27 90 
59 22 35 98 89 38 0 59 
30 65 93 62 82 39 51 0 

t''[i][j]=
0 81 36 92 73 79 47 25 50 38 46 58 84 80 39 27 75 63 37 64 44 55 80 86 
34 0 100 76 83 62 66 96 26 55 55 63 57 84 89 75 53 20 78 98 63 91 98 79 
87 48 0 94 67 83 21 28 46 70 87 34 84 97 23 77 85 94 45 22 28 50 40 40 
46 95 93 0 48 21 28 58 97 28 91 27 48 33 65 42 45 33 58 66 50 57 87 86 
57 93 48 70 0 22 64 32 41 93 38 76 76 71 96 53 85 70 26 81 47 88 37 42 
22 73 64 77 59 0 49 90 55 92 60 52 74 32 71 36 80 51 25 57 43 88 32 21 
22 41 65 78 49 38 0 99 45 79 47 36 35 65 86 46 92 52 51 85 82 73 77 91 
32 23 66 83 66 71 62 0 95 98 72 24 91 81 30 80 61 54 27 87 80 88 29 73 
94 95 31 96 92 26 49 60 0 22 68 81 72 33 88 63 38 75 87 98 73 76 27 60 
20 34 69 88 25 55 97 32 30 0 30 46 28 37 99 40 24 73 58 53 46 24 54 67 
49 74 27 22 43 91 92 85 50 83 0 68 98 81 66 58 43 72 82 59 36 53 45 85 
64 74 70 73 32 62 53 58 71 66 55 0 83 63 43 30 79 87 99 47 26 94 58 24 
74 25 72 27 97 25 99 96 65 92 31 35 0 29 55 63 60 65 62 96 42 75 82 98 
89 39 89 92 25 90 87 71 94 51 54 79 85 0 23 38 34 99 92 64 95 40 65 56 
41 70 82 49 96 75 54 74 92 83 93 48 41 81 0 48 80 87 66 54 60 52 28 72 
93 62 50 86 75 49 69 38 91 34 79 54 37 68 83 0 93 99 66 22 59 98 40 80 
78 30 73 52 51 72 42 36 24 100 71 52 27 33 48 35 0 28 70 78 38 85 65 33 
50 25 61 40 30 21 65 96 57 84 43 47 84 56 40 71 46 0 93 27 48 27 89 41 
93 69 49 38 22 60 48 21 22 87 83 47 94 21 47 53 68 33 0 26 82 88 50 91 
45 37 92 22 21 80 26 100 63 43 94 43 48 83 27 92 60 66 64 0 71 36 93 63 
90 63 43 30 58 93 87 70 84 79 65 30 73 99 94 74 80 95 43 88 0 74 73 91 
74 64 100 47 22 24 20 72 96 30 29 59 21 69 67 46 47 27 20 52 41 0 55 27 
98 71 61 57 26 28 46 71 72 54 27 73 78 99 53 34 76 87 35 24 22 53 0 72 
84 57 46 81 87 72 91 32 28 75 39 54 79 22 33 42 76 64 83 76 74 93 90 0 

t'''[i][j]=
0 84 30 74 23 100 34 52 88 79 74 
76 0 22 92 43 84 50 37 100 100 96 
60 64 0 49 44 25 81 50 87 35 30 
99 28 58 0 54 92 55 49 75 94 95 
21 99 77 85 0 97 28 37 97 72 73 
28 44 52 80 79 0 43 64 78 47 32 
43 79 77 59 84 80 0 31 68 76 65 
86 92 37 32 85 36 94 0 43 22 82 
80 100 63 34 23 48 41 48 0 75 98 
54 37 60 70 36 30 24 63 56 0 48 
62 41 38 72 30 49 86 94 68 66 0 

d''[i][k]=
0 0 0 0 0 5 0 
0 0 0 0 1 4 0 
0 0 0 0 5 0 0 
0 0 0 0 5 0 0 
0 0 0 0 5 0 0 
0 0 0 5 0 0 0 
0 0 0 5 0 0 0 
0 0 0 5 0 0 0 
0 0 3 2 0 0 0 
0 0 5 0 0 0 0 
0 0 5 0 0 0 0 
0 0 5 0 0 0 0 
0 4 1 0 0 0 0 
0 5 0 0 0 0 0 
0 5 0 0 0 0 0 
4 1 0 0 0 0 0 
5 0 0 0 0 0 0 
5 0 0 0 0 0 0 
5 0 0 0 0 0 0 
0 0 0 0 0 0 5 
0 0 0 0 0 5 0 
0 0 0 0 0 0 5 
0 0 0 0 0 0 5 

r''[i][k]=
0 0 0 0 0 1 0 
0 0 0 0 0.49 2.28 0 
0 0 0 0 1.3 0 0 
0 0 0 0 1.3 0 0 
0 0 0 0 1.9 0 0 
0 0 0 4.4 0 0 0 
0 0 0 0.25 0 0 0 
0 0 0 0.6 0 0 0 
0 0 1.38 1.28 0 0 0 
0 0 1.55 0 0 0 0 
0 0 0.4 0 0 0 0 
0 0 0.25 0 0 0 0 
0 0.4 0.24 0 0 0 0 
0 0 0 0 0 0 0 
0 1.35 0 0 0 0 0 
0.76 0.02 0 0 0 0 0 
0 0 0 0 0 0 0 
0.4 0 0 0 0 0 0 
2 0 0 0 0 0 0 
0 0 0 0 0 0 2.7 
0 0 0 0 0 0.4 0 
0 0 0 0 0 0 2.05 
0 0 0 0 0 0 0.9 

p[k]=
0.01 0.02 0.05 0.01 0.02 0.02 0.04 

d'''[i][k]=
0 0 0 0 0 5 15 
0 0 0 0 11 9 0 
0 0 0 0 5 0 0 
0 0 0 5 0 0 0 
0 0 0 5 0 0 0 
0 0 0 5 0 0 0 
0 0 3 2 0 0 0 
0 0 10 0 0 0 0 
0 14 6 0 0 0 0 
19 1 0 0 0 0 0 

r'''[i][k]=
0 0 0 0 0 2 13.8 
0 0 0 0 5.5 3.51 0 
0 0 0 0 0.1 0 0 
0 0 0 0.6 0 0 0 
0 0 0 1.1 0 0 0 
0 0 0 0.15 0 0 0 
0 0 0.81 0 0 0 0 
0 0 6.4 0 0 0 0 
0 3.22 0.06 0 0 0 0 
15.58 0.11 0 0 0 0 0 
