|S|=4
|R|=6
|O|=5
|V|=10
q=70
c=1
Tmax=960
H=1000

e'[i][j]=
0 324 118 292 67 
370 0 491 520 471 
269 527 0 200 531 
116 414 416 0 236 
218 419 529 329 0 

e''[i][j]=
0 154 513 135 464 88 92 
472 0 545 320 480 286 211 
69 95 0 348 306 318 173 
381 560 389 0 341 124 159 
279 323 134 225 0 491 207 
256 184 303 108 253 0 230 
502 108 537 501 179 245 0 

e'''[i][j]=
0 326 266 486 59 409 
129 0 425 336 434 470 
264 530 0 230 399 223 
518 383 395 0 447 213 
243 182 311 334 0 279 
216 118 470 360 535 0 

t'[i][j]=
0 56 124 126 57 
90 0 193 101 148 
188 131 0 127 77 
162 104 103 0 74 
76 67 77 119 0 

t''[i][j]=
0 147 147 186 188 31 175 
100 0 46 103 70 190 31 
113 174 0 101 166 161 56 
74 179 76 0 56 33 21 
57 196 191 39 0 68 95 
178 156 66 112 169 0 84 
174 113 62 117 101 132 0 

t'''[i][j]=
0 150 140 199 67 96 
38 0 96 105 100 64 
146 70 0 39 29 120 
33 174 46 0 136 53 
151 48 158 65 0 146 
199 83 144 191 88 0 

d''[i][k]=
0 0 2 26 
0 7 22 0 
2 22 0 0 
28 0 0 0 
0 0 23 0 
0 0 0 18 

r''[i][k]=
0 0 0.1 6.24 
0 1.4 14.3 0 
0.06 2.86 0 0 
6.44 0 0 0 
0 0 1.84 0 
0 0 0 1.98 

p[k]=
0.02 0.01 0.04 0.02 

d'''[i][k]=
0 0 0 35 
0 0 8 9 
0 0 28 0 
0 24 11 0 
30 5 0 0 

r'''[i][k]=
0 0 0 13.65 
0 0 3.92 0.54 
0 0 2.24 0 
0 5.28 4.73 0 
2.7 1.3 0 0 
