|S|=7
|R|=23
|O|=10
|V|=20
q=150
c=1
Tmax=960
H=1000

e'[i][j]=
0 304 49 82 79 369 122 461 
211 0 273 464 253 194 165 295 
331 365 0 396 203 352 476 479 
334 322 126 0 352 314 318 180 
117 309 151 161 0 178 62 334 
445 268 94 127 311 0 448 191 
396 268 294 283 85 74 0 329 
444 73 335 149 188 143 421 0 

e''[i][j]=
0 49 320 371 254 235 78 162 191 352 392 260 399 122 204 96 209 327 423 207 364 369 78 460 
100 0 53 108 104 301 70 198 199 325 227 182 246 235 399 466 188 134 460 297 74 303 471 360 
232 433 0 283 114 185 288 464 412 473 126 317 136 248 274 150 132 453 152 303 431 399 186 165 
221 151 248 0 188 381 213 343 237 339 137 409 77 329 81 133 180 237 253 397 287 147 461 466 
116 187 64 103 0 113 317 190 480 54 200 129 215 403 362 98 478 357 106 377 186 91 424 49 
193 113 340 155 291 0 188 91 344 236 242 107 184 170 309 153 73 154 348 361 75 209 304 201 
254 214 422 169 374 221 0 158 477 380 343 451 284 151 80 300 332 388 192 396 355 83 456 372 
387 124 165 368 341 413 302 0 91 461 418 71 343 443 448 253 330 203 392 373 324 66 327 353 
394 52 296 67 296 103 84 413 0 416 357 455 263 261 280 317 368 394 99 293 409 295 292 436 
346 271 434 213 156 133 177 281 409 0 199 469 435 437 436 344 48 300 326 78 326 110 271 282 
115 194 217 174 243 81 279 371 307 98 0 267 434 118 66 122 158 470 101 477 466 211 379 289 
102 94 350 295 268 141 130 241 373 423 465 0 457 409 95 350 59 144 58 220 422 199 138 323 
455 265 309 183 140 357 352 339 233 371 224 175 0 86 111 172 328 240 124 213 144 420 477 203 
357 243 89 69 314 396 185 437 208 469 64 283 421 0 72 477 123 432 174 320 256 402 473 292 
133 268 97 213 271 86 364 209 393 469 383 456 120 211 0 155 252 220 220 174 213 432 84 382 
199 434 309 153 87 284 295 275 355 410 152 263 78 378 137 0 335 326 211 200 441 97 239 275 
478 175 131 427 296 309 400 403 114 140 295 366 305 49 286 65 0 476 427 256 322 86 303 265 
82 125 118 298 187 383 214 117 449 410 302 290 462 150 468 268 123 0 110 170 451 148 414 120 
238 217 330 241 114 202 237 424 128 254 398 371 63 207 365 191 357 156 0 184 394 255 426 183 
207 407 270 241 68 175 395 260 391 435 468 174 172 153 115 451 416 158 353 0 356 390 441 299 
380 417 297 326 394 48 278 444 443 68 181 440 404 470 294 409 50 218 243 115 0 447 422 94 
322 376 448 58 474 475 174 431 191 62 342 80 316 218 225 136 245 203 129 195 143 0 61 156 
338 94 153 314 108 411 305 381 166 433 92 414 387 331 210 327 368 445 389 380 161 328 0 48 
439 475 90 196 208 112 334 331 293 147 260 118 188 154 367 123 380 206 112 266 112 102 217 0 

e'''[i][j]=
0 425 50 355 323 126 417 293 381 438 61 
377 0 90 177 384 328 114 431 282 52 371 
428 108 0 200 223 94 175 312 259 75 126 
150 386 48 0 138 286 182 50 180 304 141 
452 353 472 153 0 470 466 278 267 80 72 
132 177 178 432 430 0 274 407 360 374 264 
284 344 350 110 141 333 0 276 318 476 345 
164 49 159 242 465 424 370 0 362 355 100 
240 174 232 480 416 218 215 341 0 218 128 
153 78 159 286 286 317 70 51 76 0 271 
162 369 57 118 69 274 153 66 476 161 0 

t'[i][j]=
0 72 81 81 20 40 80 58 
82 0 99 92 40 81 96 98 
34 87 0 39 71 34 97 100 
36 28 32 0 66 95 81 26 
97 23 48 53 0 61 32 39 
84 30 71 70 31 0 24 96 
25 56 50 56 71 90 0 53 
67 58 30 46 69 70 60 0 

t''[i][j]=
0 84 61 22 38 95 100 79 72 65 98 58 41 89 56 52 83 54 21 85 32 43 61 36 
99 0 49 46 62 81 32 52 60 36 33 95 28 86 77 97 86 42 36 88 54 93 74 74 
80 71 0 86 25 93 42 22 27 36 97 96 24 55 48 85 70 35 81 50 20 74 69 22 
43 64 90 0 32 60 68 51 57 74 25 77 29 38 61 41 40 44 67 84 68 63 43 85 
96 74 71 46 0 98 69 93 75 94 72 23 53 50 62 92 99 49 54 55 54 41 38 84 
62 34 27 36 77 0 69 27 91 97 72 54 42 52 49 97 70 100 42 98 54 74 62 55 
31 86 29 31 47 51 0 34 28 52 69 75 67 73 70 20 27 83 31 64 59 25 61 32 
81 57 38 51 21 79 48 0 32 37 27 45 97 98 79 74 98 53 100 42 75 63 33 24 
72 80 30 22 76 93 63 88 0 31 89 32 34 99 77 60 27 51 31 32 36 85 68 31 
87 86 36 35 92 77 42 97 46 0 41 26 36 20 40 20 66 92 41 64 31 58 54 76 
30 25 69 49 69 49 87 21 85 80 0 57 94 71 52 40 80 52 76 34 73 85 30 59 
94 37 51 92 72 80 47 81 51 43 58 0 29 85 65 65 64 91 23 90 58 57 88 30 
72 91 77 62 87 38 97 100 64 67 51 68 0 100 83 71 55 30 40 69 42 41 72 91 
32 71 56 41 56 67 62 59 63 99 31 84 32 0 92 25 86 61 58 79 68 59 38 46 
63 46 31 76 74 51 78 33 22 25 73 90 43 57 0 24 54 99 51 54 64 78 34 71 
71 50 58 96 29 61 21 92 89 42 81 62 93 95 31 0 49 34 54 69 79 29 23 60 
69 46 68 70 37 63 26 57 64 41 84 42 84 100 59 58 0 94 83 45 98 59 55 83 
77 20 39 64 49 56 60 67 82 52 45 33 95 37 20 90 87 0 33 29 69 32 34 45 
93 46 91 96 91 55 70 37 92 47 69 46 63 93 47 54 50 82 0 46 63 22 77 82 
70 42 22 94 58 37 42 95 67 29 62 35 56 49 27 43 27 49 73 0 71 57 73 61 
53 93 32 67 74 61 66 43 92 22 49 61 78 43 65 94 33 65 21 80 0 37 38 25 
40 42 34 76 66 81 71 33 26 53 36 36 67 56 78 53 92 29 39 76 60 0 88 28 
81 28 47 47 67 96 24 29 20 21 65 66 74 28 39 58 80 24 65 63 43 96 0 78 
29 66 44 62 37 49 100 28 47 79 68 78 80 64 86 68 82 70 45 87 68 30 36 0 

t'''[i][j]=
0 33 62 60 34 58 54 85 85 81 32 
41 0 81 80 27 67 24 95 80 28 81 
29 41 0 98 47 97 100 35 84 80 67 
90 44 48 0 52 77 29 79 89 36 40 
75 95 79 68 0 74 54 76 93 48 87 
41 50 35 81 40 0 25 24 62 70 36 
67 53 90 45 100 31 0 57 89 57 79 
100 96 63 87 100 62 65 0 25 50 21 
85 35 65 39 58 97 88 34 0 89 33 
29 41 35 34 29 65 56 96 74 0 87 
99 98 25 49 74 73 38 39 49 51 0 

d''[i][k]=
0 0 0 0 0 5 0 
0 0 0 0 5 0 0 
0 0 0 0 5 0 0 
0 0 0 0 5 0 0 
0 0 0 4 1 0 0 
0 0 0 5 0 0 0 
0 0 0 5 0 0 0 
0 0 3 2 0 0 0 
0 0 5 0 0 0 0 
0 0 5 0 0 0 0 
0 0 5 0 0 0 0 
0 4 1 0 0 0 0 
0 5 0 0 0 0 0 
0 5 0 0 0 0 0 
0 5 0 0 0 0 0 
4 1 0 0 0 0 0 
5 0 0 0 0 0 0 
5 0 0 0 0 0 0 
6 0 0 0 0 0 0 
0 0 0 0 0 5 0 
0 0 0 0 0 4 1 
0 0 0 0 0 0 5 
0 0 0 0 0 5 0 

r''[i][k]=
0 0 0 0 0 0.85 0 
0 0 0 0 0.75 0 0 
0 0 0 0 0.95 0 0 
0 0 0 0 4.05 0 0 
0 0 0 0.36 0.03 0 0 
0 0 0 0.1 0 0 0 
0 0 0 0 0 0 0 
0 0 0.21 0.34 0 0 0 
0 0 1.45 0 0 0 0 
0 0 1 0 0 0 0 
0 0 0.15 0 0 0 0 
0 1.04 0.27 0 0 0 0 
0 1.65 0 0 0 0 0 
0 0 0 0 0 0 0 
0 0.15 0 0 0 0 0 
0.44 0.32 0 0 0 0 0 
2.65 0 0 0 0 0 0 
0.7 0 0 0 0 0 0 
0.54 0 0 0 0 0 0 
0 0 0 0 0 1.9 0 
0 0 0 0 0 0.4 0.28 
0 0 0 0 0 0 1.25 
0 0 0 0 0 0.65 0 

p[k]=
0.01 0.03 0.02 0.02 0.04 0.02 0.05 

d'''[i][k]=
0 0 0 0 0 14 6 
0 0 0 0 0 5 0 
0 0 0 0 5 0 0 
0 0 0 0 5 0 0 
0 0 0 0 5 0 0 
0 0 0 4 1 0 0 
0 0 0 11 0 0 0 
0 0 19 1 0 0 0 
0 20 0 0 0 0 0 
20 0 0 0 0 0 0 

r'''[i][k]=
0 0 0 0 0 3.5 3.24 
0 0 0 0 0 2.25 0 
0 0 0 0 2.35 0 0 
0 0 0 0 3.75 0 0 
0 0 0 0 1.45 0 0 
0 0 0 1.44 0.13 0 0 
0 0 0 3.96 0 0 0 
0 0 2.47 0.08 0 0 0 
0 2.6 0 0 0 0 0 
3.6 0 0 0 0 0 0 
