|S|=12
|R|=38
|O|=15
|V|=30
q=150
c=1
Tmax=960
H=1000

e'[i][j]=
0 490 98 387 444 471 113 223 250 546 412 386 68 
203 0 158 400 434 524 80 198 182 128 509 374 76 
487 164 0 114 430 230 288 457 75 364 392 250 419 
273 465 503 0 547 139 504 443 263 342 254 363 161 
333 158 214 129 0 470 88 208 109 476 195 293 153 
202 393 512 457 144 0 435 466 228 291 243 94 258 
490 492 553 167 370 471 0 120 215 492 366 350 330 
247 68 180 453 394 546 120 0 274 461 448 172 464 
452 191 399 122 252 345 451 333 0 556 107 435 438 
208 56 401 445 312 511 288 84 391 0 189 66 116 
332 139 323 95 105 512 549 264 123 104 0 501 166 
484 106 241 423 355 252 437 223 497 314 168 0 223 
166 371 489 89 348 294 395 539 451 279 450 374 0 

e''[i][j]=
0 398 51 262 518 175 113 238 501 85 438 149 500 469 545 236 383 422 483 374 166 192 338 71 116 535 402 116 411 159 296 429 310 100 219 181 172 336 235 
312 0 477 432 158 378 51 405 357 156 270 315 294 51 443 334 172 335 158 213 292 552 548 62 309 483 406 171 528 173 505 397 81 385 453 558 151 148 524 
220 319 0 266 202 98 81 477 63 208 537 307 88 182 207 340 124 297 522 481 376 503 276 257 290 109 123 149 114 472 134 204 118 389 307 430 151 298 525 
281 304 115 0 520 552 353 464 517 311 365 187 194 357 388 545 137 212 227 233 223 305 506 466 486 474 268 267 467 77 555 233 204 49 496 71 494 201 368 
413 144 245 422 0 294 545 458 261 527 424 431 286 272 195 335 452 397 448 386 123 478 140 389 351 466 261 454 54 365 376 281 364 417 444 429 525 434 369 
493 290 137 64 533 0 524 309 334 58 158 371 149 329 131 188 494 224 207 329 286 136 293 127 269 156 137 162 51 216 156 372 240 553 74 340 427 291 352 
130 553 136 325 313 302 0 459 326 480 111 536 210 411 414 93 129 510 483 55 108 239 147 62 423 375 274 343 56 340 516 558 381 156 502 80 485 404 96 
113 247 204 552 74 303 427 0 311 504 264 107 295 376 398 471 357 276 373 458 333 277 136 188 370 190 313 173 434 404 523 358 338 379 101 480 49 313 118 
193 516 461 533 62 546 100 415 0 343 369 389 446 388 405 231 294 63 526 267 345 101 306 542 263 558 374 130 65 417 117 468 428 475 426 171 162 76 559 
147 255 292 406 72 471 556 416 291 0 372 170 124 304 300 313 171 163 538 117 485 210 472 294 84 232 413 466 70 237 374 390 52 336 222 346 327 248 365 
157 527 244 123 515 263 194 209 558 360 0 231 187 245 143 423 551 160 270 470 546 481 223 526 347 201 484 64 360 49 367 217 90 80 180 264 143 130 506 
530 452 484 93 314 67 438 405 146 233 539 0 282 92 409 416 90 461 60 481 381 305 390 390 295 521 163 180 534 230 208 247 268 381 164 418 109 509 551 
517 299 377 369 348 360 419 438 314 191 90 405 0 309 221 241 287 283 501 56 338 79 175 103 261 278 193 87 444 358 67 549 340 72 438 196 369 483 261 
343 392 145 287 51 171 453 490 485 110 484 79 458 0 313 287 312 371 483 511 106 488 248 168 343 52 124 417 64 220 305 477 250 294 280 556 475 314 373 
75 519 524 553 374 154 223 183 341 335 442 123 304 118 0 370 117 120 416 75 246 408 70 294 87 228 376 353 371 149 517 193 345 111 303 386 292 270 184 
221 69 295 467 83 559 120 420 89 118 82 103 493 232 352 0 381 169 424 232 129 127 349 427 125 248 203 54 171 515 59 291 250 124 290 413 555 448 201 
316 442 390 398 78 387 172 420 71 481 186 418 498 297 482 416 0 488 316 472 300 348 421 226 101 177 115 291 493 485 277 404 211 215 265 450 119 154 547 
195 61 102 216 284 203 130 169 477 487 281 85 97 451 529 107 60 0 156 179 413 160 511 440 383 314 137 245 161 220 218 303 187 518 513 116 114 349 396 
56 392 335 396 521 400 417 382 176 335 60 329 99 262 494 327 471 525 0 274 557 74 443 95 58 226 499 493 83 292 545 127 166 362 209 444 291 351 549 
122 265 323 194 458 202 252 405 146 102 295 518 437 502 286 312 353 443 303 0 328 481 197 351 507 275 433 305 48 455 412 126 509 327 150 381 542 188 560 
189 363 211 59 334 499 329 146 295 306 196 234 401 413 185 301 351 303 394 365 0 85 56 465 59 556 338 132 84 382 263 222 254 475 372 255 154 389 261 
434 544 225 281 543 369 351 162 559 277 531 157 480 360 357 339 253 66 552 550 430 0 303 279 120 366 157 265 88 421 132 225 441 324 464 178 150 212 184 
536 440 514 354 534 522 242 294 61 293 398 119 173 162 541 463 539 298 95 387 356 261 0 210 433 355 421 438 478 527 86 159 122 522 168 558 527 302 142 
533 175 110 192 400 381 507 333 170 376 456 147 397 548 515 528 61 328 168 102 188 281 222 0 496 403 494 480 284 445 378 346 96 177 496 356 437 144 468 
225 404 54 515 189 529 332 160 157 212 59 74 533 246 524 435 201 125 163 127 272 140 373 135 0 168 525 372 196 433 201 387 497 144 490 539 500 237 188 
219 225 383 495 401 116 406 75 267 283 494 205 273 198 397 449 433 346 419 541 362 333 357 365 113 0 176 205 539 219 297 102 246 125 357 139 412 445 126 
367 418 331 270 177 84 379 108 463 334 139 408 175 550 147 379 487 154 324 445 370 279 235 161 446 143 0 311 169 169 377 344 212 548 330 111 285 462 79 
431 147 401 313 118 432 265 116 359 66 344 457 492 386 529 348 346 337 65 530 372 534 435 434 479 164 460 0 556 520 135 521 496 236 60 118 208 405 181 
344 244 549 229 153 129 339 114 527 88 64 51 299 543 285 206 508 352 464 273 515 308 442 306 264 225 557 165 0 332 345 164 314 367 329 522 157 540 179 
503 251 250 373 549 404 537 68 146 426 183 527 124 430 533 290 231 243 95 66 379 438 233 75 443 102 325 337 560 0 283 166 134 59 284 334 526 415 403 
204 278 136 425 336 170 115 372 261 472 287 168 209 230 203 165 62 92 539 487 320 383 411 284 208 524 456 208 293 246 0 130 327 527 107 78 105 457 299 
59 445 359 263 187 134 312 431 106 108 190 77 450 310 114 176 157 377 402 57 486 553 55 392 409 152 296 346 120 387 423 0 307 453 99 551 176 216 256 
431 432 454 545 511 105 353 360 286 227 368 458 504 244 60 367 244 238 169 201 213 243 225 395 51 439 550 492 188 126 294 540 0 106 327 208 284 243 63 
259 133 515 137 335 449 68 68 273 502 243 195 464 514 95 396 65 208 353 279 234 64 532 399 319 550 436 339 58 219 124 275 292 0 247 244 109 427 534 
271 88 74 106 227 378 445 383 224 129 401 54 105 530 73 312 504 192 199 414 467 89 370 400 329 85 495 351 155 388 528 513 349 82 0 471 249 184 61 
334 88 330 163 453 112 241 187 51 526 386 471 532 413 202 48 242 194 413 316 203 214 85 516 306 64 429 53 522 534 195 286 313 244 490 0 365 166 531 
230 475 546 160 426 263 70 90 399 159 446 404 137 134 434 280 154 266 289 485 458 362 294 255 525 156 94 209 248 62 421 311 461 529 155 501 0 89 423 
165 399 158 367 243 311 524 114 212 236 383 51 346 387 444 381 419 322 475 99 406 174 460 364 86 188 264 551 141 158 515 542 380 204 407 235 137 0 551 
233 342 259 542 397 298 386 455 82 366 339 438 115 186 359 454 351 87 206 323 347 195 495 354 484 536 92 453 519 125 439 394 416 462 340 350 137 356 0 

e'''[i][j]=
0 167 378 214 424 409 243 420 437 187 285 497 315 532 495 545 
440 0 418 229 543 126 272 216 300 542 253 514 330 154 423 270 
245 121 0 432 475 116 428 414 531 481 521 71 265 548 264 531 
475 525 94 0 439 384 238 141 370 229 157 95 80 558 368 187 
102 516 261 363 0 338 190 486 537 323 143 166 427 208 192 540 
341 86 397 403 120 0 357 146 357 111 312 290 411 362 399 276 
314 219 250 196 280 286 0 134 553 534 494 555 86 271 274 431 
95 468 217 348 136 238 121 0 306 452 514 175 452 311 302 411 
509 535 519 438 292 199 102 205 0 89 499 52 207 247 259 352 
354 198 330 287 236 499 368 453 0 0 372 253 494 182 259 383 
432 218 238 396 345 154 226 369 139 57 0 340 537 198 291 420 
479 133 549 552 247 267 319 307 224 79 497 0 312 422 130 282 
445 264 165 71 541 95 497 476 77 459 75 122 0 155 427 306 
417 275 514 84 285 304 274 342 167 414 491 72 108 0 196 557 
432 131 54 95 62 262 65 68 219 430 237 151 397 318 0 502 
210 398 487 509 468 209 291 297 243 75 386 466 321 213 393 0 

t'[i][j]=
0 119 195 177 156 47 98 127 142 91 168 194 170 
105 0 80 95 73 86 192 150 20 125 173 118 126 
75 69 0 112 57 78 105 97 168 190 94 152 93 
86 122 119 0 124 136 191 37 38 126 51 61 90 
112 74 71 155 0 186 86 177 156 67 165 133 156 
152 56 179 28 26 0 112 28 73 179 124 146 190 
30 106 196 73 180 64 0 136 125 54 82 47 151 
97 125 78 61 128 165 142 0 145 64 39 169 162 
155 181 179 35 140 41 192 162 0 142 82 118 182 
67 186 128 99 191 193 50 187 28 0 100 20 154 
81 134 196 53 60 124 32 123 178 146 0 170 98 
133 101 142 29 78 108 66 29 169 139 92 0 156 
179 186 41 143 178 100 185 154 106 116 91 92 0 

t''[i][j]=
0 143 130 115 44 47 133 140 24 117 39 132 155 71 79 104 119 25 175 158 183 52 110 82 67 166 183 42 168 67 60 32 40 190 174 104 96 86 169 
142 0 189 73 40 184 32 98 187 186 74 108 26 70 21 48 28 86 126 25 199 99 31 184 36 184 36 109 106 135 54 159 21 170 197 193 38 132 31 
178 168 0 58 163 115 56 74 61 131 69 98 54 103 111 67 171 89 29 198 169 24 128 31 164 195 138 150 55 102 181 160 96 28 47 59 71 131 36 
41 83 48 0 147 69 89 125 53 178 105 182 42 93 158 44 182 154 20 131 112 157 142 52 43 107 149 120 170 62 72 54 113 165 129 195 119 130 121 
131 134 44 146 0 174 22 171 112 107 120 87 163 73 173 40 157 41 105 165 111 124 134 122 192 29 105 76 64 178 155 199 176 118 137 60 62 136 52 
192 191 30 95 178 0 31 176 83 122 147 175 92 48 34 53 131 188 176 33 70 114 32 42 31 85 39 151 125 30 97 53 144 104 145 167 36 137 157 
33 147 196 124 122 179 0 40 91 52 96 139 146 196 141 81 86 45 49 61 163 189 48 118 194 158 72 28 183 115 188 49 80 25 67 75 194 37 21 
166 91 67 195 78 73 106 0 59 180 180 159 24 42 178 88 24 62 53 182 100 113 117 79 80 42 63 83 134 157 80 60 75 196 72 81 138 148 147 
103 150 75 34 24 179 123 129 0 84 60 195 60 182 108 134 20 25 82 146 77 38 166 139 140 69 25 117 116 100 22 153 154 148 117 97 73 146 156 
153 45 107 107 135 125 146 96 160 0 194 57 83 172 60 164 145 144 189 180 69 106 25 43 158 45 171 169 23 169 95 55 132 53 124 25 52 196 89 
128 121 46 152 90 63 128 126 194 97 0 184 49 28 63 55 71 103 74 184 30 152 63 198 130 199 115 155 46 163 33 162 44 183 67 23 128 186 67 
145 99 95 131 94 160 42 112 159 157 91 0 62 46 189 44 103 198 185 83 97 194 132 83 121 176 173 99 124 90 194 95 113 120 73 200 155 175 131 
56 32 67 45 25 172 194 104 155 155 81 66 0 103 197 96 145 114 129 32 184 169 84 189 188 114 188 92 113 89 106 136 37 192 22 97 160 158 106 
77 194 185 146 86 66 70 57 61 164 130 176 164 0 73 128 123 72 58 101 67 52 89 84 64 187 114 135 172 197 119 42 26 46 72 192 133 55 117 
53 108 80 76 105 122 68 104 180 151 96 44 135 155 0 92 95 100 147 60 191 71 93 80 27 181 191 84 52 137 159 162 184 62 149 40 150 86 28 
23 157 147 151 92 184 187 195 111 69 23 155 38 99 40 0 158 133 197 149 52 98 72 176 33 176 88 91 62 147 111 129 37 119 110 143 196 64 65 
33 129 39 141 25 167 196 95 92 185 199 51 64 161 73 85 0 163 113 151 150 195 26 81 150 136 195 159 144 26 172 88 96 66 181 66 147 71 127 
146 131 55 128 120 68 93 65 175 188 81 118 95 39 24 129 68 0 172 65 130 103 36 35 111 44 91 99 155 128 150 167 110 198 115 42 105 168 43 
163 183 119 167 136 78 180 174 75 114 81 35 109 20 131 76 185 69 0 48 68 118 56 87 200 97 195 121 30 94 104 197 182 143 47 138 156 173 174 
25 186 110 126 50 176 27 147 191 78 32 125 92 154 30 159 141 79 29 0 36 94 93 120 140 45 98 131 117 50 113 157 83 106 159 55 58 169 59 
198 145 27 132 96 102 199 112 53 125 196 171 25 193 178 101 144 42 177 141 0 100 67 96 141 172 81 60 44 45 131 146 59 140 173 190 61 92 110 
138 190 61 199 182 36 135 89 137 55 200 115 78 127 140 87 60 133 83 152 76 0 34 44 89 200 73 112 131 99 24 102 58 109 125 45 65 63 136 
106 177 121 103 184 104 30 96 38 199 107 124 68 142 73 197 126 108 139 145 21 159 0 123 177 118 64 181 170 70 92 35 166 153 76 119 150 164 170 
39 177 120 34 34 197 172 109 150 21 22 57 133 100 90 72 79 149 174 31 90 167 135 0 30 173 67 82 145 43 131 23 151 36 88 60 158 115 82 
54 35 185 74 38 197 113 127 135 112 53 85 148 161 153 113 77 176 27 142 168 109 20 21 0 124 31 197 139 118 106 22 77 20 31 167 48 190 126 
177 134 71 41 88 82 82 102 182 84 87 26 94 161 73 127 26 95 78 104 98 77 132 43 103 0 173 184 92 193 74 186 27 68 132 89 106 82 137 
124 126 199 50 177 140 123 97 57 147 192 79 180 187 75 182 73 149 168 91 51 26 55 136 103 58 0 173 112 77 130 177 129 129 75 69 133 180 58 
137 71 160 172 135 42 108 56 26 200 189 105 146 144 53 113 183 40 30 162 75 176 197 22 59 107 43 0 132 109 118 32 143 177 123 99 43 101 200 
60 119 63 50 96 110 167 56 123 37 42 127 73 50 136 139 127 109 195 113 143 194 102 59 99 105 66 181 0 111 165 79 184 146 162 61 109 98 72 
82 40 185 190 87 129 76 102 162 102 197 171 130 118 160 44 73 33 60 99 122 175 35 80 102 86 26 96 75 0 184 86 97 29 76 101 20 118 41 
48 137 126 95 56 60 200 145 22 55 36 107 149 46 35 167 26 73 174 124 167 136 122 89 183 34 128 174 124 143 0 58 185 103 74 49 165 189 155 
25 168 99 115 44 40 130 86 98 138 173 122 182 139 131 148 42 23 98 58 180 70 93 46 121 45 91 36 156 40 128 0 147 53 46 155 41 21 198 
40 22 43 100 129 152 37 173 106 27 199 192 62 29 174 187 115 130 68 163 99 64 151 140 34 49 89 121 153 40 174 135 0 78 141 26 100 121 80 
169 51 77 195 191 200 32 77 133 173 113 80 162 81 60 46 94 72 65 96 48 49 141 75 51 64 152 47 40 114 175 102 141 0 116 67 156 78 151 
163 21 60 120 170 137 49 126 103 157 120 198 98 42 74 62 171 138 26 183 75 62 140 107 123 23 120 58 158 30 145 75 122 152 0 151 137 35 34 
80 74 35 141 123 88 85 163 159 68 56 153 60 99 103 54 194 66 181 74 163 191 191 101 74 165 27 157 76 175 182 23 35 184 168 0 168 60 57 
36 51 152 60 43 75 27 84 117 52 176 114 183 57 106 138 107 73 43 47 146 61 90 63 129 86 196 59 169 60 189 27 76 176 115 79 0 168 81 
180 65 120 81 111 191 75 98 25 53 167 62 71 92 22 48 32 197 148 156 39 130 53 58 73 112 176 182 42 187 52 118 163 97 38 93 132 0 54 
31 171 80 48 136 69 105 146 156 197 155 184 161 43 61 145 144 53 167 31 72 184 119 175 82 93 84 166 29 181 69 53 34 36 193 105 61 88 0 

t'''[i][j]=
0 58 157 30 200 108 52 90 147 148 120 78 163 22 136 38 
142 0 172 115 28 184 172 160 36 178 185 59 85 25 31 182 
115 35 0 145 144 132 107 138 42 165 98 33 27 166 149 140 
157 168 93 0 137 87 119 178 197 23 79 30 84 78 43 198 
20 75 172 39 0 71 141 75 191 187 138 92 129 129 100 44 
124 173 176 77 73 0 103 35 54 119 184 143 159 108 56 113 
147 53 188 153 131 169 0 192 104 44 176 82 196 152 192 51 
70 179 134 124 51 124 73 0 127 44 168 189 86 132 198 121 
103 182 68 154 97 105 31 113 0 199 192 99 95 178 132 148 
35 157 144 118 47 38 67 195 56 0 37 172 185 90 23 128 
155 114 185 44 43 179 79 108 178 153 0 184 26 21 105 77 
198 157 127 94 115 145 140 173 63 64 68 0 99 40 48 112 
68 198 65 38 129 85 107 22 113 107 129 187 0 101 99 77 
98 90 151 196 27 110 176 99 91 43 73 106 53 0 82 137 
58 118 196 123 102 83 39 38 66 85 123 27 134 167 0 112 
47 109 73 84 88 131 77 182 97 42 43 184 104 151 46 0 

d''[i][k]=
0 0 0 0 0 0 0 0 0 0 0 6 
0 0 0 0 0 0 0 0 0 0 3 3 
0 0 0 0 0 0 0 0 0 2 5 0 
0 0 0 0 0 0 0 0 0 5 0 0 
0 0 0 0 0 0 0 0 0 5 0 0 
0 0 0 0 0 0 0 0 3 3 0 0 
0 0 0 0 0 0 0 0 7 0 0 0 
0 0 0 0 0 0 6 0 0 0 0 0 
0 0 0 0 0 0 5 0 0 0 0 0 
0 0 0 0 0 0 5 0 0 0 0 0 
0 0 0 0 0 2 3 0 0 0 0 0 
0 0 0 0 0 5 0 0 0 0 0 0 
0 0 0 0 3 2 0 0 0 0 0 0 
0 0 0 0 6 0 0 0 0 0 0 0 
0 0 0 0 5 0 0 0 0 0 0 0 
0 0 0 0 6 0 0 0 0 0 0 0 
0 0 0 5 0 0 0 0 0 0 0 0 
0 0 4 1 0 0 0 0 0 0 0 0 
0 0 6 0 0 0 0 0 0 0 0 0 
0 0 6 0 0 0 0 0 0 0 0 0 
0 1 4 0 0 0 0 0 0 0 0 0 
0 6 0 0 0 0 0 0 0 0 0 0 
0 5 0 0 0 0 0 0 0 0 0 0 
5 0 0 0 0 0 0 0 0 0 0 0 
5 0 0 0 0 0 0 0 0 0 0 0 
5 0 0 0 0 0 0 0 0 0 0 0 
7 0 0 0 0 0 0 0 0 0 0 0 
5 0 0 0 0 0 0 0 0 0 0 0 
0 0 0 6 0 0 0 0 0 0 0 0 
0 0 5 0 0 0 0 0 0 0 0 0 
0 0 0 5 0 0 0 0 0 0 0 0 
0 0 0 5 0 0 0 0 0 0 0 0 
0 0 0 0 0 0 0 6 0 0 0 0 
0 0 0 0 0 0 0 5 0 0 0 0 
0 0 0 0 0 0 0 5 0 0 0 1 
0 0 0 0 0 0 0 0 0 0 0 6 
0 0 0 0 0 0 0 0 0 0 0 6 
0 0 0 0 0 0 0 0 0 0 0 5 

r''[i][k]=
0 0 0 0 0 0 0 0 0 0 0 2.34 
0 0 0 0 0 0 0 0 0 0 0.18 0.48 
0 0 0 0 0 0 0 0 0 0.2 2.8 0 
0 0 0 0 0 0 0 0 0 0.1 0 0 
0 0 0 0 0 0 0 0 0 2.6 0 0 
0 0 0 0 0 0 0 0 1.53 0.45 0 0 
0 0 0 0 0 0 0 0 0.98 0 0 0 
0 0 0 0 0 0 0.36 0 0 0 0 0 
0 0 0 0 0 0 2 0 0 0 0 0 
0 0 0 0 0 0 3.3 0 0 0 0 0 
0 0 0 0 0 0.22 1.65 0 0 0 0 0 
0 0 0 0 0 0.15 0 0 0 0 0 0 
0 0 0 0 1.65 0.3 0 0 0 0 0 0 
0 0 0 0 0.3 0 0 0 0 0 0 0 
0 0 0 0 0.95 0 0 0 0 0 0 0 
0 0 0 0 0.06 0 0 0 0 0 0 0 
0 0 0 0.7 0 0 0 0 0 0 0 0 
0 0 2 0.2 0 0 0 0 0 0 0 0 
0 0 0.78 0 0 0 0 0 0 0 0 0 
0 0 0 0 0 0 0 0 0 0 0 0 
0 0.27 0 0 0 0 0 0 0 0 0 0 
0 2.16 0 0 0 0 0 0 0 0 0 0 
0 1.4 0 0 0 0 0 0 0 0 0 0 
0.6 0 0 0 0 0 0 0 0 0 0 0 
2.65 0 0 0 0 0 0 0 0 0 0 0 
0.5 0 0 0 0 0 0 0 0 0 0 0 
0.7 0 0 0 0 0 0 0 0 0 0 0 
0.75 0 0 0 0 0 0 0 0 0 0 0 
0 0 0 1.14 0 0 0 0 0 0 0 0 
0 0 0.25 0 0 0 0 0 0 0 0 0 
0 0 0 0.95 0 0 0 0 0 0 0 0 
0 0 0 0.45 0 0 0 0 0 0 0 0 
0 0 0 0 0 0 0 0.48 0 0 0 0 
0 0 0 0 0 0 0 2.5 0 0 0 0 
0 0 0 0 0 0 0 1.85 0 0 0 0.14 
0 0 0 0 0 0 0 0 0 0 0 0.54 
0 0 0 0 0 0 0 0 0 0 0 4.32 
0 0 0 0 0 0 0 0 0 0 0 0.15 

p[k]=
0.03 0.01 0.03 0.02 0.05 0.04 0 0.02 0.05 0.03 0.04 0.01 

d'''[i][k]=
0 0 0 0 0 0 0 0 0 0 3 27 
0 0 0 0 0 0 0 0 10 15 5 0 
0 0 0 0 0 0 0 5 0 0 0 0 
0 0 0 0 0 0 0 5 0 0 0 0 
0 0 0 0 0 0 0 5 0 0 0 0 
0 0 0 0 0 0 4 1 0 0 0 0 
0 0 0 0 0 0 5 0 0 0 0 0 
0 0 0 0 0 0 5 0 0 0 0 0 
0 0 0 0 0 0 5 0 0 0 0 0 
0 0 0 0 0 5 0 0 0 0 0 0 
0 0 0 0 1 4 0 0 0 0 0 0 
0 0 0 0 15 0 0 0 0 0 0 0 
0 0 4 22 4 0 0 0 0 0 0 0 
0 9 21 0 0 0 0 0 0 0 0 0 
27 3 0 0 0 0 0 0 0 0 0 0 

r'''[i][k]=
0 0 0 0 0 0 0 0 0 0 0.15 17.01 
0 0 0 0 0 0 0 0 1.9 0.3 1.85 0 
0 0 0 0 0 0 0 3.2 0 0 0 0 
0 0 0 0 0 0 0 0.6 0 0 0 0 
0 0 0 0 0 0 0 4 0 0 0 0 
0 0 0 0 0 0 0.4 0.25 0 0 0 0 
0 0 0 0 0 0 1.5 0 0 0 0 0 
0 0 0 0 0 0 4.05 0 0 0 0 0 
0 0 0 0 0 0 1.85 0 0 0 0 0 
0 0 0 0 0 2.15 0 0 0 0 0 0 
0 0 0 0 0.47 0.12 0 0 0 0 0 0 
0 0 0 0 4.35 0 0 0 0 0 0 0 
0 0 2.8 4.18 0.44 0 0 0 0 0 0 0 
0 1.8 2.94 0 0 0 0 0 0 0 0 0 
9.18 1.41 0 0 0 0 0 0 0 0 0 0 
