|S|=4
|R|=6
|O|=5
|V|=10
q=70
c=1
Tmax=960
H=1000

e'[i][j]=
0 362 397 218 426 
204 0 347 96 353 
492 132 0 448 443 
253 234 537 0 275 
473 271 518 338 0 

e''[i][j]=
0 545 242 356 494 555 418 
100 0 513 100 527 58 446 
370 415 0 352 545 366 236 
76 308 267 0 356 294 58 
400 60 522 533 0 147 484 
119 410 508 316 428 0 537 
356 431 322 344 406 559 0 

e'''[i][j]=
0 551 233 90 193 463 
388 0 95 317 325 368 
484 442 0 498 362 369 
532 166 232 0 248 364 
450 207 475 75 0 344 
269 544 521 482 191 0 

t'[i][j]=
0 59 131 22 168 
186 0 137 196 186 
173 49 0 147 35 
32 185 91 0 151 
119 74 44 138 0 

t''[i][j]=
0 104 81 32 26 122 98 
50 0 43 53 198 176 108 
111 199 0 55 167 189 157 
200 93 188 0 199 170 50 
57 195 109 128 0 78 45 
159 135 169 178 146 0 129 
40 59 34 106 167 87 0 

t'''[i][j]=
0 104 140 69 106 38 
130 0 146 88 124 40 
120 123 0 72 120 171 
70 76 160 0 196 76 
61 113 158 90 0 198 
164 31 48 140 77 0 

d''[i][k]=
0 0 11 17 
0 24 3 0 
1 25 0 0 
27 0 0 0 
0 0 30 0 
0 0 0 30 

r''[i][k]=
0 0 2.53 9.69 
0 2.16 0.78 0 
0.07 3.5 0 0 
16.74 0 0 0 
0 0 7.2 0 
0 0 0 3.6 

p[k]=
0.01 0.05 0.03 0.02 

d'''[i][k]=
0 0 0 39 
0 0 17 8 
0 0 26 0 
0 38 1 0 
28 11 0 0 

r'''[i][k]=
0 0 0 2.34 
0 0 2.38 0.64 
0 0 9.36 0 
0 0.76 0.12 0 
7 2.09 0 0 
