|S|=12
|R|=38
|O|=15
|V|=30
q=150
c=1
Tmax=960
H=1000

e'[i][j]=
0 422 341 265 537 80 63 62 218 382 66 82 206 
158 0 450 109 209 129 336 530 165 80 524 518 66 
325 276 0 513 220 188 278 483 352 269 358 97 557 
168 242 201 0 309 97 58 363 260 369 150 354 492 
86 276 556 115 0 235 291 71 435 347 359 353 559 
299 161 48 287 476 0 552 484 205 198 143 545 435 
280 355 407 354 487 267 0 153 95 245 494 494 274 
122 390 300 426 492 275 388 0 50 235 438 445 109 
487 131 357 148 411 502 275 48 0 95 249 79 247 
434 254 69 229 485 431 529 537 315 0 122 199 429 
68 440 204 504 102 456 119 121 356 387 0 346 147 
403 286 189 399 214 530 364 322 425 233 355 0 357 
334 421 173 306 188 255 290 295 412 500 558 228 0 

e''[i][j]=
0 311 427 121 404 443 214 448 446 146 354 319 83 150 314 286 134 331 354 322 181 362 426 292 352 119 287 57 169 471 112 533 156 273 560 126 145 140 142 
236 0 440 100 317 212 471 464 322 91 79 376 198 314 213 336 301 148 157 428 529 214 458 443 79 547 101 252 181 48 239 441 343 87 123 306 160 76 115 
463 147 0 194 450 138 140 482 280 274 387 360 150 137 235 61 270 540 345 304 112 474 108 447 200 558 62 539 486 135 292 149 220 498 300 400 323 157 82 
241 363 435 0 294 78 400 107 239 540 464 502 246 105 205 129 111 378 297 388 473 526 279 485 501 231 89 340 457 368 472 129 104 465 407 268 461 456 372 
349 144 280 93 0 204 85 403 269 226 299 147 480 433 550 322 89 268 483 482 401 405 67 430 522 136 204 457 122 68 254 487 540 261 273 306 363 409 422 
271 239 538 58 336 0 283 466 302 98 455 359 154 456 103 416 367 330 70 346 110 556 555 274 401 212 448 429 378 474 56 462 446 249 173 510 367 148 527 
357 199 185 415 340 250 0 358 140 81 538 126 108 304 72 134 166 123 146 481 246 546 53 280 340 479 65 364 321 86 350 327 427 146 325 302 120 524 545 
493 399 138 361 410 499 521 0 51 162 330 136 259 89 417 80 109 204 536 406 379 317 376 343 194 177 250 180 536 183 482 299 347 476 381 239 67 553 443 
110 462 455 455 500 542 218 547 0 159 79 161 381 161 487 177 256 540 169 430 272 115 231 442 138 477 480 447 221 242 164 208 413 487 556 201 506 347 139 
151 82 558 336 500 304 527 219 77 0 60 117 94 498 542 510 122 522 196 253 463 80 198 129 296 94 223 343 430 214 174 497 357 316 556 295 130 313 379 
382 364 423 513 458 179 415 441 83 436 0 250 490 425 515 367 81 408 194 203 229 552 542 302 548 380 70 65 241 415 263 175 380 312 443 57 428 147 387 
278 529 505 292 445 74 249 540 321 232 223 0 162 143 248 554 371 231 145 373 344 186 457 267 231 112 503 302 512 369 477 543 380 544 276 533 506 170 278 
260 540 155 291 381 430 213 384 416 494 152 519 0 51 115 451 91 163 284 555 348 388 208 230 118 338 76 544 337 145 215 384 246 303 508 309 100 430 498 
281 324 484 183 387 178 450 164 499 142 542 245 479 0 408 305 526 68 515 247 508 239 507 442 75 426 338 93 370 254 402 296 72 422 186 242 283 527 190 
137 469 132 193 60 413 461 312 110 206 51 143 443 117 0 444 78 312 456 222 378 57 255 291 346 74 421 370 473 155 229 375 389 335 112 99 384 437 355 
475 166 291 450 380 309 512 437 352 548 271 254 467 424 124 0 351 472 460 435 89 105 399 496 207 271 383 247 432 538 87 500 58 206 346 450 500 248 227 
464 515 174 349 538 200 481 452 368 500 83 99 113 234 302 253 0 425 137 157 144 118 242 173 104 285 123 171 301 508 307 89 486 134 228 492 160 286 265 
449 97 394 341 91 206 259 524 465 377 190 133 83 400 388 331 364 0 358 343 144 535 133 66 422 267 346 539 529 471 397 537 223 147 253 120 308 124 408 
554 479 262 85 126 424 324 210 512 493 93 146 141 53 551 146 515 454 0 111 262 506 55 304 532 438 202 489 164 436 194 431 54 293 66 123 481 558 280 
252 61 248 415 499 334 558 504 535 417 412 271 440 327 379 429 428 497 109 0 124 477 416 119 164 158 343 323 325 273 195 248 175 105 480 78 291 425 453 
102 134 177 339 376 201 422 450 364 291 92 440 231 256 539 291 471 552 419 552 0 337 515 416 387 168 161 165 349 133 221 298 367 361 117 519 65 454 460 
473 269 148 468 197 556 178 151 56 407 529 253 254 426 537 245 313 295 491 240 488 0 365 435 325 326 560 72 524 375 93 557 134 537 401 173 178 532 277 
454 136 143 487 218 197 443 423 213 396 315 132 408 203 543 132 394 374 536 93 449 123 0 105 553 445 404 149 417 84 59 187 504 525 351 198 383 462 378 
79 340 124 150 208 381 140 423 279 447 63 98 147 66 107 173 91 539 541 547 411 359 359 0 363 280 500 274 364 356 488 430 436 440 302 119 442 278 425 
55 476 495 91 95 262 523 255 441 363 488 480 139 402 216 72 516 90 200 467 210 222 186 198 0 428 211 306 135 544 205 126 50 80 157 271 359 235 447 
516 52 398 520 419 96 471 314 531 73 223 158 439 164 360 59 100 206 381 149 69 158 333 411 82 0 493 534 558 271 540 202 532 382 224 507 211 186 60 
99 228 120 192 559 242 424 382 515 288 444 302 350 143 84 270 444 217 144 468 266 344 179 486 65 433 0 477 529 136 49 70 506 316 504 502 289 51 275 
199 100 490 50 271 200 348 342 109 294 314 389 184 406 141 282 391 173 272 400 266 116 149 314 131 207 364 0 322 498 432 57 78 320 462 337 318 257 217 
475 328 545 163 424 79 214 503 359 112 381 208 344 437 79 484 527 443 303 225 505 296 527 383 330 211 400 494 0 153 140 362 560 539 272 233 255 58 487 
383 311 512 133 461 250 233 130 452 207 166 257 375 132 459 211 195 115 374 139 462 119 87 204 353 378 121 285 192 0 204 125 551 70 164 160 483 209 209 
547 65 218 292 150 398 545 426 207 154 54 56 497 341 305 463 469 541 438 220 71 383 343 273 447 389 341 127 550 393 0 300 242 149 55 493 231 480 174 
88 403 256 449 160 254 396 496 458 230 520 212 508 494 164 245 351 545 278 451 103 154 342 516 91 149 225 276 269 313 221 0 120 133 265 313 373 355 345 
369 367 425 405 394 278 464 191 421 515 89 449 448 526 140 104 143 522 429 387 357 122 408 76 51 85 547 193 288 81 255 530 0 286 555 106 165 552 343 
289 553 229 213 207 426 459 68 303 366 60 375 70 210 380 383 95 313 369 408 473 179 283 502 550 322 511 340 274 313 122 377 333 0 74 109 407 514 462 
62 258 438 270 119 447 76 51 462 91 399 158 393 543 412 201 372 318 398 494 263 158 343 252 159 142 258 55 263 123 490 542 255 238 0 556 517 375 491 
428 262 367 238 524 496 410 194 151 55 226 216 251 155 226 306 104 217 263 101 223 371 164 230 93 64 193 553 255 97 52 168 455 246 156 0 236 388 124 
293 186 559 323 389 527 415 286 115 177 256 347 171 262 271 533 546 441 380 458 414 300 350 229 285 211 477 90 415 489 305 142 452 231 157 258 0 427 92 
96 345 227 327 75 441 491 483 84 244 288 78 489 361 484 201 385 450 233 251 460 476 229 155 485 524 151 497 206 174 337 481 255 552 241 263 507 0 411 
252 543 168 518 96 513 218 187 212 531 500 147 546 126 296 89 255 342 125 164 464 494 232 531 206 169 486 103 542 539 144 321 95 240 520 527 413 524 0 

e'''[i][j]=
0 450 522 409 365 262 468 173 457 265 83 170 104 283 172 100 
553 0 228 432 363 384 348 502 542 240 291 464 555 346 277 557 
232 219 0 423 132 235 311 229 450 447 316 99 171 246 383 516 
287 497 369 0 145 456 118 144 110 346 310 148 382 127 223 227 
294 315 494 400 0 463 157 322 369 352 128 457 485 472 446 408 
412 529 223 125 475 0 543 157 342 434 246 468 303 341 308 345 
178 132 500 409 382 544 0 148 183 341 63 446 354 229 312 110 
263 284 190 418 218 360 120 0 251 452 112 477 392 184 371 264 
379 203 65 266 411 240 431 483 0 520 341 227 457 67 404 138 
435 532 268 311 169 259 407 512 0 0 182 133 276 353 298 535 
92 141 444 297 159 331 352 181 386 308 0 306 164 243 437 83 
430 250 338 307 238 291 108 423 293 489 392 0 207 497 78 439 
211 120 348 402 140 477 378 193 311 532 282 210 0 309 353 361 
296 382 418 425 55 556 179 454 326 331 54 330 492 0 492 398 
320 168 367 162 497 178 253 141 465 454 292 530 504 287 0 425 
256 357 421 552 552 153 300 63 107 223 407 462 76 168 162 0 

t'[i][j]=
0 27 185 132 66 147 105 118 27 113 97 94 168 
161 0 38 35 159 58 171 189 132 49 81 104 186 
162 58 0 171 138 109 21 79 176 82 90 139 81 
42 151 123 0 108 126 195 86 122 72 119 82 181 
32 149 75 130 0 41 26 196 148 143 159 154 20 
56 37 99 57 158 0 95 109 59 43 129 150 162 
156 189 50 61 46 21 0 47 111 23 37 141 20 
108 53 174 143 135 185 68 0 32 53 110 22 62 
138 127 140 90 102 193 74 98 0 157 33 152 106 
91 114 36 77 129 113 181 81 26 0 124 82 189 
75 142 36 62 42 82 151 24 89 200 0 53 134 
81 69 37 65 25 190 138 197 123 194 108 0 74 
167 88 153 46 158 20 151 45 200 97 137 134 0 

t''[i][j]=
0 25 76 107 53 148 75 168 120 42 125 175 129 98 125 72 111 37 144 187 40 179 199 149 91 127 112 190 56 106 96 164 200 77 149 24 189 69 168 
124 0 62 111 158 70 150 128 48 96 175 186 169 194 121 94 50 170 185 72 29 121 150 69 99 36 73 24 177 146 156 63 97 84 29 46 142 91 107 
147 65 0 141 48 133 45 181 114 110 36 74 127 21 196 25 84 88 114 38 46 118 135 40 191 29 48 185 79 126 175 134 62 165 28 151 149 23 88 
22 24 22 0 189 188 52 56 168 139 56 182 128 36 57 100 33 95 26 158 37 131 195 67 52 106 150 94 20 37 108 54 61 52 178 163 179 45 102 
128 33 105 34 0 106 22 180 188 160 85 113 182 199 122 160 58 78 153 41 76 125 196 129 125 48 185 103 60 36 133 52 121 170 50 103 66 111 111 
89 169 104 159 83 0 97 42 149 38 49 82 182 116 176 130 175 75 190 148 101 141 127 45 57 82 94 97 81 119 96 160 67 101 66 35 60 152 48 
145 165 30 55 162 39 0 74 49 80 182 34 54 136 133 199 191 116 36 111 53 112 118 54 30 145 23 107 90 175 162 184 95 78 194 59 144 38 67 
198 141 70 63 166 23 163 0 144 56 93 130 48 116 65 117 84 65 23 97 193 185 104 151 146 72 181 35 184 61 46 191 111 60 145 33 160 185 129 
198 27 179 54 78 192 69 175 0 163 137 67 105 158 64 80 145 180 105 168 193 59 33 123 133 73 169 42 54 184 117 57 186 140 55 25 90 153 54 
38 65 169 142 157 127 98 37 86 0 92 167 131 30 60 144 119 51 94 115 145 49 73 139 82 79 138 89 50 105 137 194 62 136 100 136 23 148 83 
96 165 133 191 196 30 149 132 87 133 0 61 160 35 175 28 60 73 128 108 173 31 199 158 140 168 41 120 170 143 163 113 56 104 73 166 67 167 109 
66 132 69 198 58 151 158 183 106 46 129 0 172 173 43 73 192 154 158 190 59 148 47 110 44 139 106 71 48 197 120 62 92 197 25 187 41 122 41 
20 139 33 147 33 183 122 112 104 135 42 91 0 46 24 91 160 195 46 96 63 52 28 154 171 89 199 168 177 57 117 182 30 78 114 58 82 159 91 
109 188 67 192 90 182 64 158 24 184 60 56 124 0 140 58 95 148 166 57 31 138 165 151 138 72 84 123 134 139 107 155 54 71 70 52 164 60 92 
105 105 20 191 45 47 27 133 96 87 164 113 46 123 0 22 137 148 151 185 31 86 81 193 76 103 66 190 131 167 180 157 139 30 149 49 179 147 199 
175 94 94 21 99 189 50 74 113 195 41 111 102 160 80 0 33 120 114 110 114 142 158 148 193 114 177 122 103 170 61 199 115 157 38 140 94 22 78 
169 192 186 83 63 95 29 26 145 114 80 80 196 111 125 107 0 101 62 85 194 193 118 138 149 107 149 69 57 33 30 89 179 75 165 132 35 42 80 
84 38 174 120 84 171 100 88 131 141 30 163 115 30 75 132 184 0 72 105 162 159 41 91 181 64 91 148 85 121 66 168 28 168 128 157 98 155 67 
154 46 41 186 129 199 182 22 179 169 125 86 159 88 183 24 79 37 0 26 20 160 46 31 88 194 142 83 133 177 96 88 186 75 117 46 74 167 91 
172 112 53 46 80 68 106 118 173 192 123 99 115 104 73 129 70 53 200 0 137 101 97 181 34 69 121 182 101 139 151 120 126 83 30 166 54 159 200 
143 160 27 110 106 121 56 194 45 113 50 20 34 62 150 83 191 152 164 100 0 109 80 81 186 55 200 174 132 102 193 156 43 123 169 130 58 36 192 
73 102 122 187 57 131 182 192 72 104 74 49 36 114 124 129 168 126 132 94 152 0 149 26 63 175 85 90 99 193 146 72 122 135 153 23 40 88 63 
50 142 141 89 140 90 198 104 162 66 127 108 175 43 67 22 103 66 108 59 115 194 0 107 89 55 134 131 138 125 170 191 109 189 136 65 180 149 155 
68 98 170 153 164 22 132 190 51 168 138 48 24 67 29 49 181 172 133 127 67 78 116 0 77 58 162 200 89 88 69 199 137 189 138 162 150 61 30 
149 196 58 34 114 200 144 168 20 196 72 152 75 97 177 61 158 140 125 162 191 58 47 84 0 100 42 195 64 128 125 150 59 90 65 84 139 35 50 
89 112 193 169 91 20 70 62 41 172 43 131 24 50 145 197 108 41 78 150 147 165 200 182 91 0 141 110 155 89 129 25 55 143 119 183 150 35 64 
117 133 71 125 168 29 20 65 21 33 162 143 191 54 150 100 22 40 72 174 134 185 168 53 182 121 0 26 153 36 106 136 185 53 115 121 158 89 172 
25 102 94 126 181 162 137 41 41 189 108 42 106 145 84 131 132 146 90 56 160 60 45 192 25 69 175 0 32 100 65 66 86 197 23 65 25 153 62 
49 151 63 97 58 94 83 87 200 105 92 182 182 199 53 135 93 138 110 37 90 104 108 39 142 157 41 107 0 63 146 96 82 94 80 196 102 160 140 
142 194 105 22 127 127 80 64 67 104 191 21 126 157 88 43 62 46 178 124 187 60 171 61 160 110 89 51 44 0 52 193 100 43 106 128 65 129 188 
191 140 67 110 142 133 189 157 180 93 60 32 194 40 199 131 45 137 106 60 120 197 135 119 131 23 148 94 164 167 0 50 89 113 167 63 128 176 144 
120 57 157 114 199 127 165 156 166 148 117 100 78 117 178 50 54 50 134 119 65 24 191 187 114 57 128 154 153 152 111 0 27 90 173 86 53 68 41 
103 121 132 39 175 161 67 127 181 134 117 82 153 120 195 43 76 118 98 42 41 167 34 172 36 112 52 146 101 143 108 181 0 27 20 139 85 40 187 
145 108 198 134 98 37 85 57 184 123 148 72 120 26 151 23 102 179 24 42 144 33 80 46 36 168 29 87 70 83 164 174 157 0 34 91 57 156 91 
123 123 46 63 166 142 74 51 118 130 49 60 122 130 185 34 105 193 194 104 85 48 161 176 61 126 137 153 186 51 190 92 42 130 0 148 54 25 143 
156 179 31 107 178 198 142 111 51 70 89 31 175 122 138 149 149 66 152 189 67 81 127 85 23 147 61 154 43 101 58 115 152 141 185 0 188 76 93 
62 130 46 171 59 80 99 134 31 115 137 92 199 141 139 56 114 48 49 41 97 39 171 118 195 122 54 172 56 90 99 43 58 26 64 148 0 139 33 
100 154 105 137 144 90 186 50 197 98 142 197 108 192 52 155 50 148 149 60 149 101 161 132 37 20 44 52 91 140 22 134 158 149 69 89 196 0 45 
172 152 113 187 25 130 145 149 119 132 158 95 172 197 89 137 145 168 127 27 95 182 66 186 49 78 198 54 191 190 167 135 145 137 195 47 179 111 0 

t'''[i][j]=
0 200 161 38 84 180 128 49 150 173 186 91 96 141 173 170 
170 0 25 164 191 82 195 133 128 192 111 133 66 80 45 140 
140 149 0 184 90 54 116 166 198 107 189 106 81 162 73 146 
133 85 45 0 96 142 53 147 139 90 192 109 137 33 180 104 
55 52 100 147 0 100 36 166 112 117 102 112 94 96 141 146 
177 169 96 20 80 0 47 94 78 155 136 21 44 156 25 184 
112 144 59 46 37 183 0 103 148 100 187 24 173 79 129 66 
50 116 120 34 120 112 173 0 156 59 77 123 109 57 47 139 
94 81 98 195 154 50 138 80 0 46 86 143 93 81 52 189 
187 134 130 191 43 107 185 192 42 0 41 168 56 184 187 161 
95 116 106 170 171 104 57 96 188 141 0 36 96 90 181 143 
197 69 20 145 35 135 54 154 94 191 108 0 105 98 131 40 
179 200 148 86 61 137 154 70 136 167 56 25 0 158 193 63 
148 177 46 73 23 47 163 190 170 199 130 75 159 0 95 103 
79 144 39 108 141 125 148 148 77 190 146 130 113 171 0 169 
171 23 82 187 163 103 117 188 148 85 164 151 185 31 42 0 

d''[i][k]=
0 0 0 0 0 0 0 0 0 0 0 6 
0 0 0 0 0 0 0 0 0 0 1 4 
0 0 0 0 0 0 0 0 0 5 0 0 
0 0 0 0 0 0 0 0 0 5 0 0 
0 0 0 0 0 0 0 0 3 2 0 0 
0 0 0 0 0 0 1 0 4 0 0 0 
0 0 0 0 0 0 5 0 0 0 0 0 
0 0 0 0 0 0 5 0 0 0 0 0 
0 0 0 0 0 0 5 0 0 0 0 0 
0 0 0 0 0 0 6 0 0 0 0 0 
0 0 0 0 0 5 0 0 0 0 0 0 
0 0 0 0 0 5 0 0 0 0 0 0 
0 0 0 0 0 5 0 0 0 0 0 0 
0 0 0 0 4 1 0 0 0 0 0 0 
0 0 0 1 4 0 0 0 0 0 0 0 
0 0 0 5 0 0 0 0 0 0 0 0 
0 0 2 3 0 0 0 0 0 0 0 0 
0 0 6 0 0 0 0 0 0 0 0 0 
0 1 4 0 0 0 0 0 0 0 0 0 
0 5 0 0 0 0 0 0 0 0 0 0 
0 5 0 0 0 0 0 0 0 0 0 0 
0 7 0 0 0 0 0 0 0 0 0 0 
0 5 0 0 0 0 0 0 0 0 0 0 
0 5 0 0 0 0 0 0 0 0 0 0 
4 1 0 0 0 0 0 0 0 0 0 0 
7 0 0 0 0 0 0 0 0 0 0 0 
5 0 0 0 0 0 0 0 0 0 0 0 
6 0 0 0 0 0 0 0 0 0 0 0 
0 0 0 5 0 0 0 0 0 0 0 0 
0 0 0 5 0 0 0 0 0 0 0 0 
0 0 0 5 0 0 0 0 0 0 0 0 
0 0 6 0 0 0 0 0 0 0 0 0 
0 0 0 0 0 0 0 5 0 0 0 0 
0 0 0 0 0 0 3 4 0 0 0 0 
0 0 0 0 0 0 0 5 0 0 0 0 
0 0 0 0 0 0 0 0 0 0 5 0 
0 0 0 0 0 0 0 0 0 0 0 5 
0 0 0 0 0 0 0 0 0 0 0 5 

r''[i][k]=
0 0 0 0 0 0 0 0 0 0 0 0.36 
0 0 0 0 0 0 0 0 0 0 0.51 0.68 
0 0 0 0 0 0 0 0 0 1.3 0 0 
0 0 0 0 0 0 0 0 0 1.15 0 0 
0 0 0 0 0 0 0 0 1.59 0.24 0 0 
0 0 0 0 0 0 0.15 0 0.36 0 0 0 
0 0 0 0 0 0 3.4 0 0 0 0 0 
0 0 0 0 0 0 0.4 0 0 0 0 0 
0 0 0 0 0 0 1.05 0 0 0 0 0 
0 0 0 0 0 0 4.2 0 0 0 0 0 
0 0 0 0 0 0.75 0 0 0 0 0 0 
0 0 0 0 0 0 0 0 0 0 0 0 
0 0 0 0 0 1.2 0 0 0 0 0 0 
0 0 0 0 0.16 0.2 0 0 0 0 0 0 
0 0 0 0.01 0.68 0 0 0 0 0 0 0 
0 0 0 2.1 0 0 0 0 0 0 0 0 
0 0 0 1.56 0 0 0 0 0 0 0 0 
0 0 0 0 0 0 0 0 0 0 0 0 
0 0.63 0.04 0 0 0 0 0 0 0 0 0 
0 1.2 0 0 0 0 0 0 0 0 0 0 
0 0.1 0 0 0 0 0 0 0 0 0 0 
0 2.73 0 0 0 0 0 0 0 0 0 0 
0 0.6 0 0 0 0 0 0 0 0 0 0 
0 3.2 0 0 0 0 0 0 0 0 0 0 
1.76 0.37 0 0 0 0 0 0 0 0 0 0 
0.63 0 0 0 0 0 0 0 0 0 0 0 
0.65 0 0 0 0 0 0 0 0 0 0 0 
0 0 0 0 0 0 0 0 0 0 0 0 
0 0 0 0.25 0 0 0 0 0 0 0 0 
0 0 0 0.7 0 0 0 0 0 0 0 0 
0 0 0 0.1 0 0 0 0 0 0 0 0 
0 0 3.06 0 0 0 0 0 0 0 0 0 
0 0 0 0 0 0 0 1.15 0 0 0 0 
0 0 0 0 0 0 0.45 2.04 0 0 0 0 
0 0 0 0 0 0 0 1.1 0 0 0 0 
0 0 0 0 0 0 0 0 0 0 2.2 0 
0 0 0 0 0 0 0 0 0 0 0 2.2 
0 0 0 0 0 0 0 0 0 0 0 0.4 

p[k]=
0.01 0.02 0.02 0.04 0.03 0.03 0.01 0.01 0.05 0.02 0.04 0.04 

d'''[i][k]=
0 0 0 0 0 0 0 0 0 4 6 20 
0 0 0 0 0 0 0 0 0 5 0 0 
0 0 0 0 0 0 0 0 2 3 0 0 
0 0 0 0 0 0 0 0 5 0 0 0 
0 0 0 0 0 0 0 5 0 0 0 0 
0 0 0 0 0 0 0 5 0 0 0 0 
0 0 0 0 0 0 1 4 0 0 0 0 
0 0 0 0 0 0 5 0 0 0 0 0 
0 0 0 0 0 0 5 0 0 0 0 0 
0 0 0 0 0 0 5 0 0 0 0 0 
0 0 0 0 0 0 6 0 0 0 0 0 
0 0 0 3 8 16 3 0 0 0 0 0 
0 0 9 21 0 0 0 0 0 0 0 0 
0 21 9 0 0 0 0 0 0 0 0 0 
22 8 0 0 0 0 0 0 0 0 0 0 

r'''[i][k]=
0 0 0 0 0 0 0 0 0 0.24 0.42 6.4 
0 0 0 0 0 0 0 0 0 1.45 0 0 
0 0 0 0 0 0 0 0 0.04 0.27 0 0 
0 0 0 0 0 0 0 0 1.5 0 0 0 
0 0 0 0 0 0 0 0.4 0 0 0 0 
0 0 0 0 0 0 0 0.6 0 0 0 0 
0 0 0 0 0 0 0.15 1.88 0 0 0 0 
0 0 0 0 0 0 1.75 0 0 0 0 0 
0 0 0 0 0 0 0.25 0 0 0 0 0 
0 0 0 0 0 0 1.4 0 0 0 0 0 
0 0 0 0 0 0 0.12 0 0 0 0 0 
0 0 0 0.03 0.08 0.48 0.12 0 0 0 0 0 
0 0 1.44 9.24 0 0 0 0 0 0 0 0 
0 1.47 2.52 0 0 0 0 0 0 0 0 0 
3.74 1.44 0 0 0 0 0 0 0 0 0 0 
