|S|=12
|R|=38
|O|=15
|V|=30
q=150
c=1
Tmax=960
H=1000

e'[i][j]=
0 179 259 95 80 403 317 518 77 74 66 213 172 
166 0 135 433 200 379 384 88 315 323 436 542 557 
411 233 0 329 498 535 379 454 282 201 284 52 473 
323 437 324 0 434 198 281 111 118 366 229 234 318 
219 558 452 373 0 252 499 301 52 343 401 346 136 
178 506 210 188 527 0 431 398 482 71 204 261 206 
381 187 111 438 62 511 0 528 137 517 421 50 312 
442 350 84 510 250 166 93 0 133 385 238 354 412 
233 98 326 186 466 188 172 228 0 550 194 182 412 
142 193 114 402 119 262 225 396 66 0 438 426 147 
256 508 518 186 119 482 111 359 555 421 0 154 437 
134 451 351 445 76 238 413 82 337 54 342 0 441 
416 286 255 305 157 305 338 284 256 127 58 452 0 

e''[i][j]=
0 135 310 143 264 101 69 194 464 73 64 364 91 101 461 230 341 104 451 181 85 61 310 560 306 48 536 478 342 317 390 541 62 484 103 363 320 126 64 
492 0 468 187 331 166 538 108 314 61 529 370 291 397 72 492 91 481 511 142 217 545 487 445 90 515 122 361 210 449 519 329 528 72 246 379 221 513 442 
420 85 0 332 346 308 283 439 322 431 161 174 418 362 116 361 387 438 494 533 459 274 81 261 110 554 451 497 264 444 495 414 155 353 54 287 486 400 504 
169 64 200 0 58 288 526 178 100 198 424 530 470 202 369 247 217 496 331 480 435 417 404 395 323 98 505 105 292 292 545 82 426 172 181 71 438 508 495 
171 269 169 522 0 269 502 172 414 216 439 180 173 315 60 67 229 142 512 527 463 139 236 427 238 371 453 267 63 472 521 61 379 365 206 495 67 80 121 
477 308 408 415 381 0 245 534 295 533 268 547 478 547 92 267 71 274 343 440 212 188 465 522 428 523 380 86 518 364 126 207 195 129 506 139 96 450 346 
201 341 285 86 555 351 0 485 209 198 527 351 366 471 348 474 347 180 50 420 384 173 333 543 148 548 218 455 344 137 237 100 427 555 549 200 187 73 118 
280 531 476 156 207 492 118 0 493 230 120 333 273 70 190 64 349 223 369 537 544 553 410 408 199 489 63 103 193 179 392 258 142 251 546 282 250 550 225 
389 151 445 474 120 358 70 537 0 54 404 145 543 458 539 94 187 516 401 369 194 297 108 177 331 395 303 278 443 337 284 424 542 242 79 405 477 544 470 
153 329 461 536 338 181 150 466 342 0 509 373 322 283 405 154 404 521 489 129 487 415 163 335 524 313 507 158 366 297 254 58 467 54 66 300 78 297 394 
160 516 223 253 447 498 252 543 432 171 0 96 75 441 441 278 447 408 197 324 166 112 147 183 337 294 505 354 226 472 139 338 559 175 490 443 85 230 378 
410 86 165 221 389 288 324 115 425 158 241 0 478 501 434 209 471 238 255 379 503 85 275 188 275 472 326 200 99 194 96 174 509 362 144 397 226 166 374 
110 482 443 311 230 152 549 156 324 366 325 389 0 283 445 94 432 371 257 427 523 57 338 104 250 114 234 505 439 170 537 218 353 167 289 180 68 114 433 
371 298 339 476 223 486 427 53 214 404 273 348 174 0 263 453 464 553 212 101 55 427 405 197 174 222 93 274 436 199 514 184 211 142 128 97 406 347 276 
437 257 137 102 345 452 372 212 539 279 337 400 117 146 0 127 102 356 53 492 337 272 552 405 433 446 438 453 82 251 236 259 324 185 429 202 131 463 550 
350 389 198 98 410 384 147 480 59 241 403 107 367 477 424 0 251 463 93 162 309 547 461 103 196 534 346 490 415 558 500 465 282 447 526 85 435 119 284 
416 155 510 371 496 280 554 188 235 340 240 93 352 287 398 161 0 551 550 244 469 556 371 172 189 262 331 536 411 538 415 98 211 176 434 284 89 528 437 
313 316 489 70 523 558 256 546 198 71 366 529 485 242 201 353 333 0 490 259 312 73 553 232 128 441 115 239 90 287 528 223 409 503 281 498 180 276 318 
369 410 138 486 66 397 365 130 223 360 400 188 534 144 139 468 72 311 0 445 429 141 532 358 163 224 216 96 228 245 226 62 524 283 293 153 442 414 372 
496 139 393 345 110 263 476 119 123 280 419 104 350 347 312 486 75 518 231 0 70 403 294 124 366 240 152 337 89 209 151 254 513 412 184 160 519 511 129 
362 132 277 414 298 322 393 89 372 512 465 344 116 114 303 477 429 512 259 501 0 164 496 502 76 156 501 321 209 134 83 57 501 410 421 246 129 139 88 
503 452 293 433 509 270 550 178 319 111 399 267 326 249 111 279 339 81 347 440 410 0 281 140 68 441 542 239 447 313 283 495 167 462 221 549 441 197 490 
163 555 401 360 472 419 295 131 400 242 470 96 245 179 233 74 541 503 333 424 95 113 0 199 393 173 473 132 403 185 557 139 204 127 91 548 269 404 505 
395 546 219 447 481 472 386 352 379 108 457 184 325 119 174 355 170 59 550 468 523 209 323 0 341 207 308 371 143 532 393 93 545 380 477 253 237 262 285 
116 355 55 231 509 59 51 465 541 327 182 217 381 559 515 552 449 530 190 287 302 515 345 249 0 227 237 72 418 293 400 322 442 56 539 383 184 283 295 
335 489 181 425 402 149 482 340 107 504 112 342 390 441 173 216 299 117 196 155 208 155 344 192 414 0 376 146 240 77 448 314 347 193 497 175 497 154 122 
360 348 524 510 295 328 495 303 334 61 529 410 398 547 509 204 289 359 94 549 276 137 255 500 234 167 0 482 327 169 331 351 251 512 410 123 281 373 92 
110 101 444 188 254 297 142 420 153 158 116 536 109 485 521 171 463 108 522 141 291 99 169 502 336 473 455 0 422 480 90 352 291 51 548 444 425 135 368 
463 63 193 402 454 227 323 257 240 367 101 206 470 503 472 404 461 164 56 150 192 252 60 410 271 312 204 78 0 493 538 134 332 286 119 67 267 198 61 
322 248 127 135 269 544 220 376 366 532 100 310 399 104 215 540 255 547 69 276 139 290 155 103 153 492 207 244 217 0 468 297 399 160 199 142 331 324 396 
108 306 297 409 240 162 396 427 517 154 497 442 506 169 55 478 180 132 230 457 336 325 123 235 381 324 380 145 427 456 0 365 254 554 364 407 232 470 465 
313 230 537 163 251 392 360 91 152 171 291 366 381 139 420 119 236 351 448 54 277 293 518 178 528 474 132 278 143 456 135 0 95 452 245 206 342 329 99 
260 299 463 491 404 321 144 231 91 273 124 440 265 78 511 99 476 49 527 200 85 475 270 103 190 426 187 318 407 448 553 295 0 132 264 263 478 298 161 
453 91 216 257 73 469 523 486 401 462 243 329 436 417 91 391 393 52 389 493 376 557 486 543 123 501 474 357 417 147 459 250 143 0 403 250 497 205 559 
512 375 431 439 374 295 192 79 465 368 229 68 241 65 119 152 546 545 417 539 162 439 172 162 386 543 204 545 228 538 61 274 437 72 0 117 137 63 59 
224 443 141 73 541 340 560 231 104 350 57 276 220 48 127 522 546 473 407 438 331 503 518 454 510 313 515 167 219 84 349 345 216 426 385 0 310 226 167 
230 337 127 293 263 125 101 478 108 479 221 327 522 424 486 114 378 194 430 426 317 408 192 485 408 320 434 417 95 384 58 63 560 303 229 470 0 375 345 
484 285 378 156 333 504 469 192 459 216 148 93 95 238 379 348 289 439 259 488 527 346 350 374 384 539 64 244 500 241 346 271 321 267 557 272 345 0 448 
485 385 369 261 522 191 506 501 177 426 226 482 227 102 220 206 80 544 539 509 292 253 333 517 63 468 376 398 366 253 140 302 394 474 373 363 287 96 0 

e'''[i][j]=
0 501 428 546 110 158 109 471 101 378 230 59 328 280 287 442 
394 0 284 62 418 53 156 195 347 329 124 304 353 328 534 322 
390 177 0 424 289 494 128 237 267 223 316 488 363 202 495 134 
462 167 406 0 132 352 399 148 274 248 48 533 129 525 222 267 
492 147 533 534 0 152 177 143 460 457 472 267 313 81 504 418 
199 204 428 269 536 0 383 87 224 218 102 219 261 262 536 134 
234 190 408 531 260 115 0 485 48 253 394 186 553 75 265 555 
475 166 333 348 413 368 305 0 52 85 347 50 244 262 155 104 
558 448 519 98 71 504 473 149 0 310 77 449 229 456 251 409 
284 321 477 290 189 213 126 433 0 0 190 184 324 193 95 60 
252 425 410 388 289 412 66 552 109 381 0 270 211 321 264 539 
505 171 304 202 272 546 456 84 232 282 449 0 397 547 538 309 
378 546 532 241 219 95 66 164 256 464 313 366 0 455 113 94 
346 301 271 473 51 82 269 109 556 497 485 375 75 0 544 110 
306 61 259 67 296 280 446 184 404 398 356 219 354 556 0 214 
349 282 163 251 141 95 395 58 201 126 520 269 93 426 280 0 

t'[i][j]=
0 169 61 117 84 152 41 134 21 141 113 129 124 
113 0 47 77 153 35 142 136 25 115 25 61 57 
32 110 0 31 77 167 78 23 186 114 102 42 153 
72 157 196 0 117 118 163 75 154 161 200 196 30 
155 49 120 105 0 188 164 131 27 123 120 131 182 
192 41 117 172 145 0 134 90 160 190 149 164 138 
78 186 85 154 186 167 0 57 71 42 99 53 147 
175 34 83 147 106 55 120 0 162 81 120 191 101 
96 120 142 138 83 136 198 169 0 191 200 100 151 
200 174 88 98 95 167 94 72 186 0 189 86 151 
141 171 142 126 31 147 60 176 144 158 0 74 75 
74 113 56 47 120 92 20 188 63 48 101 0 22 
35 66 51 131 166 89 98 120 69 131 115 197 0 

t''[i][j]=
0 27 163 72 123 71 76 136 175 34 103 170 189 186 190 60 48 188 192 193 162 116 38 152 132 121 120 126 101 71 156 111 33 194 44 138 134 71 166 
46 0 187 127 37 155 107 79 196 159 165 141 153 73 38 157 168 175 64 97 147 157 134 112 99 131 81 35 155 122 192 66 74 186 52 184 28 196 194 
41 25 0 36 120 127 181 178 166 164 37 146 100 114 141 30 29 174 41 72 133 65 176 187 140 38 49 134 137 130 128 38 139 198 161 131 162 29 57 
190 61 50 0 169 160 75 96 121 120 159 98 170 107 120 180 21 166 81 191 27 37 187 180 79 82 93 75 110 22 192 117 160 82 66 150 165 72 146 
168 108 60 171 0 199 80 142 35 69 131 118 141 47 46 174 171 30 127 101 164 70 52 180 65 157 81 164 53 173 192 25 168 44 29 75 61 140 117 
102 198 58 118 77 0 200 60 134 149 145 140 48 88 123 131 176 55 152 112 158 131 56 28 48 141 58 119 105 70 181 31 111 112 120 36 138 199 101 
132 144 174 186 185 53 0 96 162 80 65 200 187 150 58 44 96 78 120 62 109 59 76 147 112 151 21 194 54 107 169 78 137 54 31 139 146 199 162 
62 174 144 167 58 33 156 0 41 127 116 106 152 165 50 135 62 130 179 71 143 92 44 168 159 129 70 23 188 94 195 86 116 189 83 166 74 169 170 
51 91 130 190 169 131 160 181 0 178 154 135 144 71 99 150 95 89 22 111 98 176 146 50 198 161 100 113 91 96 188 37 42 103 160 116 141 122 181 
164 191 143 128 162 159 38 146 139 0 159 74 196 62 70 142 163 127 170 111 99 150 25 54 29 72 121 144 66 77 171 98 179 81 172 44 111 163 46 
71 120 59 175 168 180 47 96 73 26 0 59 52 92 74 177 79 86 110 102 103 54 46 137 35 160 47 98 71 44 115 94 24 145 170 146 120 147 26 
122 67 173 116 172 174 91 174 101 153 131 0 53 155 50 63 47 133 94 103 84 44 63 81 98 165 141 179 145 131 186 79 27 174 37 54 169 96 56 
120 142 32 186 58 80 183 101 50 56 147 41 0 117 118 170 124 26 100 153 109 103 21 169 27 125 163 153 104 22 72 186 121 161 167 162 119 148 38 
65 100 103 56 168 138 79 108 173 187 134 117 55 0 26 173 196 162 109 26 173 121 73 124 60 23 140 108 38 79 120 128 41 160 158 170 153 23 26 
94 29 191 27 130 198 156 108 104 157 184 171 158 96 0 70 191 161 90 22 56 63 98 92 132 25 114 133 85 81 151 40 33 172 182 30 175 173 131 
107 58 73 97 32 36 197 94 143 170 114 28 69 186 73 0 186 109 193 145 46 24 54 103 102 59 115 58 87 42 189 168 173 44 122 183 153 148 49 
71 100 83 91 180 65 117 85 42 54 152 24 140 94 140 165 0 69 43 112 172 22 158 192 169 166 62 163 169 94 156 153 147 199 176 74 43 96 90 
132 112 61 82 111 55 49 83 95 26 47 90 142 41 49 42 107 0 41 117 122 40 185 95 20 72 26 190 162 65 24 155 151 118 30 161 192 161 150 
125 199 146 61 128 138 67 97 102 57 190 133 148 74 169 76 101 66 0 72 85 68 159 115 164 103 70 72 142 122 46 88 159 98 75 75 47 170 194 
79 111 109 48 151 73 23 78 30 31 192 178 59 160 33 158 126 87 61 0 73 57 89 104 75 134 92 173 75 78 55 171 92 55 184 104 73 123 188 
101 109 150 55 188 31 79 189 167 71 93 91 157 114 163 179 102 36 175 121 0 132 69 76 75 102 45 142 54 128 33 24 190 73 41 126 74 35 136 
75 93 176 75 98 163 116 105 158 148 76 137 171 86 102 181 94 198 29 188 79 0 131 170 78 106 126 21 75 54 121 48 98 115 158 175 52 141 51 
187 150 151 112 149 161 120 61 71 180 51 197 42 186 155 24 157 99 105 22 78 80 0 146 177 183 147 134 74 186 45 100 33 91 60 144 101 65 196 
142 51 139 185 106 88 111 152 121 107 52 119 159 98 113 165 163 20 56 50 57 23 83 0 151 83 35 101 42 119 146 21 107 198 80 24 62 79 74 
21 116 197 129 112 70 142 93 126 162 104 111 184 88 54 158 175 34 20 198 137 40 83 57 0 194 148 192 40 28 149 126 191 114 190 43 151 140 80 
192 49 62 81 45 27 92 41 107 35 179 158 139 39 148 198 48 91 41 30 99 120 86 189 87 0 99 78 101 149 142 50 24 152 63 36 141 41 92 
56 60 91 152 118 52 146 21 91 157 132 186 70 186 27 171 69 123 93 137 21 55 94 26 39 67 0 48 50 84 169 166 57 57 68 99 117 25 75 
46 179 23 165 76 104 136 146 181 139 196 39 79 86 152 127 41 191 93 148 161 109 56 189 164 164 99 0 84 180 52 99 154 104 198 197 83 125 181 
161 181 184 158 72 170 169 92 33 43 54 132 108 79 187 191 89 89 34 112 120 53 163 61 98 54 28 195 0 33 47 124 188 176 165 189 72 156 106 
135 195 81 42 27 178 87 147 72 47 21 70 20 123 48 99 113 60 195 66 167 110 187 95 165 73 196 122 131 0 138 126 170 95 50 171 176 72 94 
96 35 69 33 27 116 27 86 127 115 32 78 179 108 54 93 83 34 200 41 139 52 157 140 26 103 88 181 45 66 0 140 139 35 33 137 33 104 73 
105 185 50 157 123 140 134 152 186 159 37 86 83 40 24 86 192 148 71 90 114 175 27 66 111 39 30 95 138 104 20 0 110 155 200 32 105 27 112 
62 118 198 58 36 81 100 153 142 90 49 58 141 48 102 149 173 186 84 131 69 133 55 193 168 167 138 30 70 129 29 138 0 98 106 197 175 123 155 
126 179 179 116 95 177 137 89 104 78 63 86 58 126 99 23 42 192 107 200 86 124 143 44 136 149 42 165 67 70 50 64 162 0 40 198 22 25 48 
39 90 154 188 114 43 35 147 109 167 81 32 120 60 188 141 135 165 141 53 101 40 160 31 134 70 71 47 180 101 146 183 106 47 0 143 122 174 125 
182 89 111 132 32 108 132 53 175 191 132 97 31 107 22 187 174 90 147 154 77 105 157 75 175 179 108 68 31 159 40 98 72 104 167 0 110 197 82 
65 140 108 179 83 111 187 182 62 113 142 79 37 181 29 178 193 82 127 173 72 117 66 62 126 62 187 171 115 58 68 49 28 138 103 128 0 124 23 
130 155 60 121 42 172 127 44 146 86 164 69 98 163 68 197 100 88 104 153 137 24 148 141 87 143 67 94 46 91 79 36 177 81 100 96 115 0 69 
88 166 93 82 129 23 122 32 104 169 148 110 157 143 145 142 131 114 125 110 126 62 47 172 92 59 87 176 143 121 72 39 94 88 92 133 77 194 0 

t'''[i][j]=
0 22 192 41 165 46 192 174 80 35 140 106 47 57 155 36 
168 0 182 164 118 84 131 33 50 104 100 107 148 92 67 106 
186 85 0 187 186 187 157 195 21 157 181 140 69 196 102 33 
185 157 122 0 113 20 24 92 163 147 195 97 75 69 166 25 
124 107 79 136 0 114 27 80 89 51 28 102 120 91 178 54 
113 96 71 71 191 0 60 99 55 141 147 69 53 134 105 143 
24 139 53 62 75 77 0 58 102 170 185 145 66 41 139 152 
98 174 95 108 113 119 141 0 28 169 33 117 180 183 187 118 
115 149 112 27 64 181 64 91 0 51 37 136 73 172 195 70 
44 82 156 61 55 49 104 61 183 0 149 52 127 76 135 136 
118 45 90 197 96 116 89 104 72 186 0 149 48 82 134 197 
184 119 50 45 159 109 120 135 129 60 72 0 129 136 63 68 
24 158 85 148 29 184 131 91 173 194 188 28 0 179 80 181 
169 52 187 173 190 93 150 168 90 134 130 49 130 0 90 198 
178 102 150 189 151 191 150 40 23 132 185 61 53 187 0 189 
54 72 104 105 64 197 32 190 193 142 56 107 128 49 116 0 

d''[i][k]=
0 0 0 0 0 0 0 0 0 0 1 4 
0 0 0 0 0 0 0 0 0 2 4 0 
0 0 0 0 0 0 0 0 0 6 0 0 
0 0 0 0 0 0 0 0 0 5 0 0 
0 0 0 0 0 0 0 0 0 6 0 0 
0 0 0 0 0 0 0 0 3 2 0 0 
0 0 0 0 0 0 0 0 7 0 0 0 
0 0 0 0 0 0 0 0 6 0 0 0 
0 0 0 0 0 0 5 1 0 0 0 0 
0 0 0 0 0 0 7 0 0 0 0 0 
0 0 0 0 0 0 7 0 0 0 0 0 
0 0 0 0 0 0 6 0 0 0 0 0 
0 0 0 0 0 4 2 0 0 0 0 0 
0 0 0 0 0 6 0 0 0 0 0 0 
0 0 0 0 0 5 0 0 0 0 0 0 
0 0 0 0 4 1 0 0 0 0 0 0 
0 0 0 0 6 0 0 0 0 0 0 0 
0 0 0 0 5 0 0 0 0 0 0 0 
0 0 0 0 6 0 0 0 0 0 0 0 
0 0 0 5 1 0 0 0 0 0 0 0 
0 0 3 3 0 0 0 0 0 0 0 0 
0 0 6 0 0 0 0 0 0 0 0 0 
0 4 2 0 0 0 0 0 0 0 0 0 
0 5 0 0 0 0 0 0 0 0 0 0 
0 5 0 0 0 0 0 0 0 0 0 0 
0 6 0 0 0 0 0 0 0 0 0 0 
4 1 0 0 0 0 0 0 0 0 0 0 
5 0 0 0 0 0 0 0 0 0 0 0 
0 0 0 5 0 0 0 0 0 0 0 0 
0 0 0 5 0 0 0 0 0 0 0 0 
0 0 0 0 0 0 0 6 0 0 0 0 
0 0 0 0 0 0 0 7 0 0 0 0 
0 0 0 0 0 0 0 6 0 0 0 0 
0 0 0 0 0 0 0 5 0 0 0 0 
0 0 0 0 0 0 0 5 0 0 0 0 
0 0 0 0 0 0 0 0 0 0 0 6 
0 0 0 0 0 0 0 0 0 0 0 7 
0 0 0 0 0 0 0 0 0 0 0 5 

r''[i][k]=
0 0 0 0 0 0 0 0 0 0 0.23 0.88 
0 0 0 0 0 0 0 0 0 0.3 0.4 0 
0 0 0 0 0 0 0 0 0 1.86 0 0 
0 0 0 0 0 0 0 0 0 1 0 0 
0 0 0 0 0 0 0 0 0 0.78 0 0 
0 0 0 0 0 0 0 0 0.33 1.04 0 0 
0 0 0 0 0 0 0 0 1.89 0 0 0 
0 0 0 0 0 0 0 0 0.48 0 0 0 
0 0 0 0 0 0 0.25 0.01 0 0 0 0 
0 0 0 0 0 0 0.07 0 0 0 0 0 
0 0 0 0 0 0 2.87 0 0 0 0 0 
0 0 0 0 0 0 0.96 0 0 0 0 0 
0 0 0 0 0 0.28 0.36 0 0 0 0 0 
0 0 0 0 0 1.02 0 0 0 0 0 0 
0 0 0 0 0 0.95 0 0 0 0 0 0 
0 0 0 0 0.92 0.65 0 0 0 0 0 0 
0 0 0 0 3.96 0 0 0 0 0 0 0 
0 0 0 0 1.15 0 0 0 0 0 0 0 
0 0 0 0 3.24 0 0 0 0 0 0 0 
0 0 0 1.7 0.03 0 0 0 0 0 0 0 
0 0 0.12 0.42 0 0 0 0 0 0 0 0 
0 0 0.96 0 0 0 0 0 0 0 0 0 
0 0.28 0 0 0 0 0 0 0 0 0 0 
0 2 0 0 0 0 0 0 0 0 0 0 
0 1.75 0 0 0 0 0 0 0 0 0 0 
0 0.3 0 0 0 0 0 0 0 0 0 0 
3.52 0.87 0 0 0 0 0 0 0 0 0 0 
0.05 0 0 0 0 0 0 0 0 0 0 0 
0 0 0 0.05 0 0 0 0 0 0 0 0 
0 0 0 0.7 0 0 0 0 0 0 0 0 
0 0 0 0 0 0 0 1.26 0 0 0 0 
0 0 0 0 0 0 0 0.21 0 0 0 0 
0 0 0 0 0 0 0 0.54 0 0 0 0 
0 0 0 0 0 0 0 4.4 0 0 0 0 
0 0 0 0 0 0 0 0.25 0 0 0 0 
0 0 0 0 0 0 0 0 0 0 0 3.72 
0 0 0 0 0 0 0 0 0 0 0 0.7 
0 0 0 0 0 0 0 0 0 0 0 1 

p[k]=
0.05 0.03 0.05 0.01 0.01 0 0.02 0 0.02 0.05 0.02 0.04 

d'''[i][k]=
0 0 0 0 0 0 0 0 0 3 5 22 
0 0 0 0 0 0 0 0 12 18 0 0 
0 0 0 0 0 0 0 19 4 0 0 0 
0 0 0 0 0 0 0 5 0 0 0 0 
0 0 0 0 0 0 0 5 0 0 0 0 
0 0 0 0 0 0 4 1 0 0 0 0 
0 0 0 0 0 0 5 0 0 0 0 0 
0 0 0 0 0 0 5 0 0 0 0 0 
0 0 0 0 0 0 5 0 0 0 0 0 
0 0 0 0 0 0 5 0 0 0 0 0 
0 0 0 0 0 2 3 0 0 0 0 0 
0 0 0 0 0 5 0 0 0 0 0 0 
0 0 0 0 21 9 0 0 0 0 0 0 
0 0 11 18 1 0 0 0 0 0 0 0 
9 21 0 0 0 0 0 0 0 0 0 0 

r'''[i][k]=
0 0 0 0 0 0 0 0 0 0.48 1.5 0.44 
0 0 0 0 0 0 0 0 0.6 2.88 0 0 
0 0 0 0 0 0 0 1.9 0.72 0 0 0 
0 0 0 0 0 0 0 2.35 0 0 0 0 
0 0 0 0 0 0 0 0.5 0 0 0 0 
0 0 0 0 0 0 2.68 0.02 0 0 0 0 
0 0 0 0 0 0 0.45 0 0 0 0 0 
0 0 0 0 0 0 0.05 0 0 0 0 0 
0 0 0 0 0 0 0.25 0 0 0 0 0 
0 0 0 0 0 0 1.15 0 0 0 0 0 
0 0 0 0 0 0 1.5 0 0 0 0 0 
0 0 0 0 0 2.35 0 0 0 0 0 0 
0 0 0 0 14.07 1.71 0 0 0 0 0 0 
0 0 2.97 9.36 0.74 0 0 0 0 0 0 0 
0.63 0.21 0 0 0 0 0 0 0 0 0 0 
