|S|=4
|R|=6
|O|=5
|V|=10
q=70
c=1
Tmax=960
H=1000

e'[i][j]=
0 249 134 363 416 
481 0 347 180 461 
105 155 0 368 240 
375 553 76 0 283 
358 97 305 529 0 

e''[i][j]=
0 493 95 284 515 101 332 
83 0 114 236 560 378 154 
187 179 0 193 548 322 120 
171 233 159 0 431 120 258 
241 284 260 432 0 438 501 
213 149 319 536 103 0 105 
79 504 356 79 556 184 0 

e'''[i][j]=
0 269 439 440 324 382 
519 0 415 354 256 355 
373 418 0 539 319 96 
65 187 168 0 286 80 
203 180 514 433 0 315 
393 117 184 49 250 0 

t'[i][j]=
0 58 181 81 178 
130 0 164 128 107 
56 114 0 30 69 
48 168 164 0 22 
97 99 120 141 0 

t''[i][j]=
0 131 132 107 131 104 97 
53 0 75 167 30 99 144 
105 168 0 171 87 170 114 
85 132 90 0 89 37 50 
29 148 73 106 0 78 133 
109 39 76 21 79 0 109 
113 113 113 180 30 73 0 

t'''[i][j]=
0 72 184 39 67 123 
40 0 139 64 86 156 
143 54 0 93 48 26 
199 192 72 0 195 23 
67 156 135 36 0 178 
85 60 27 25 46 0 

d''[i][k]=
0 6 22 0 
0 23 0 0 
5 16 0 0 
35 0 0 0 
0 0 0 23 
0 0 2 21 

r''[i][k]=
0 0.78 4.62 0 
0 0.46 0 0 
1.95 0.48 0 0 
12.25 0 0 0 
0 0 0 8.97 
0 0 0.1 0 

p[k]=
0.02 0.01 0 0.04 

d'''[i][k]=
0 0 0 37 
0 0 13 7 
0 11 11 0 
3 34 0 0 
37 0 0 0 

r'''[i][k]=
0 0 0 2.59 
0 0 3.77 1.05 
0 0.33 4.07 0 
0.66 10.2 0 0 
1.85 0 0 0 
