|S|=4
|R|=6
|O|=5
|V|=10
q=70
c=1
Tmax=960
H=1000

e'[i][j]=
0 320 376 358 537 
142 0 392 376 134 
385 512 0 139 233 
449 393 200 0 240 
547 432 276 388 0 

e''[i][j]=
0 100 97 347 234 536 546 
359 0 489 534 442 240 49 
467 245 0 86 516 79 405 
336 466 192 0 483 80 537 
490 71 545 437 0 73 51 
427 291 491 179 175 0 530 
299 406 539 414 234 113 0 

e'''[i][j]=
0 455 442 342 360 273 
450 0 553 465 391 270 
252 394 0 354 404 151 
183 113 347 0 69 120 
335 437 454 74 0 222 
263 244 451 198 86 0 

t'[i][j]=
0 31 193 98 22 
95 0 199 40 163 
139 56 0 179 25 
52 85 100 0 105 
191 131 152 60 0 

t''[i][j]=
0 111 148 159 143 44 76 
168 0 149 83 125 185 141 
157 157 0 27 26 88 132 
47 102 170 0 114 152 197 
59 76 70 71 0 192 171 
179 121 126 165 27 0 58 
195 108 117 40 54 161 0 

t'''[i][j]=
0 90 76 112 156 58 
92 0 153 176 111 200 
189 149 0 148 55 183 
108 87 147 0 186 25 
140 148 198 190 0 197 
186 166 133 58 65 0 

d''[i][k]=
0 17 1 0 
0 25 0 0 
13 6 0 0 
20 0 0 0 
0 0 11 9 
0 0 25 0 

r''[i][k]=
0 4.08 0.01 0 
0 0 0 0 
1.04 2.76 0 0 
0.6 0 0 0 
0 0 7.15 2.88 
0 0 8.25 0 

p[k]=
0.04 0.01 0.04 0.04 

d'''[i][k]=
0 0 21 9 
0 14 16 0 
0 15 0 0 
3 19 0 0 
30 0 0 0 

r'''[i][k]=
0 0 4.2 0.72 
0 0.14 2.08 0 
0 1.05 0 0 
0.9 2.66 0 0 
3 0 0 0 
