|S|=12
|R|=38
|O|=15
|V|=30
q=150
c=1
Tmax=960
H=1000

e'[i][j]=
0 468 87 126 211 384 288 505 287 188 201 74 78 
376 0 174 152 316 267 230 313 336 470 529 105 201 
386 547 0 222 292 502 85 339 257 92 127 287 192 
127 444 327 0 302 128 171 284 525 62 281 226 147 
468 86 231 379 0 379 345 154 63 317 542 56 410 
141 273 327 149 96 0 476 50 169 336 300 510 485 
71 91 433 322 541 112 0 350 378 174 116 512 196 
314 383 339 106 373 347 507 0 546 50 305 498 398 
107 316 458 233 357 376 82 173 0 400 366 455 381 
108 258 311 139 452 430 149 264 342 0 218 146 383 
314 382 499 398 164 392 93 470 212 345 0 399 159 
335 322 423 86 157 210 342 457 555 539 292 0 50 
552 478 400 164 254 128 494 427 151 167 325 440 0 

e''[i][j]=
0 173 76 165 300 108 368 535 445 306 533 377 407 279 102 299 496 354 344 366 346 435 492 494 105 212 542 184 195 102 120 157 107 560 232 205 148 124 142 
490 0 342 73 488 545 200 162 369 95 173 220 59 469 383 175 333 280 479 464 140 284 366 50 74 373 332 170 232 525 359 468 137 480 529 488 242 554 542 
479 96 0 113 266 367 280 212 552 204 179 547 275 374 530 376 492 236 384 538 452 336 353 228 203 504 457 526 53 554 467 276 138 104 133 348 196 279 422 
261 67 530 0 474 343 506 143 89 51 119 213 408 519 150 531 160 497 327 243 418 268 343 222 424 220 149 348 270 407 354 158 282 243 506 394 145 447 446 
501 203 238 480 0 184 408 352 469 75 155 263 537 125 186 491 402 379 263 174 169 121 559 175 458 230 212 69 511 104 260 200 282 133 243 142 86 468 257 
342 260 476 525 289 0 64 153 416 183 410 410 170 233 61 354 130 262 459 158 223 111 402 159 97 177 387 361 80 65 289 397 327 221 342 497 224 415 216 
151 67 232 153 176 528 0 104 125 531 409 241 357 153 252 255 377 444 148 440 298 327 317 295 260 106 61 396 212 193 261 118 460 176 490 108 214 552 478 
414 455 101 488 377 367 225 0 510 217 543 544 360 198 192 299 75 389 180 455 110 420 124 453 143 522 480 153 441 150 223 186 471 401 336 185 130 228 495 
403 258 303 535 352 127 288 489 0 229 232 196 204 275 66 127 533 62 66 164 356 448 433 215 488 469 303 337 521 177 474 197 250 206 157 332 304 135 200 
522 136 345 417 219 515 233 519 246 0 221 195 105 495 63 462 426 219 517 517 165 114 139 176 433 103 115 98 216 213 552 400 135 91 407 446 226 474 402 
277 318 464 445 413 511 422 383 147 295 0 66 513 550 547 197 126 254 463 136 346 96 341 119 143 124 240 351 171 246 550 316 249 542 87 104 354 78 383 
217 185 137 276 137 489 68 363 76 297 464 0 312 292 118 78 391 227 182 457 351 394 224 457 343 67 311 423 237 549 135 207 60 189 488 219 558 86 187 
495 261 322 145 231 276 527 311 73 143 339 136 0 313 392 118 179 125 180 527 239 227 383 423 289 417 376 173 545 249 93 138 542 99 79 173 160 244 418 
499 498 318 173 55 108 205 399 135 82 533 553 407 0 218 251 95 302 383 374 158 423 425 167 431 509 336 394 441 530 548 241 85 417 381 183 91 493 129 
304 369 310 88 241 399 240 75 444 104 69 492 300 296 0 390 228 508 121 162 416 360 130 480 249 513 212 306 427 396 420 414 373 550 282 554 492 143 143 
552 211 503 416 433 57 521 466 429 135 554 317 323 151 247 0 137 303 141 106 55 446 191 310 227 146 67 269 65 76 497 307 230 48 334 309 115 229 69 
416 227 198 355 67 297 438 469 61 238 155 245 188 109 168 67 0 452 69 114 283 301 190 491 166 59 154 130 192 368 407 333 474 415 299 126 473 441 57 
378 367 159 242 446 272 555 378 436 53 178 181 357 483 127 455 519 0 286 223 173 123 491 553 80 156 379 293 357 508 297 204 175 208 148 107 507 95 137 
170 199 377 270 183 236 218 399 278 247 397 337 217 377 74 236 267 514 0 150 437 458 291 48 517 495 199 248 224 526 79 87 158 181 361 161 65 218 425 
512 183 371 529 557 400 69 58 406 550 49 84 343 490 268 391 345 79 483 0 227 554 337 476 419 233 183 394 201 169 515 348 474 426 433 373 516 256 515 
556 374 413 165 135 183 343 257 451 433 236 405 171 446 382 441 541 385 62 337 0 521 206 434 514 144 244 194 118 273 156 323 116 488 318 546 170 368 541 
163 220 347 482 204 94 282 509 437 536 504 498 88 168 113 546 216 277 455 232 100 0 413 167 512 69 461 419 84 324 422 453 437 180 129 484 114 499 465 
200 459 367 463 342 262 358 388 546 284 489 121 464 80 68 547 320 378 217 343 89 68 0 146 540 301 292 351 369 136 148 170 179 491 283 319 547 214 158 
141 173 545 220 204 205 78 409 284 281 261 62 98 503 149 371 480 456 206 425 193 152 68 0 164 534 414 143 284 435 470 380 541 270 490 50 417 69 284 
335 55 171 360 382 172 295 469 228 272 413 193 146 498 284 409 284 143 387 545 558 182 458 526 0 94 243 178 261 168 455 377 210 109 299 534 442 458 79 
162 161 98 226 265 548 181 65 85 76 459 101 383 319 95 97 480 119 528 543 245 554 286 149 155 0 56 401 155 221 259 390 117 318 324 551 437 547 492 
307 51 553 360 483 286 423 539 337 244 356 559 408 165 473 309 557 508 125 67 356 204 428 191 243 129 0 307 372 95 52 213 372 365 359 370 175 511 189 
305 144 489 326 147 436 475 67 335 112 62 425 494 357 538 263 308 487 309 59 529 247 548 73 251 430 242 0 461 59 500 70 172 228 377 205 225 181 111 
501 328 137 549 120 390 75 445 165 446 130 220 249 427 363 543 81 513 222 48 409 135 219 515 315 531 128 404 0 137 177 340 64 80 318 482 498 485 519 
457 432 450 483 242 251 280 523 549 60 184 491 439 171 446 104 124 458 241 192 209 317 500 164 406 311 207 440 149 0 139 443 541 317 107 365 207 79 449 
532 555 524 309 187 484 442 173 333 541 461 299 398 169 359 118 383 482 533 179 520 198 120 370 266 535 265 312 159 339 0 159 354 548 154 271 189 513 483 
228 258 304 453 392 65 249 371 132 307 499 193 83 184 79 275 139 474 467 228 302 470 282 522 347 64 282 535 463 496 152 0 229 525 142 153 444 160 132 
274 211 552 532 136 350 505 95 142 88 191 405 191 473 239 67 277 407 427 243 102 344 339 361 309 241 121 217 443 530 419 388 0 299 293 145 163 278 268 
532 276 155 185 211 334 260 443 211 112 132 129 136 270 182 321 150 529 377 455 216 234 143 189 158 206 193 166 372 186 119 432 98 0 420 361 207 215 468 
476 459 430 144 458 483 442 285 65 495 406 203 321 318 245 391 154 353 520 258 327 437 74 486 138 215 265 548 197 509 504 252 358 85 0 510 441 219 556 
557 141 68 154 325 295 414 428 332 210 295 419 433 225 110 405 379 384 298 411 447 326 400 352 264 263 189 252 237 155 309 210 511 206 473 0 404 221 104 
280 420 518 322 468 339 129 263 451 140 517 416 412 540 419 60 542 488 249 515 331 180 529 487 514 456 505 154 449 235 368 192 356 558 60 558 0 469 457 
307 503 464 75 497 279 541 521 463 439 101 184 80 392 212 281 412 552 550 385 59 230 136 273 303 412 431 191 324 412 116 307 301 377 299 458 493 0 514 
430 213 297 548 114 395 186 184 345 200 343 393 189 517 58 250 235 384 60 410 438 279 553 222 90 187 285 208 374 517 61 487 376 71 486 302 161 130 0 

e'''[i][j]=
0 437 122 154 160 223 76 556 529 324 80 345 188 466 555 163 
153 0 493 92 394 354 221 334 506 499 68 162 397 438 88 158 
547 335 0 263 189 110 536 157 246 80 473 249 293 496 84 291 
127 234 59 0 553 199 337 506 553 516 439 267 479 512 453 196 
430 327 141 88 0 153 139 557 142 107 108 269 511 203 49 82 
75 374 448 298 124 0 210 153 331 61 188 75 105 492 541 212 
319 450 263 435 401 408 0 222 294 72 499 332 248 83 457 302 
143 411 284 381 105 208 296 0 66 144 339 386 202 115 457 171 
316 48 57 437 256 541 103 136 0 284 486 529 365 217 208 370 
368 336 481 180 302 204 522 70 0 0 60 471 534 81 335 511 
103 457 104 243 257 513 446 237 317 436 0 71 220 402 188 404 
549 313 375 124 276 473 463 326 345 475 162 0 509 438 119 219 
309 330 227 453 535 307 280 408 77 136 59 224 0 516 425 240 
97 112 394 88 395 142 229 454 205 212 459 487 100 0 242 200 
81 311 357 377 530 173 72 132 390 535 535 231 206 339 0 412 
308 175 183 294 537 433 287 215 519 235 371 178 310 154 250 0 

t'[i][j]=
0 126 97 42 63 162 55 68 32 120 139 94 196 
49 0 36 113 169 176 32 132 150 98 131 53 119 
130 105 0 144 38 54 84 70 83 39 63 88 141 
161 168 147 0 85 82 47 197 176 21 168 161 28 
94 116 109 27 0 195 190 164 168 82 97 125 104 
132 112 120 140 95 0 38 106 157 166 43 23 132 
109 44 89 88 72 123 0 152 100 191 52 139 66 
174 117 45 150 53 34 63 0 26 83 127 132 194 
44 90 81 99 162 75 84 46 0 32 111 126 129 
59 93 88 181 73 53 196 117 99 0 51 118 146 
182 44 124 136 144 152 108 35 64 64 0 182 37 
82 36 186 66 188 180 174 107 188 84 134 0 120 
159 178 100 153 78 142 37 52 151 39 98 142 0 

t''[i][j]=
0 189 32 39 30 88 182 110 106 83 118 62 191 20 194 95 152 86 73 107 197 120 167 174 29 41 63 89 45 188 36 121 164 152 37 140 63 126 199 
39 0 91 150 72 73 71 118 82 95 146 76 146 181 80 130 173 139 196 52 137 160 24 40 47 58 143 188 88 146 33 181 78 137 118 132 88 52 141 
115 163 0 196 170 48 76 93 102 191 147 60 60 96 34 169 88 82 30 62 196 133 34 85 188 55 86 176 96 118 198 68 90 113 43 67 135 74 51 
26 124 125 0 107 73 136 33 155 65 104 193 127 79 154 59 109 172 81 127 65 33 43 125 136 36 41 176 48 103 171 127 25 78 171 143 164 103 101 
48 150 142 65 0 28 174 58 98 123 132 167 177 71 31 153 31 131 43 112 32 131 91 171 129 36 130 123 136 198 39 49 63 161 88 135 58 28 194 
67 163 26 72 30 0 160 196 48 124 136 127 32 43 184 192 174 53 64 196 68 152 112 75 64 75 103 118 193 140 147 158 123 21 195 31 187 56 121 
94 197 77 35 196 71 0 133 184 181 132 144 92 141 102 165 153 69 121 187 66 97 135 149 44 131 183 110 143 195 196 67 169 163 113 190 54 93 200 
104 25 88 130 197 197 33 0 112 74 125 61 102 124 194 88 189 28 156 169 47 182 30 123 188 141 58 197 53 164 127 96 112 137 49 120 140 71 117 
76 71 148 81 102 149 152 21 0 24 76 118 183 161 27 76 128 48 49 195 71 149 164 105 145 48 48 154 38 105 163 103 177 70 61 195 76 53 89 
73 196 87 60 132 119 86 53 91 0 50 126 139 67 78 188 181 168 156 194 181 69 194 32 102 187 195 131 72 162 27 47 32 69 147 165 117 176 37 
61 110 92 107 90 123 78 118 110 168 0 132 51 53 74 30 51 178 77 153 42 96 169 92 62 28 97 56 32 89 159 191 163 127 127 74 60 48 130 
83 87 96 71 82 87 101 83 161 188 188 0 134 158 32 102 146 178 145 178 132 190 91 190 113 102 168 93 168 92 158 162 75 194 87 60 39 190 28 
99 73 139 97 57 101 94 66 153 199 104 111 0 77 52 112 111 79 125 29 93 104 130 51 108 65 186 38 111 144 27 146 27 99 32 82 61 91 43 
84 132 136 143 150 32 25 127 183 195 138 54 129 0 189 49 103 198 29 170 89 131 22 33 94 66 174 59 29 102 49 144 108 182 106 108 102 72 69 
108 199 171 105 128 29 198 178 110 93 196 178 176 198 0 65 60 193 95 38 110 81 67 55 25 73 120 168 85 174 73 171 178 135 25 47 54 55 120 
60 149 152 70 126 69 167 98 177 21 142 142 44 130 55 0 111 123 51 66 53 28 147 124 197 172 197 94 41 100 134 134 33 184 173 26 55 108 38 
113 111 113 56 189 154 190 175 132 25 154 80 122 94 154 95 0 178 79 51 65 185 194 175 94 193 184 71 83 75 188 92 192 169 24 82 42 144 192 
27 56 158 69 36 50 106 111 21 193 45 129 98 67 86 39 172 0 134 63 119 124 55 50 182 175 48 54 37 144 92 37 175 173 85 178 47 116 37 
128 77 147 198 63 183 63 93 186 105 106 20 23 121 136 105 55 43 0 44 98 151 92 83 71 77 68 117 174 74 158 106 127 56 170 110 61 54 93 
97 39 105 123 137 74 170 109 165 71 91 178 51 158 34 128 104 185 139 0 199 162 117 112 174 114 88 152 62 61 104 54 119 141 146 109 124 77 104 
144 195 90 62 68 181 42 63 60 104 110 158 141 61 128 134 135 109 70 54 0 171 98 64 129 126 111 195 159 49 127 108 21 38 120 150 125 109 199 
134 94 144 69 155 53 95 52 166 113 72 158 74 200 147 82 149 159 112 152 59 0 180 165 97 120 176 97 43 116 77 177 48 142 76 198 103 123 41 
43 148 28 78 175 31 179 123 151 68 132 87 195 160 108 71 196 114 174 30 197 104 0 54 158 165 134 89 159 127 88 96 129 52 24 123 196 178 56 
187 199 79 71 163 80 108 43 161 93 145 90 148 75 103 24 35 50 37 68 115 88 193 0 196 72 33 128 88 157 163 197 98 85 156 125 93 76 138 
161 123 81 125 167 178 200 132 89 117 100 115 141 70 39 163 83 86 33 98 34 163 72 173 0 160 173 193 66 61 190 58 182 53 35 131 173 55 135 
27 138 33 41 132 163 66 33 95 52 20 198 160 85 148 103 71 115 74 117 46 68 122 52 138 0 108 160 191 176 165 151 156 139 183 155 194 128 69 
163 76 59 136 149 190 159 181 174 77 35 24 140 161 191 177 118 161 147 115 90 24 62 35 44 46 0 36 61 171 152 199 79 162 53 143 145 145 193 
85 72 58 38 70 100 104 56 81 118 140 32 79 49 33 56 37 116 198 142 67 41 53 136 85 52 95 0 78 195 77 128 148 143 174 126 158 118 46 
143 82 131 189 178 125 92 153 153 139 118 46 99 170 87 94 63 164 86 108 106 113 48 179 192 119 117 62 0 108 97 190 195 162 93 149 165 56 181 
62 174 88 48 126 192 166 46 148 76 59 21 192 76 188 23 51 125 126 91 93 61 39 34 74 142 33 63 119 0 85 88 192 36 119 153 188 154 109 
185 32 145 31 58 47 79 69 27 123 107 194 181 177 144 188 20 105 120 83 189 137 77 154 107 74 194 79 186 137 0 116 154 22 137 121 134 82 49 
78 114 183 146 100 71 107 152 127 118 52 118 156 64 44 112 157 131 82 137 55 190 161 114 31 150 112 136 137 143 186 0 155 48 170 66 168 194 32 
95 140 26 98 64 59 20 80 129 26 192 81 176 78 152 157 50 72 181 71 76 151 29 179 181 117 179 55 178 142 117 143 0 139 148 30 152 177 79 
43 21 46 40 112 133 70 39 116 110 46 55 136 107 114 175 160 200 67 40 154 80 182 83 35 41 170 92 53 195 92 25 28 0 130 191 104 173 150 
102 189 88 101 116 134 175 156 55 173 157 40 167 123 109 96 39 87 150 153 184 68 47 56 76 47 60 79 101 79 175 77 75 103 0 61 143 161 106 
183 126 172 152 166 118 154 71 44 165 182 120 21 128 82 31 183 141 151 155 37 187 198 136 49 195 161 50 87 128 132 149 90 155 68 0 128 126 53 
53 77 158 71 174 49 188 160 21 85 103 190 29 145 189 143 87 114 48 148 88 67 161 182 116 179 58 98 150 197 58 84 30 115 148 20 0 20 183 
36 94 163 50 187 29 167 140 67 136 156 27 27 38 88 180 99 32 32 148 133 55 161 185 62 67 127 159 186 52 57 104 72 67 165 128 173 0 41 
170 160 122 70 56 105 184 57 41 54 138 51 192 174 109 44 26 140 142 174 125 69 73 192 138 193 28 23 170 29 44 90 24 88 120 162 95 33 0 

t'''[i][j]=
0 103 108 199 45 200 142 27 69 88 69 73 189 102 31 70 
133 0 111 134 109 61 166 170 115 123 75 166 82 34 187 48 
163 121 0 67 74 43 155 87 26 134 165 136 126 115 62 77 
89 53 24 0 92 44 100 133 163 84 40 165 41 180 87 152 
95 167 75 61 0 59 29 57 143 85 32 97 72 97 174 139 
172 39 28 61 44 0 48 59 61 142 171 82 79 96 21 98 
123 31 82 98 169 131 0 179 158 121 29 131 91 163 154 97 
181 103 88 72 190 162 163 0 48 70 48 196 140 186 107 96 
172 28 137 104 75 182 109 199 0 61 100 63 124 133 59 181 
136 147 34 114 52 107 187 196 183 0 113 157 91 149 46 192 
45 179 131 109 85 147 108 127 83 186 0 175 167 46 142 58 
156 167 118 121 137 52 28 87 20 99 138 0 131 43 43 59 
31 158 31 182 146 170 181 117 112 67 133 73 0 77 199 42 
69 191 55 32 50 108 132 141 84 117 29 87 114 0 126 114 
122 51 149 163 181 59 143 118 116 144 67 71 152 170 0 161 
36 157 25 118 150 20 168 130 104 45 56 160 62 74 65 0 

d''[i][k]=
0 0 0 0 0 0 0 0 0 1 5 0 
0 0 0 0 0 0 0 0 0 6 0 0 
0 0 0 0 0 0 0 0 0 6 0 0 
0 0 0 0 0 0 0 0 0 6 0 0 
0 0 0 0 0 0 0 0 0 6 0 0 
0 0 0 0 0 0 0 0 3 2 0 0 
0 0 0 0 0 0 0 0 5 0 0 0 
0 0 0 0 0 0 0 0 6 0 0 0 
0 0 0 0 0 0 0 4 1 0 0 0 
0 0 0 0 0 0 3 3 0 0 0 0 
0 0 0 0 0 2 5 0 0 0 0 0 
0 0 0 0 0 5 0 0 0 0 0 0 
0 0 0 0 6 1 0 0 0 0 0 0 
0 0 0 0 6 0 0 0 0 0 0 0 
0 0 0 0 5 0 0 0 0 0 0 0 
0 0 0 0 8 0 0 0 0 0 0 0 
0 0 0 2 4 0 0 0 0 0 0 0 
0 0 2 4 0 0 0 0 0 0 0 0 
0 0 6 0 0 0 0 0 0 0 0 0 
0 3 3 0 0 0 0 0 0 0 0 0 
0 6 0 0 0 0 0 0 0 0 0 0 
0 7 0 0 0 0 0 0 0 0 0 0 
0 8 0 0 0 0 0 0 0 0 0 0 
2 3 0 0 0 0 0 0 0 0 0 0 
5 0 0 0 0 0 0 0 0 0 0 0 
5 0 0 0 0 0 0 0 0 0 0 0 
5 0 0 0 0 0 0 0 0 0 0 0 
5 0 0 0 0 0 0 0 0 0 0 0 
0 0 0 5 0 0 0 0 0 0 0 0 
0 0 0 6 0 0 0 0 0 0 0 0 
0 0 0 8 0 0 0 0 0 0 0 0 
0 0 0 0 0 0 0 5 0 0 0 0 
0 0 0 0 0 0 5 0 0 0 0 0 
0 0 0 0 0 0 6 0 0 0 0 0 
0 0 0 0 0 0 0 0 0 0 5 0 
0 0 0 0 0 0 0 0 0 0 1 4 
0 0 0 0 0 0 0 0 0 0 0 5 
0 0 0 0 0 0 0 0 0 0 7 0 

r''[i][k]=
0 0 0 0 0 0 0 0 0 0.07 0.15 0 
0 0 0 0 0 0 0 0 0 0.42 0 0 
0 0 0 0 0 0 0 0 0 3.42 0 0 
0 0 0 0 0 0 0 0 0 1.26 0 0 
0 0 0 0 0 0 0 0 0 4.68 0 0 
0 0 0 0 0 0 0 0 0.27 0.82 0 0 
0 0 0 0 0 0 0 0 1.75 0 0 0 
0 0 0 0 0 0 0 0 0.3 0 0 0 
0 0 0 0 0 0 0 0.44 0.07 0 0 0 
0 0 0 0 0 0 1.83 0.12 0 0 0 0 
0 0 0 0 0 0.42 1.7 0 0 0 0 0 
0 0 0 0 0 0.05 0 0 0 0 0 0 
0 0 0 0 1.32 0.56 0 0 0 0 0 0 
0 0 0 0 1.8 0 0 0 0 0 0 0 
0 0 0 0 0.4 0 0 0 0 0 0 0 
0 0 0 0 0.72 0 0 0 0 0 0 0 
0 0 0 0.02 0.28 0 0 0 0 0 0 0 
0 0 0.62 2.72 0 0 0 0 0 0 0 0 
0 0 2.46 0 0 0 0 0 0 0 0 0 
0 1.47 0.21 0 0 0 0 0 0 0 0 0 
0 5.34 0 0 0 0 0 0 0 0 0 0 
0 0.91 0 0 0 0 0 0 0 0 0 0 
0 0.4 0 0 0 0 0 0 0 0 0 0 
0.06 0.36 0 0 0 0 0 0 0 0 0 0 
0.25 0 0 0 0 0 0 0 0 0 0 0 
3.55 0 0 0 0 0 0 0 0 0 0 0 
1.05 0 0 0 0 0 0 0 0 0 0 0 
0.75 0 0 0 0 0 0 0 0 0 0 0 
0 0 0 0.5 0 0 0 0 0 0 0 0 
0 0 0 0.42 0 0 0 0 0 0 0 0 
0 0 0 0.24 0 0 0 0 0 0 0 0 
0 0 0 0 0 0 0 1.6 0 0 0 0 
0 0 0 0 0 0 1.05 0 0 0 0 0 
0 0 0 0 0 0 2.1 0 0 0 0 0 
0 0 0 0 0 0 0 0 0 0 1.7 0 
0 0 0 0 0 0 0 0 0 0 0.05 1.24 
0 0 0 0 0 0 0 0 0 0 0 1.55 
0 0 0 0 0 0 0 0 0 0 2.66 0 

p[k]=
0.05 0.03 0.04 0.05 0.01 0.02 0.05 0.02 0 0.01 0.02 0.01 

d'''[i][k]=
0 0 0 0 0 0 0 0 0 3 18 9 
0 0 0 0 0 0 0 0 6 24 0 0 
0 0 0 0 0 0 0 0 5 0 0 0 
0 0 0 0 0 0 0 1 4 0 0 0 
0 0 0 0 0 0 0 5 0 0 0 0 
0 0 0 0 0 0 0 5 0 0 0 0 
0 0 0 0 0 0 4 1 0 0 0 0 
0 0 0 0 0 0 5 0 0 0 0 0 
0 0 0 0 0 0 5 0 0 0 0 0 
0 0 0 0 0 0 5 0 0 0 0 0 
0 0 0 0 0 5 0 0 0 0 0 0 
0 0 0 0 24 3 0 0 0 0 0 0 
0 0 0 25 5 0 0 0 0 0 0 0 
0 19 11 0 0 0 0 0 0 0 0 0 
22 8 0 0 0 0 0 0 0 0 0 0 

r'''[i][k]=
0 0 0 0 0 0 0 0 0 2.16 3.96 0.27 
0 0 0 0 0 0 0 0 0.36 9.12 0 0 
0 0 0 0 0 0 0 0 1.2 0 0 0 
0 0 0 0 0 0 0 0.53 1.92 0 0 0 
0 0 0 0 0 0 0 0 0 0 0 0 
0 0 0 0 0 0 0 0.7 0 0 0 0 
0 0 0 0 0 0 2.16 0.02 0 0 0 0 
0 0 0 0 0 0 1.25 0 0 0 0 0 
0 0 0 0 0 0 0.55 0 0 0 0 0 
0 0 0 0 0 0 1.85 0 0 0 0 0 
0 0 0 0 0 2.25 0 0 0 0 0 0 
0 0 0 0 4.8 1.68 0 0 0 0 0 0 
0 0 0 8 0.1 0 0 0 0 0 0 0 
0 2.09 0.11 0 0 0 0 0 0 0 0 0 
1.54 0.16 0 0 0 0 0 0 0 0 0 0 
