|S|=4
|R|=6
|O|=5
|V|=10
q=70
c=1
Tmax=960
H=1000

e'[i][j]=
0 260 160 119 274 
224 0 547 537 57 
359 172 0 228 537 
101 340 555 0 464 
114 149 372 355 0 

e''[i][j]=
0 152 217 110 440 216 447 
271 0 279 236 377 254 277 
510 433 0 175 412 149 392 
535 551 310 0 73 120 233 
132 373 422 526 0 460 148 
430 258 157 86 136 0 233 
151 433 257 162 195 473 0 

e'''[i][j]=
0 525 461 380 163 377 
53 0 106 522 446 224 
340 148 0 346 96 179 
552 57 186 0 351 60 
377 544 339 129 0 421 
141 520 286 68 556 0 

t'[i][j]=
0 106 147 100 87 
97 0 121 42 28 
178 38 0 184 68 
145 94 68 0 96 
166 193 151 98 0 

t''[i][j]=
0 93 71 176 163 161 31 
72 0 194 107 159 113 120 
95 199 0 119 141 57 127 
56 72 193 0 22 143 21 
86 116 178 189 0 128 120 
78 164 63 115 30 0 23 
138 88 105 197 65 79 0 

t'''[i][j]=
0 51 152 188 49 152 
38 0 198 103 157 44 
110 96 0 80 49 137 
192 100 152 0 113 195 
51 42 139 86 0 41 
88 95 162 36 138 0 

d''[i][k]=
0 0 0 16 
0 0 7 6 
0 6 7 0 
5 5 0 0 
0 0 0 14 
0 0 0 12 

r''[i][k]=
0 0 0 4.16 
0 0 1.12 0 
0 1.98 0.28 0 
0.3 0.35 0 0 
0 0 0 2.52 
0 0 0 1.8 

p[k]=
0 0.01 0.03 0 

d'''[i][k]=
5 0 0 15 
0 0 0 10 
0 1 0 9 
0 1 3 14 
0 9 11 0 

r'''[i][k]=
0.3 0 0 5.85 
0 0 0 2.5 
0 0.72 0 1.17 
0 0.56 1.56 0.42 
0 3.15 6.27 0 
