|S|=4
|R|=6
|O|=5
|V|=10
q=70
c=1
Tmax=960
H=1000

e'[i][j]=
0 455 545 107 230 
546 0 59 512 73 
499 284 0 462 84 
243 256 552 0 415 
516 272 439 426 0 

e''[i][j]=
0 301 179 518 122 455 446 
436 0 94 165 349 374 300 
319 78 0 279 363 345 83 
328 139 174 0 76 245 75 
259 328 382 373 0 455 362 
485 553 459 173 306 0 54 
465 295 252 206 243 218 0 

e'''[i][j]=
0 383 176 214 318 123 
238 0 420 161 558 455 
71 243 0 546 81 165 
155 201 273 0 281 277 
387 546 294 441 0 344 
421 326 77 397 307 0 

t'[i][j]=
0 24 146 72 135 
64 0 93 68 67 
198 103 0 139 132 
134 59 109 0 194 
50 68 117 146 0 

t''[i][j]=
0 133 88 171 158 105 27 
26 0 175 76 99 37 92 
81 193 0 166 170 87 40 
191 120 40 0 23 77 92 
120 112 25 63 0 110 109 
34 138 63 115 171 0 46 
46 183 38 102 88 166 0 

t'''[i][j]=
0 149 27 50 185 78 
198 0 64 83 165 30 
43 119 0 174 141 109 
36 69 178 0 21 76 
64 24 155 32 0 197 
103 61 60 124 71 0 

d''[i][k]=
0 2 6 0 
0 9 0 0 
1 7 0 0 
10 0 0 0 
0 0 0 7 
0 0 1 9 

r''[i][k]=
0 0.3 1.38 0 
0 1.8 0 0 
0.09 5.81 0 0 
1.1 0 0 0 
0 0 0 0 
0 0 0.28 1.35 

p[k]=
0 0.04 0.04 0.03 

d'''[i][k]=
0 0 0 12 
0 0 2 4 
0 5 5 0 
0 12 0 0 
11 1 0 0 

r'''[i][k]=
0 0 0 2.16 
0 0 0.08 0.8 
0 0.4 1.85 0 
0 1.32 0 0 
0.88 0.61 0 0 
