|S|=7
|R|=23
|O|=10
|V|=20
q=150
c=1
Tmax=960
H=1000

e'[i][j]=
0 479 309 50 119 268 196 405 
217 0 152 425 262 442 338 324 
239 319 0 417 466 68 105 360 
434 210 79 0 476 56 457 474 
370 290 201 72 0 448 317 290 
55 147 267 210 51 0 438 278 
305 260 141 146 142 130 0 168 
55 118 70 376 372 280 206 0 

e''[i][j]=
0 457 314 201 288 454 204 419 153 111 243 137 288 77 241 363 284 128 123 264 436 256 186 299 
137 0 245 223 415 231 125 310 388 304 324 166 345 108 397 357 86 432 433 154 58 165 50 235 
251 101 0 175 96 447 330 401 439 369 121 344 447 478 127 427 304 112 96 477 79 217 348 221 
114 300 471 0 220 445 236 168 243 92 116 69 138 263 287 214 279 441 444 333 206 250 213 141 
287 311 347 243 0 126 232 326 311 439 235 173 460 399 124 312 346 117 233 326 425 69 230 321 
65 418 108 480 130 0 124 339 437 184 374 175 420 321 464 350 418 54 141 306 117 373 174 197 
398 268 145 396 306 297 0 431 145 199 77 159 63 347 326 431 390 411 384 170 120 54 265 144 
190 88 217 105 421 128 197 0 400 360 105 431 437 429 58 51 107 402 257 118 334 466 211 271 
402 479 281 115 164 246 355 106 0 124 185 119 461 267 259 271 176 48 139 464 171 469 115 167 
230 196 192 340 183 81 89 100 289 0 241 206 399 217 468 55 349 275 174 351 285 311 334 390 
387 179 168 305 422 245 365 187 133 306 0 451 207 282 218 365 318 77 78 327 232 87 141 83 
286 381 275 366 362 435 183 294 151 237 244 0 59 429 327 394 63 207 368 336 472 301 237 61 
248 461 261 413 247 414 174 449 250 180 383 128 0 161 189 50 399 77 184 161 459 464 65 430 
480 189 276 319 333 359 211 329 375 78 254 351 115 0 450 368 270 372 365 356 235 205 230 160 
369 116 267 247 404 206 216 414 181 200 85 437 439 252 0 357 168 126 181 452 225 225 239 67 
387 286 215 208 246 107 267 109 347 303 291 420 226 439 57 0 136 118 465 381 466 286 50 163 
374 146 140 384 456 49 331 382 296 262 381 71 427 299 159 253 0 209 385 368 479 278 210 386 
116 431 386 446 366 231 280 400 171 419 355 445 293 118 399 234 480 0 104 293 77 298 60 287 
217 298 226 460 476 263 423 110 209 117 218 106 276 249 304 471 218 104 0 306 53 194 418 193 
54 263 227 156 73 346 343 132 171 117 311 146 59 56 70 323 478 166 50 0 359 297 306 410 
61 317 82 184 232 167 319 172 91 444 147 391 349 263 332 161 251 260 421 210 0 285 197 151 
347 384 456 233 276 232 116 332 384 362 461 171 165 143 467 243 410 425 95 58 400 0 140 404 
169 365 413 309 459 413 345 209 439 270 434 318 417 466 176 256 246 285 96 172 345 389 0 392 
336 240 397 469 263 281 379 350 154 379 282 472 224 199 467 139 386 373 477 235 127 387 390 0 

e'''[i][j]=
0 238 89 373 409 271 163 257 439 371 112 
172 0 203 287 289 146 132 119 314 269 292 
475 131 0 387 352 315 182 221 374 134 377 
276 83 372 0 154 460 240 140 64 475 220 
251 173 166 235 0 83 403 281 468 150 265 
169 245 475 421 406 0 376 89 342 80 178 
89 165 352 188 380 255 0 222 318 408 330 
302 127 318 393 290 64 150 0 406 167 383 
106 144 159 84 229 314 210 413 0 410 394 
456 191 208 267 218 70 478 147 167 0 290 
379 376 298 275 154 183 188 300 402 180 0 

t'[i][j]=
0 93 96 50 86 70 96 100 
35 0 29 43 62 62 78 26 
59 83 0 62 56 98 20 35 
58 61 62 0 99 66 29 96 
88 58 47 51 0 87 65 51 
59 22 29 88 60 0 55 82 
61 72 83 37 38 88 0 66 
54 25 83 23 73 26 91 0 

t''[i][j]=
0 58 83 29 40 43 47 92 66 76 87 21 88 37 50 75 78 29 68 49 83 73 80 31 
71 0 93 41 82 26 52 41 69 44 53 53 58 35 45 73 72 83 78 56 68 21 92 68 
92 52 0 23 90 82 29 43 49 42 80 24 86 60 93 73 70 80 82 51 37 71 64 21 
95 29 84 0 74 89 21 60 82 93 84 43 66 82 28 78 55 82 44 43 54 69 75 89 
67 72 90 33 0 62 54 66 50 38 39 24 36 39 48 26 68 99 77 36 32 83 80 71 
22 67 75 38 39 0 94 54 51 92 38 62 71 25 76 72 30 47 72 72 81 78 21 83 
74 25 21 65 75 43 0 34 73 48 26 52 75 83 61 89 43 74 80 55 64 62 24 56 
55 73 50 72 36 91 27 0 52 78 32 27 81 93 72 73 22 76 59 47 31 96 86 95 
21 94 44 35 50 76 100 28 0 39 38 78 28 33 75 93 96 68 38 21 24 21 86 48 
70 38 21 32 36 35 57 48 63 0 74 90 86 38 96 77 62 51 79 79 76 75 30 38 
70 89 76 94 23 52 75 49 81 95 0 22 38 51 31 22 86 76 24 86 32 97 52 49 
57 46 20 24 84 57 79 22 81 34 79 0 70 36 35 55 92 70 85 47 29 58 36 41 
84 24 95 74 52 36 78 24 95 94 61 25 0 29 45 23 69 74 63 38 56 88 86 91 
97 63 71 36 22 64 93 21 79 57 76 56 69 0 91 97 80 74 43 82 67 37 58 44 
99 45 76 68 62 65 92 76 96 70 42 26 84 78 0 34 61 26 95 73 25 82 33 76 
87 99 73 80 86 68 39 74 31 64 45 89 68 34 53 0 24 81 91 74 81 52 54 64 
84 70 88 32 21 99 33 47 54 43 31 25 47 91 74 57 0 33 76 74 29 33 91 90 
52 24 70 59 89 78 96 73 20 21 22 32 80 87 27 100 43 0 85 40 85 67 97 51 
91 100 75 79 87 65 26 74 30 91 88 97 93 87 47 61 24 76 0 61 48 100 78 39 
59 79 67 91 92 48 29 77 31 31 56 37 37 61 79 92 98 49 89 0 22 44 76 64 
50 76 66 83 20 94 22 62 96 33 68 95 36 94 86 48 36 50 97 37 0 49 33 49 
61 69 99 54 63 33 98 62 76 30 43 86 90 48 68 62 85 88 53 53 65 0 62 23 
33 74 97 38 35 71 80 27 77 58 79 77 58 94 47 40 65 65 50 91 63 33 0 99 
80 30 59 75 84 55 36 91 52 97 27 63 37 32 40 86 92 51 74 65 69 80 77 0 

t'''[i][j]=
0 72 44 39 56 100 84 69 79 54 60 
84 0 60 55 95 34 45 28 91 23 28 
97 75 0 47 86 79 62 59 38 34 20 
76 63 73 0 26 28 32 73 97 98 67 
66 75 51 70 0 28 29 36 55 73 73 
93 32 45 94 63 0 32 79 62 59 28 
75 37 85 30 83 80 0 89 78 60 44 
47 95 31 41 22 30 77 0 64 40 97 
29 90 52 72 100 35 60 100 0 100 49 
59 46 89 58 26 61 69 100 54 0 61 
64 31 75 97 50 22 50 38 71 76 0 

d''[i][k]=
0 0 0 0 0 5 0 
0 0 0 0 0 5 0 
0 0 0 0 5 0 0 
0 0 0 0 6 0 0 
0 0 0 0 5 0 0 
0 0 0 5 1 0 0 
0 0 0 6 0 0 0 
0 0 0 5 0 0 0 
0 0 1 4 0 0 0 
0 0 5 0 0 0 0 
0 0 5 0 0 0 0 
0 0 6 0 0 0 0 
0 3 2 0 0 0 0 
0 5 0 0 0 0 0 
0 5 0 0 0 0 0 
1 4 0 0 0 0 0 
5 0 0 0 0 0 0 
5 0 0 0 0 0 0 
6 0 0 0 0 0 0 
0 0 0 0 0 0 5 
0 0 0 0 0 0 5 
0 0 0 0 0 0 5 
0 0 0 0 0 4 2 

r''[i][k]=
0 0 0 0 0 4.5 0 
0 0 0 0 0 0.65 0 
0 0 0 0 0.05 0 0 
0 0 0 0 2.28 0 0 
0 0 0 0 0.6 0 0 
0 0 0 2.8 0 0 0 
0 0 0 0.18 0 0 0 
0 0 0 1.1 0 0 0 
0 0 0 1.56 0 0 0 
0 0 0.05 0 0 0 0 
0 0 0.1 0 0 0 0 
0 0 0.96 0 0 0 0 
0 0.03 0.08 0 0 0 0 
0 4.15 0 0 0 0 0 
0 0.6 0 0 0 0 0 
0.11 0.04 0 0 0 0 0 
0.85 0 0 0 0 0 0 
2.55 0 0 0 0 0 0 
3.54 0 0 0 0 0 0 
0 0 0 0 0 0 1.8 
0 0 0 0 0 0 3.4 
0 0 0 0 0 0 2 
0 0 0 0 0 2.44 0.8 

p[k]=
0.04 0.04 0.03 0 0.04 0.02 0.01 

d'''[i][k]=
0 0 0 0 0 3 17 
0 0 0 0 9 11 0 
0 0 0 0 5 0 0 
0 0 0 2 3 0 0 
0 0 0 5 0 0 0 
0 0 0 5 0 0 0 
0 0 0 5 0 0 0 
0 0 13 3 0 0 0 
0 14 6 0 0 0 0 
17 3 0 0 0 0 0 

r'''[i][k]=
0 0 0 0 0 0.75 0.17 
0 0 0 0 1.62 4.84 0 
0 0 0 0 3.15 0 0 
0 0 0 0.18 2.58 0 0 
0 0 0 1.4 0 0 0 
0 0 0 0.6 0 0 0 
0 0 0 1.25 0 0 0 
0 0 6.63 0.03 0 0 0 
0 7.28 3.9 0 0 0 0 
3.74 0.51 0 0 0 0 0 
