|S|=12
|R|=38
|O|=15
|V|=30
q=150
c=1
Tmax=960
H=1000

e'[i][j]=
0 205 304 382 228 501 155 511 408 87 429 234 145 
509 0 67 469 509 338 458 65 214 166 262 66 493 
102 86 0 529 58 146 198 271 101 522 344 117 216 
440 149 103 0 348 464 151 348 165 455 395 523 172 
238 80 446 497 0 372 416 467 78 325 241 379 83 
344 200 499 413 191 0 381 145 174 158 391 65 188 
403 354 314 134 421 65 0 148 269 88 145 465 210 
230 140 347 230 554 234 525 0 307 169 465 289 499 
50 312 97 357 452 559 114 559 0 189 237 253 325 
514 351 63 437 179 230 111 209 298 0 497 415 500 
269 373 134 234 82 461 60 508 467 102 0 228 559 
127 488 550 308 400 345 137 313 516 173 53 0 483 
484 101 269 175 184 472 201 470 521 233 222 53 0 

e''[i][j]=
0 550 442 448 494 448 77 229 423 426 474 130 171 102 408 273 402 529 52 272 122 522 434 140 121 398 64 390 331 157 427 389 522 335 377 297 270 68 255 
145 0 320 452 262 73 300 125 213 413 553 406 359 303 526 228 494 488 304 70 289 127 115 334 534 155 185 553 386 229 62 283 143 449 279 192 107 467 56 
537 322 0 136 256 85 219 137 527 323 391 199 75 227 253 179 364 162 231 227 340 225 193 470 230 446 293 348 360 326 149 434 258 512 207 454 516 121 274 
389 263 182 0 158 272 438 77 300 294 303 291 59 364 419 186 156 507 512 109 197 543 249 429 508 319 387 505 448 154 463 341 319 140 353 136 216 548 73 
205 307 132 560 0 115 274 449 319 462 407 466 239 225 512 99 137 64 288 88 388 64 400 192 415 554 447 471 523 157 339 221 118 507 115 179 207 226 252 
216 139 251 358 414 0 533 472 351 409 220 494 281 510 127 356 395 295 317 441 336 74 389 518 174 161 121 427 530 500 343 209 272 548 120 538 54 72 275 
232 268 159 422 237 260 0 68 443 270 270 133 514 133 553 123 115 377 448 286 334 398 114 521 365 408 560 255 213 122 62 230 285 225 197 104 83 72 252 
265 350 131 189 66 258 257 0 52 432 279 135 158 212 280 285 339 511 452 355 523 286 302 107 128 274 166 407 55 210 489 388 552 366 244 151 161 276 330 
325 292 80 204 432 75 456 100 0 427 421 339 87 104 513 216 143 176 464 114 127 560 412 157 477 346 399 198 377 281 300 212 295 494 377 93 459 108 384 
333 348 294 493 464 557 102 525 387 0 195 288 135 109 327 308 432 455 553 95 435 348 170 402 350 266 401 334 277 95 394 204 323 162 481 182 504 280 113 
363 559 543 165 208 555 491 534 450 94 0 256 61 108 74 269 152 184 407 468 132 82 221 370 348 532 118 284 327 253 155 218 429 395 316 397 366 475 463 
520 159 443 198 91 380 541 352 257 50 236 0 531 418 152 113 501 329 390 61 363 75 325 48 194 354 519 409 187 139 152 469 305 279 435 154 152 188 401 
197 105 265 384 208 545 197 457 198 340 203 529 0 212 451 319 53 109 528 257 352 432 388 227 172 306 294 350 538 272 274 368 265 520 95 115 534 193 377 
246 114 165 506 49 472 550 48 119 481 49 217 368 0 149 263 359 392 351 314 86 428 496 283 78 498 150 443 379 110 402 476 480 240 503 327 489 372 307 
336 457 374 395 256 398 322 457 62 457 341 386 364 264 0 399 294 327 132 305 444 209 555 247 334 548 152 347 499 148 344 458 498 526 213 323 195 104 384 
402 338 238 504 180 354 210 469 543 363 262 336 105 226 53 0 349 96 109 141 441 394 95 155 406 459 457 120 135 501 371 359 129 385 559 472 72 287 381 
414 371 209 303 516 560 64 342 451 176 197 446 73 60 423 215 0 498 122 460 474 529 49 247 383 329 283 517 207 550 474 268 503 509 130 157 421 194 533 
149 186 172 346 370 316 293 352 284 546 133 322 523 547 476 219 197 0 224 511 397 156 101 392 134 58 519 373 527 492 104 387 68 309 371 195 117 399 452 
553 446 57 175 259 135 488 135 358 447 55 119 86 144 130 487 204 296 0 82 549 105 87 335 290 394 235 441 144 530 550 131 444 59 59 262 428 199 435 
57 220 219 478 153 485 136 334 150 385 434 486 379 242 389 274 114 129 356 0 499 253 285 58 208 524 514 275 48 274 261 506 287 61 107 311 289 429 186 
472 178 87 156 551 170 356 445 442 255 559 253 501 76 372 111 97 205 340 105 0 119 371 485 105 422 462 531 489 146 558 69 540 290 250 375 522 151 539 
557 271 381 295 457 417 527 522 530 351 553 92 212 376 407 525 457 502 418 59 283 0 509 166 407 346 135 81 452 184 445 148 65 100 74 524 507 499 228 
246 491 244 396 163 353 181 76 80 274 120 117 505 162 261 474 459 354 210 437 490 552 0 156 524 149 188 502 438 161 486 374 312 298 113 84 94 208 485 
557 403 342 165 557 361 512 388 410 152 339 209 132 131 466 185 488 87 390 210 244 328 388 0 457 482 421 183 367 530 251 98 517 484 445 142 76 132 205 
216 451 446 362 468 304 556 461 261 558 226 385 96 297 106 348 83 342 412 342 299 518 546 127 0 401 288 495 376 406 188 454 387 434 370 395 253 506 313 
170 461 123 98 456 350 93 260 509 214 211 482 274 154 122 377 249 346 247 442 222 522 195 143 449 0 298 238 315 122 510 104 305 370 502 480 507 111 338 
230 185 286 515 409 65 456 490 247 57 438 465 305 416 222 75 153 77 267 157 504 163 431 150 410 386 0 176 529 251 332 171 178 486 51 125 535 81 110 
497 549 130 188 238 254 178 318 455 246 153 332 280 472 322 109 295 65 188 531 132 332 356 110 275 463 93 0 149 136 310 245 514 67 64 457 150 366 551 
474 253 49 67 142 512 465 100 184 154 305 336 71 354 395 532 515 327 165 378 55 225 544 490 225 526 535 377 0 162 214 92 431 544 49 258 336 284 371 
470 372 542 386 244 466 155 420 132 429 554 155 299 263 53 189 455 275 124 410 246 239 526 238 70 119 424 102 549 0 213 127 366 72 523 316 288 494 437 
425 359 362 283 150 219 391 421 249 111 490 241 248 206 104 393 344 204 51 352 150 175 74 76 192 460 485 150 342 268 0 138 171 75 213 471 258 210 277 
56 484 170 348 347 212 292 258 355 238 390 501 528 275 471 89 458 396 373 502 322 93 234 476 113 100 234 195 139 279 496 0 443 129 395 554 517 489 372 
453 548 162 242 409 104 313 525 172 118 322 143 490 458 219 77 290 378 544 152 515 426 337 450 147 537 289 546 91 476 400 459 0 496 523 132 264 453 407 
324 547 90 252 492 346 376 142 75 235 87 235 147 402 506 477 210 200 208 65 100 514 403 170 393 389 306 436 133 424 219 479 510 0 246 187 500 196 229 
537 220 297 52 366 513 439 293 129 558 268 429 177 369 437 246 353 142 528 367 140 233 121 360 321 104 259 536 338 70 483 230 445 385 0 261 232 516 62 
443 501 380 542 410 483 270 427 298 138 514 244 57 478 213 123 233 178 162 70 258 115 554 442 248 392 190 115 289 183 125 440 215 121 137 0 321 84 381 
392 323 146 400 126 477 128 425 101 63 474 119 392 62 482 410 313 470 550 382 220 164 477 559 518 345 272 261 245 101 349 115 446 323 53 505 0 170 536 
371 537 147 273 53 489 258 479 77 399 152 215 506 550 337 88 48 457 519 432 493 274 554 239 181 206 348 145 399 541 492 422 555 268 518 166 463 0 263 
156 131 490 51 170 168 503 110 474 195 111 242 397 202 227 204 343 507 100 253 514 106 335 292 402 148 325 333 463 69 49 459 417 56 391 533 304 110 0 

e'''[i][j]=
0 486 180 213 66 416 273 191 520 52 553 261 374 246 508 268 
526 0 531 434 393 232 386 171 189 334 133 287 231 176 405 109 
425 299 0 435 170 248 391 427 431 486 159 429 143 331 380 66 
311 72 92 0 164 320 302 291 307 163 358 106 138 183 553 155 
435 369 249 331 0 271 507 455 484 317 320 112 383 191 279 425 
489 376 440 268 508 0 359 111 157 191 333 173 393 485 423 192 
510 280 388 84 147 67 0 363 330 66 213 111 510 523 382 143 
478 149 514 513 517 299 415 0 48 474 542 146 159 459 324 380 
152 149 342 172 171 151 340 272 0 237 519 517 226 126 231 547 
243 244 235 151 547 465 252 108 0 0 146 430 69 512 316 257 
254 394 508 549 312 123 333 332 315 405 0 338 477 73 497 61 
226 413 324 280 482 387 91 292 469 405 557 0 377 195 352 283 
73 161 120 174 262 414 348 158 134 326 379 324 0 232 381 383 
240 315 396 261 350 314 106 249 329 553 289 215 503 0 307 540 
560 195 225 330 191 547 303 342 538 201 334 277 137 63 0 272 
465 375 304 107 54 559 542 102 541 172 383 162 461 302 212 0 

t'[i][j]=
0 69 61 177 90 107 68 182 193 46 56 193 119 
59 0 134 104 149 41 173 35 185 53 97 178 51 
194 37 0 31 160 86 55 152 126 135 28 144 59 
21 167 56 0 198 78 107 36 134 75 109 95 34 
141 193 111 83 0 188 147 72 183 168 78 131 70 
139 180 190 66 159 0 26 167 139 20 44 79 45 
187 176 53 101 93 178 0 131 79 45 197 141 79 
148 145 43 27 100 131 47 0 179 135 103 93 134 
38 164 172 93 37 94 20 155 0 78 67 120 39 
127 33 148 170 34 51 167 39 110 0 64 114 39 
107 127 138 62 116 79 197 93 111 200 0 178 37 
132 77 32 58 32 46 140 116 84 190 95 0 57 
28 80 180 97 192 185 112 122 72 51 73 70 0 

t''[i][j]=
0 91 140 168 132 149 47 50 23 31 176 58 139 195 172 104 95 107 44 163 81 110 156 45 149 64 162 150 180 102 169 152 119 192 176 64 105 76 61 
25 0 56 149 21 146 187 97 182 184 22 109 182 49 145 163 90 196 171 62 61 101 56 52 104 38 146 25 41 105 180 92 179 33 165 200 99 113 194 
184 187 0 185 43 192 155 182 183 97 175 22 120 129 116 91 20 145 135 135 77 78 73 64 192 158 44 26 190 84 116 40 131 53 77 175 175 168 41 
59 110 60 0 126 156 62 182 34 123 82 43 191 133 125 133 93 49 56 27 67 197 94 101 27 56 165 144 149 41 113 193 187 134 118 58 118 22 131 
133 109 168 58 0 55 29 143 172 145 94 91 158 97 177 127 147 107 85 149 47 37 84 171 70 155 167 102 152 24 151 52 124 25 72 195 70 69 84 
101 91 136 79 182 0 65 113 89 168 126 58 151 134 136 189 22 104 123 159 59 141 185 106 41 138 164 59 129 166 164 115 145 122 54 131 163 151 54 
184 43 29 55 125 182 0 51 147 61 184 117 131 186 173 134 137 95 188 199 25 37 184 124 144 45 97 45 200 184 127 94 32 181 36 156 39 84 143 
43 90 99 140 109 181 83 0 185 141 165 95 31 191 73 199 45 133 198 45 92 40 86 64 107 192 21 132 50 189 105 134 179 81 133 177 108 134 29 
171 23 150 200 20 26 121 56 0 148 157 46 70 69 58 166 46 98 181 146 38 199 85 42 163 154 76 66 190 99 179 141 65 37 134 118 72 138 27 
112 141 44 198 26 175 91 180 163 0 70 200 63 69 37 90 159 90 57 99 146 41 198 20 30 161 154 112 162 126 105 67 133 96 92 94 86 80 182 
186 102 197 122 198 45 174 117 147 60 0 59 122 57 155 166 121 183 91 128 96 191 115 191 149 94 176 38 71 135 127 147 84 29 174 194 45 102 126 
50 120 136 105 87 124 173 183 129 120 102 0 186 117 118 36 140 112 44 150 185 149 144 129 139 166 94 184 116 126 119 29 151 198 144 37 138 181 71 
73 125 189 120 142 157 56 61 113 35 108 155 0 58 127 78 78 197 21 53 26 66 88 120 149 191 102 86 106 63 199 45 73 25 142 159 158 39 39 
170 143 80 140 25 22 99 175 145 38 138 110 160 0 165 101 157 191 165 154 96 193 95 91 150 144 74 127 101 188 149 87 110 200 132 43 113 49 49 
33 149 117 89 135 32 200 165 130 162 152 92 123 83 0 134 189 102 133 64 97 150 59 67 152 122 147 167 92 181 127 166 35 192 152 66 59 32 67 
48 185 199 193 70 128 61 143 120 176 169 84 43 39 85 0 127 176 112 33 165 117 157 91 110 109 61 175 51 184 56 176 69 20 158 144 28 81 189 
122 132 116 192 158 83 129 149 49 86 198 137 163 150 103 125 0 118 118 159 159 187 200 144 143 111 92 134 97 30 34 181 100 31 63 145 158 86 141 
197 108 67 198 64 122 25 149 115 29 197 93 139 164 81 59 33 0 99 99 109 29 21 134 31 73 90 38 31 85 48 77 114 65 79 45 178 143 103 
56 64 194 102 131 146 49 135 183 177 45 164 69 132 179 30 198 200 0 137 176 172 80 53 49 55 169 24 107 185 60 57 191 40 148 144 177 87 189 
189 129 130 175 84 149 169 50 119 153 50 47 88 134 149 65 96 179 183 0 31 171 154 128 34 50 58 78 135 70 200 167 86 116 126 113 175 86 150 
95 155 171 191 40 176 152 112 140 53 85 87 146 139 82 161 150 32 179 20 0 185 51 33 137 127 139 30 177 42 36 26 120 34 157 177 70 157 30 
36 61 164 174 156 142 173 153 25 25 164 127 113 91 106 200 58 172 118 79 142 0 47 79 61 168 57 155 135 161 152 174 46 20 193 47 54 44 20 
66 170 69 139 74 180 61 119 20 139 188 56 87 58 152 183 191 200 23 87 107 199 0 56 30 154 49 148 101 62 58 40 89 165 146 67 198 100 189 
199 132 24 115 136 130 156 83 63 166 107 57 86 82 42 181 28 149 131 169 93 82 116 0 23 66 57 51 159 27 106 185 119 138 193 162 149 22 122 
128 173 94 106 171 125 43 187 72 33 151 70 180 52 51 117 187 129 68 48 186 188 123 107 0 57 148 25 22 172 106 64 37 148 98 171 98 122 52 
158 151 58 146 146 72 73 107 199 68 81 84 58 119 158 154 172 100 136 42 71 198 47 110 79 0 176 25 152 153 164 46 191 119 78 187 60 126 47 
183 78 109 38 75 145 102 96 43 61 38 195 195 30 176 113 174 171 85 180 179 64 199 70 50 109 0 190 88 46 189 158 99 195 79 47 26 59 109 
124 89 161 48 73 126 21 128 192 176 121 87 145 183 56 152 107 118 161 152 80 163 46 97 185 111 93 0 172 200 103 61 50 156 110 116 195 130 170 
23 33 20 50 24 40 182 62 90 107 51 34 172 161 123 49 75 31 134 56 57 178 97 177 49 114 115 58 0 58 32 77 189 128 175 167 131 124 154 
43 20 39 151 67 78 38 161 191 110 195 194 161 194 52 68 108 53 184 71 68 119 193 56 55 46 40 91 66 0 140 56 107 199 171 200 150 77 21 
74 89 128 135 198 78 150 113 89 103 134 74 145 113 86 197 75 57 166 131 170 63 138 59 21 173 195 96 111 90 0 171 41 161 27 89 30 20 163 
81 57 62 115 192 133 117 147 145 66 144 76 174 141 180 115 99 99 73 48 111 124 34 48 82 154 117 111 91 169 43 0 200 126 137 67 48 171 167 
88 68 108 122 124 177 73 62 129 62 39 125 163 73 72 69 166 98 191 131 81 151 176 179 82 103 64 51 119 127 128 21 0 103 153 146 67 89 36 
76 160 180 67 179 194 57 154 195 67 155 161 165 105 24 135 79 177 83 133 160 141 59 82 173 85 155 198 130 132 108 66 136 0 141 83 141 54 91 
55 40 78 122 94 106 74 119 70 43 121 26 106 73 45 67 102 120 167 176 124 119 131 95 65 22 83 167 57 58 173 43 120 61 0 59 45 109 39 
136 199 156 133 20 69 141 57 197 161 45 32 192 52 200 53 200 101 195 43 45 23 67 102 80 116 67 165 179 177 44 127 132 73 28 0 195 184 190 
134 164 53 24 54 41 81 163 79 149 170 189 35 93 200 97 151 60 47 21 79 94 20 173 174 44 120 49 22 138 76 160 113 143 137 43 0 67 133 
128 114 27 172 118 127 116 76 130 28 74 199 120 125 152 192 130 192 53 81 37 145 165 66 65 115 69 49 137 159 29 34 114 68 112 98 199 0 194 
180 123 71 111 128 78 147 176 193 55 107 150 162 98 120 75 100 69 188 79 116 95 47 172 128 196 76 156 64 138 24 158 154 91 121 129 33 38 0 

t'''[i][j]=
0 67 37 92 175 88 112 106 94 138 28 71 153 53 180 60 
45 0 136 171 54 43 59 186 75 141 184 163 136 40 51 187 
27 80 0 25 146 62 39 171 69 35 183 96 95 76 98 191 
124 22 119 0 107 188 113 159 64 130 62 133 144 100 195 108 
94 135 77 194 0 106 180 69 66 70 56 128 91 181 187 76 
84 63 63 199 191 0 157 192 132 63 116 150 195 198 146 25 
124 34 87 56 81 36 0 53 50 188 60 20 79 25 168 37 
48 66 77 181 20 95 200 0 40 96 173 193 86 199 55 108 
22 111 164 108 173 132 22 156 0 79 73 43 120 36 153 128 
124 57 150 161 40 178 185 168 95 0 92 119 122 181 32 41 
107 159 165 104 129 196 105 92 198 54 0 52 120 28 140 138 
83 174 119 96 118 189 73 54 111 183 186 0 101 133 89 130 
152 66 177 32 59 194 150 79 40 176 96 125 0 58 93 22 
60 87 35 104 183 49 193 186 80 69 152 60 51 0 184 130 
80 111 166 118 77 47 117 151 66 28 82 63 31 58 0 78 
118 96 100 167 94 85 59 200 27 53 110 77 80 87 171 0 

d''[i][k]=
0 0 0 0 0 0 0 0 0 0 6 0 
0 0 0 0 0 0 0 0 0 7 1 0 
0 0 0 0 0 0 0 0 0 7 0 0 
0 0 0 0 0 0 0 0 0 7 0 0 
0 0 0 0 0 0 0 0 0 6 0 0 
0 0 0 0 0 0 0 0 5 1 0 0 
0 0 0 0 0 0 0 0 9 0 0 0 
0 0 0 0 0 0 7 0 0 0 0 0 
0 0 0 0 0 5 2 0 0 0 0 0 
0 0 0 0 0 7 0 0 0 0 0 0 
0 0 0 0 0 7 0 0 0 0 0 0 
0 0 0 0 0 5 0 0 0 0 0 0 
0 0 0 0 5 0 0 0 0 0 0 0 
0 0 0 0 6 0 0 0 0 0 0 0 
0 0 0 0 5 0 0 0 0 0 0 0 
0 0 0 0 6 0 0 0 0 0 0 0 
0 0 0 0 6 0 0 0 0 0 0 0 
0 0 5 1 0 0 0 0 0 0 0 0 
0 0 5 0 0 0 0 0 0 0 0 0 
0 0 6 0 0 0 0 0 0 0 0 0 
0 6 0 0 0 0 0 0 0 0 0 0 
0 6 0 0 0 0 0 0 0 0 0 0 
0 7 0 0 0 0 0 0 0 0 0 0 
3 5 0 0 0 0 0 0 0 0 0 0 
6 0 0 0 0 0 0 0 0 0 0 0 
6 0 0 0 0 0 0 0 0 0 0 0 
7 0 0 0 0 0 0 0 0 0 0 0 
6 0 0 0 0 0 0 0 0 0 0 0 
0 0 0 5 0 0 0 0 0 0 0 0 
0 0 0 5 0 0 0 0 0 0 0 0 
0 0 7 0 0 0 0 0 0 0 0 0 
0 0 0 3 0 0 0 4 0 0 0 0 
0 0 0 0 0 0 0 5 0 0 0 0 
0 0 0 0 0 0 2 6 0 0 0 0 
0 0 0 0 0 0 0 4 0 0 0 4 
0 0 0 0 0 0 0 0 0 0 0 10 
0 0 0 0 0 0 0 0 0 0 1 6 
0 0 0 0 0 0 0 0 0 0 7 0 

r''[i][k]=
0 0 0 0 0 0 0 0 0 0 0.18 0 
0 0 0 0 0 0 0 0 0 0.35 0.11 0 
0 0 0 0 0 0 0 0 0 0.28 0 0 
0 0 0 0 0 0 0 0 0 0.49 0 0 
0 0 0 0 0 0 0 0 0 0.72 0 0 
0 0 0 0 0 0 0 0 2.65 0.27 0 0 
0 0 0 0 0 0 0 0 5.31 0 0 0 
0 0 0 0 0 0 0.21 0 0 0 0 0 
0 0 0 0 0 2.9 0.02 0 0 0 0 0 
0 0 0 0 0 2.59 0 0 0 0 0 0 
0 0 0 0 0 6.09 0 0 0 0 0 0 
0 0 0 0 0 1.55 0 0 0 0 0 0 
0 0 0 0 2.15 0 0 0 0 0 0 0 
0 0 0 0 2.28 0 0 0 0 0 0 0 
0 0 0 0 2.3 0 0 0 0 0 0 0 
0 0 0 0 0.18 0 0 0 0 0 0 0 
0 0 0 0 0.72 0 0 0 0 0 0 0 
0 0 0.9 0.05 0 0 0 0 0 0 0 0 
0 0 0.3 0 0 0 0 0 0 0 0 0 
0 0 0.48 0 0 0 0 0 0 0 0 0 
0 0.72 0 0 0 0 0 0 0 0 0 0 
0 3.18 0 0 0 0 0 0 0 0 0 0 
0 1.47 0 0 0 0 0 0 0 0 0 0 
0.72 1.85 0 0 0 0 0 0 0 0 0 0 
0.06 0 0 0 0 0 0 0 0 0 0 0 
3.3 0 0 0 0 0 0 0 0 0 0 0 
1.05 0 0 0 0 0 0 0 0 0 0 0 
1.38 0 0 0 0 0 0 0 0 0 0 0 
0 0 0 0.45 0 0 0 0 0 0 0 0 
0 0 0 0.85 0 0 0 0 0 0 0 0 
0 0 0.21 0 0 0 0 0 0 0 0 0 
0 0 0 0.06 0 0 0 0.6 0 0 0 0 
0 0 0 0 0 0 0 0.45 0 0 0 0 
0 0 0 0 0 0 0.04 2.04 0 0 0 0 
0 0 0 0 0 0 0 0.6 0 0 0 0.64 
0 0 0 0 0 0 0 0 0 0 0 0.9 
0 0 0 0 0 0 0 0 0 0 0.02 0.24 
0 0 0 0 0 0 0 0 0 0 0.77 0 

p[k]=
0.02 0 0.01 0.01 0.04 0.05 0.04 0.05 0.05 0.01 0.05 0.05 

d'''[i][k]=
0 0 0 0 0 0 0 0 0 0 10 20 
0 0 0 0 0 0 0 0 0 0 5 0 
0 0 0 0 0 0 0 0 0 5 0 0 
0 0 0 0 0 0 0 0 0 5 0 0 
0 0 0 0 0 0 0 0 0 5 0 0 
0 0 0 0 0 0 0 0 0 5 0 0 
0 0 0 0 0 0 0 0 0 5 0 0 
0 0 0 0 0 0 0 0 2 3 0 0 
0 0 0 0 0 0 0 0 5 0 0 0 
0 0 0 0 0 0 2 19 7 0 0 0 
0 0 0 0 0 21 9 0 0 0 0 0 
0 0 0 0 27 3 0 0 0 0 0 0 
0 0 15 14 1 0 0 0 0 0 0 0 
0 22 8 0 0 0 0 0 0 0 0 0 
28 2 0 0 0 0 0 0 0 0 0 0 

r'''[i][k]=
0 0 0 0 0 0 0 0 0 0 0.6 4.8 
0 0 0 0 0 0 0 0 0 0 0.85 0 
0 0 0 0 0 0 0 0 0 2.35 0 0 
0 0 0 0 0 0 0 0 0 1.9 0 0 
0 0 0 0 0 0 0 0 0 3.4 0 0 
0 0 0 0 0 0 0 0 0 0.4 0 0 
0 0 0 0 0 0 0 0 0 2.3 0 0 
0 0 0 0 0 0 0 0 0.32 0.81 0 0 
0 0 0 0 0 0 0 0 0.75 0 0 0 
0 0 0 0 0 0 0.22 1.14 1.05 0 0 0 
0 0 0 0 0 6.51 1.17 0 0 0 0 0 
0 0 0 0 9.99 1.59 0 0 0 0 0 0 
0 0 5.1 0.28 0.43 0 0 0 0 0 0 0 
0 7.48 2.48 0 0 0 0 0 0 0 0 0 
0.28 0.02 0 0 0 0 0 0 0 0 0 0 
