|S|=4
|R|=6
|O|=5
|V|=10
q=70
c=1
Tmax=960
H=1000

e'[i][j]=
0 71 271 326 254 
359 0 381 499 431 
379 503 0 468 227 
391 100 58 0 376 
340 131 58 275 0 

e''[i][j]=
0 413 133 264 336 354 449 
202 0 447 205 88 451 88 
326 145 0 330 410 75 227 
200 509 237 0 510 364 308 
192 523 507 383 0 256 213 
296 99 144 202 57 0 62 
504 283 284 300 233 141 0 

e'''[i][j]=
0 238 396 212 494 489 
262 0 408 160 532 314 
69 338 0 340 365 504 
235 124 455 0 288 517 
448 454 108 67 0 172 
528 368 383 111 137 0 

t'[i][j]=
0 69 166 33 158 
118 0 73 182 84 
176 113 0 43 76 
48 28 34 0 62 
189 158 125 45 0 

t''[i][j]=
0 115 193 71 79 165 43 
126 0 41 158 171 195 143 
115 86 0 198 44 168 173 
100 174 75 0 66 80 67 
125 189 188 143 0 176 21 
116 45 134 69 93 0 112 
105 29 46 182 138 156 0 

t'''[i][j]=
0 68 132 197 131 138 
167 0 184 96 91 104 
146 199 0 123 193 175 
47 58 73 0 142 182 
28 35 59 192 0 98 
87 121 88 193 152 0 

d''[i][k]=
0 12 3 0 
5 22 0 0 
13 0 0 0 
20 0 0 0 
0 0 0 18 
0 0 6 5 

r''[i][k]=
0 0.24 0.42 0 
0.35 11.88 0 0 
10.66 0 0 0 
1.6 0 0 0 
0 0 0 7.38 
0 0 2.76 0.5 

p[k]=
0.02 0.01 0.04 0.04 

d'''[i][k]=
0 0 7 23 
0 22 2 0 
0 10 0 0 
8 2 0 0 
30 0 0 0 

r'''[i][k]=
0 0 2.17 5.98 
0 5.5 0.22 0 
0 2.3 0 0 
3.36 0 0 0 
1.2 0 0 0 
