|S|=4
|R|=6
|O|=5
|V|=10
q=70
c=1
Tmax=960
H=1000

e'[i][j]=
0 182 316 388 393 
188 0 129 209 102 
548 531 0 188 150 
391 343 416 0 180 
291 282 148 471 0 

e''[i][j]=
0 212 474 229 68 545 437 
218 0 538 389 520 200 126 
377 256 0 559 386 520 144 
134 460 180 0 373 432 373 
515 399 276 296 0 245 440 
514 372 87 299 387 0 109 
308 251 101 544 297 172 0 

e'''[i][j]=
0 122 316 201 510 397 
110 0 498 176 135 551 
122 127 0 472 318 87 
401 103 204 0 90 284 
161 308 297 428 0 129 
167 347 505 461 390 0 

t'[i][j]=
0 83 89 21 124 
111 0 80 72 195 
110 168 0 123 77 
178 68 161 0 128 
199 144 60 177 0 

t''[i][j]=
0 96 148 77 69 135 88 
146 0 72 95 32 129 32 
174 69 0 126 123 22 133 
25 47 181 0 123 31 30 
96 146 160 56 0 35 99 
184 117 49 173 112 0 100 
63 71 127 124 123 91 0 

t'''[i][j]=
0 119 139 147 151 134 
104 0 94 74 171 20 
24 121 0 119 20 47 
60 65 153 0 26 130 
59 194 193 145 0 153 
30 186 32 77 119 0 

d''[i][k]=
0 0 10 5 
0 0 14 0 
1 6 12 0 
22 0 0 0 
0 0 0 22 
0 0 0 17 

r''[i][k]=
0 0 1.5 0.55 
0 0 0.14 0 
0.38 4.68 1.68 0 
1.76 0 0 0 
0 0 0 2.2 
0 0 0 2.55 

p[k]=
0.04 0.01 0.01 0.02 

d'''[i][k]=
0 0 0 24 
0 0 4 20 
0 0 13 0 
0 5 19 0 
23 1 0 0 

r'''[i][k]=
0 0 0 2.4 
0 0 1.04 4 
0 0 7.41 0 
0 0.9 5.32 0 
2.99 0.17 0 0 
