|S|=12
|R|=38
|O|=15
|V|=30
q=150
c=1
Tmax=960
H=1000

e'[i][j]=
0 516 111 118 261 471 252 380 93 289 208 218 244 
69 0 432 454 106 528 432 151 250 311 476 554 238 
403 549 0 114 236 334 200 76 157 216 148 558 534 
209 158 424 0 306 540 347 311 137 286 132 445 417 
488 167 553 154 0 291 511 73 500 171 146 152 310 
210 157 470 499 507 0 147 179 397 173 398 283 293 
142 49 255 487 477 137 0 249 205 539 491 124 236 
267 430 242 408 496 210 48 0 384 399 267 469 464 
216 187 392 390 414 303 517 391 0 234 165 389 157 
361 376 196 162 263 85 206 330 560 0 365 148 499 
478 473 83 401 383 424 448 352 243 332 0 275 168 
211 515 189 62 503 142 446 555 133 305 441 0 378 
451 344 200 216 511 313 249 330 455 88 134 257 0 

e''[i][j]=
0 354 252 417 469 521 387 463 105 491 298 342 531 260 426 277 555 504 304 538 319 436 338 165 194 224 472 125 268 187 314 79 56 345 250 296 260 131 412 
531 0 234 55 442 471 399 428 550 333 165 307 214 78 503 149 172 488 201 396 107 516 452 221 78 417 242 174 501 222 423 229 432 252 227 230 481 167 447 
113 423 0 477 401 265 373 264 366 309 92 62 205 406 303 361 539 472 139 347 80 119 281 495 380 56 256 486 297 248 278 506 51 198 174 423 267 449 95 
166 549 492 0 486 432 341 435 93 529 310 120 69 125 460 324 165 326 52 132 168 376 57 393 451 158 353 350 520 81 192 182 171 297 328 232 269 512 156 
152 128 101 444 0 259 49 119 383 441 270 282 499 503 546 409 221 198 156 334 80 365 81 197 214 338 180 133 70 389 192 321 156 102 234 303 303 359 110 
490 158 216 307 174 0 113 540 363 217 247 446 80 533 476 535 97 462 349 368 474 53 99 334 106 106 443 446 371 74 84 154 503 414 90 275 557 151 227 
138 346 398 398 53 297 0 280 436 436 93 322 544 222 513 486 246 470 150 81 556 313 214 86 223 187 426 397 84 97 380 353 163 483 151 397 528 347 171 
324 113 229 113 304 255 290 0 177 420 210 265 188 237 524 334 450 556 175 131 393 345 67 484 487 306 292 556 321 152 257 87 125 455 395 106 501 249 479 
326 118 443 406 137 234 51 215 0 93 107 531 298 336 148 144 263 320 187 394 163 288 273 138 428 126 119 354 540 120 309 552 86 555 154 201 236 146 205 
473 357 486 323 312 489 85 151 81 0 164 560 315 218 320 291 90 359 168 386 442 423 389 242 367 343 98 454 240 148 430 544 249 280 197 155 443 548 128 
231 135 102 97 92 88 520 409 485 215 0 407 475 380 79 326 523 284 225 324 244 150 269 420 527 233 266 486 50 127 228 502 345 188 540 431 91 238 259 
173 152 392 507 270 219 124 379 519 359 284 0 267 475 280 267 324 516 389 206 260 173 515 529 348 420 74 187 74 168 167 246 285 81 58 183 455 553 157 
134 350 113 196 329 300 352 327 303 341 198 411 0 177 548 514 70 415 458 71 138 253 410 152 144 519 540 70 544 403 498 95 271 495 236 149 509 291 167 
519 219 437 229 244 148 527 94 65 547 292 152 430 0 167 110 340 386 256 450 422 309 366 196 109 99 346 505 498 343 495 505 211 127 125 533 382 263 482 
173 155 541 548 248 272 215 174 462 92 258 249 53 409 0 260 338 316 492 198 221 495 227 209 318 435 324 465 460 334 103 472 135 541 534 55 560 201 396 
340 172 450 418 558 443 319 288 520 401 546 458 246 107 49 0 191 123 318 361 89 369 130 162 259 464 203 63 502 102 411 398 356 183 257 60 336 272 538 
100 110 485 176 305 351 429 398 430 342 394 127 560 443 324 92 0 79 209 273 148 370 492 94 64 55 194 465 145 267 83 385 294 533 465 204 323 231 433 
276 183 190 434 494 61 292 432 262 49 265 543 373 398 554 160 108 0 476 296 129 379 74 97 100 52 448 500 119 98 384 336 69 112 317 378 349 168 225 
543 428 75 550 415 463 107 424 542 310 330 504 541 479 551 103 253 450 0 344 530 206 220 79 505 388 457 188 505 176 398 476 555 142 510 176 171 298 502 
178 175 365 122 433 119 60 442 312 498 261 281 238 503 341 341 496 424 257 0 120 60 372 427 94 284 158 125 496 253 221 433 443 156 125 552 310 229 114 
207 81 129 377 328 311 265 144 396 73 160 100 245 59 491 140 246 111 449 406 0 142 300 157 481 321 551 523 181 546 55 515 394 443 128 154 321 453 440 
139 381 135 124 211 77 295 264 396 379 359 258 468 464 409 320 301 152 448 191 297 0 242 105 177 193 492 418 153 158 536 93 150 135 433 373 367 300 215 
198 509 190 466 268 263 190 289 397 124 160 216 423 474 465 539 552 254 384 328 485 92 0 443 306 108 275 156 130 366 540 221 199 363 434 109 471 539 302 
287 487 536 458 98 236 363 503 143 463 527 126 252 395 414 242 535 62 435 277 212 452 356 0 247 64 215 178 265 468 383 151 507 494 379 310 538 458 409 
295 164 313 539 548 503 337 165 181 105 150 378 314 386 455 477 92 505 425 202 373 67 464 534 0 328 497 198 257 137 376 195 535 447 145 147 246 557 225 
156 229 286 110 134 455 185 316 71 202 336 64 334 449 359 430 285 300 292 435 223 529 259 505 226 0 473 335 296 324 83 233 544 209 322 243 197 558 161 
59 386 407 355 289 292 49 198 545 308 166 289 184 502 249 192 343 85 480 248 333 158 101 246 269 503 0 417 247 135 167 504 298 480 89 276 538 267 419 
269 95 247 205 60 277 61 157 296 259 488 393 155 472 68 417 274 375 96 56 370 413 74 480 79 449 250 0 91 335 345 490 494 507 475 360 72 366 261 
549 527 246 146 415 457 387 382 137 300 439 55 419 267 439 132 526 61 370 306 489 274 328 113 293 489 184 479 0 303 400 382 515 475 425 109 321 137 515 
407 522 104 475 135 305 95 274 554 103 252 549 164 458 221 76 525 490 463 531 279 235 330 491 394 253 171 516 123 0 425 546 132 114 56 108 228 171 545 
292 418 451 466 139 374 477 111 316 49 286 431 179 242 177 351 334 485 186 384 471 159 119 83 51 556 446 548 251 480 0 478 67 82 131 451 110 208 112 
134 227 168 383 451 235 111 76 265 523 477 312 429 514 560 304 347 83 303 222 401 368 403 515 495 490 340 543 166 438 384 0 409 158 383 81 118 201 164 
503 350 217 393 179 254 366 115 399 495 476 110 373 370 205 237 343 337 338 186 483 527 222 539 503 238 398 547 165 415 182 395 0 138 54 207 80 150 490 
50 484 341 105 79 302 223 448 483 427 209 289 494 227 162 234 448 466 532 91 288 423 156 230 485 401 54 345 212 224 334 521 332 0 167 188 429 558 486 
140 486 204 455 292 254 516 312 463 486 453 168 72 422 162 53 422 497 251 280 383 498 221 136 381 83 128 362 161 243 538 173 258 60 0 465 274 304 126 
540 72 208 57 379 534 421 450 135 385 496 135 453 359 150 465 415 515 83 377 377 518 336 110 71 89 491 441 138 101 535 271 361 530 534 0 355 319 554 
253 146 120 410 201 74 355 404 296 470 76 347 380 117 448 272 441 329 510 74 394 99 460 235 530 306 448 192 55 377 545 208 195 54 110 310 0 519 164 
540 310 294 217 541 289 476 163 551 88 216 208 111 432 542 69 519 408 557 81 171 342 409 228 542 494 236 380 424 524 405 487 212 344 495 481 402 0 127 
61 197 387 473 178 141 125 308 150 458 344 108 268 472 542 453 305 331 313 218 415 221 204 269 492 547 48 473 320 537 372 485 332 80 184 290 399 237 0 

e'''[i][j]=
0 386 62 250 126 274 442 99 237 253 280 308 433 374 216 542 
166 0 100 290 463 109 403 404 282 535 296 392 456 258 183 441 
550 519 0 520 524 497 73 275 107 103 354 466 445 192 475 346 
480 123 408 0 347 532 548 284 141 257 333 197 530 157 169 64 
531 413 544 68 0 106 339 321 273 458 490 446 297 316 438 147 
113 560 398 181 276 0 221 146 151 112 544 263 529 53 130 141 
242 522 435 343 339 321 0 170 523 532 181 127 289 186 345 223 
360 138 517 169 334 147 391 0 285 544 518 425 369 282 348 559 
547 442 526 352 78 134 413 435 0 330 212 241 518 128 219 340 
354 444 293 428 286 439 124 529 0 0 381 467 423 413 62 84 
243 80 50 82 166 274 149 386 556 427 0 217 198 100 189 439 
353 172 476 511 484 495 98 462 85 544 222 0 373 146 508 167 
319 139 500 526 233 341 449 109 560 391 330 295 0 525 198 338 
510 519 73 166 356 322 136 156 447 521 423 212 202 0 292 239 
193 421 389 436 474 330 387 70 237 341 172 70 506 295 0 91 
366 560 58 145 166 519 271 446 374 289 422 532 405 315 281 0 

t'[i][j]=
0 187 146 181 27 44 24 36 57 20 160 91 131 
55 0 95 30 25 45 131 44 147 111 174 106 60 
92 138 0 160 48 137 140 73 47 146 20 196 150 
130 23 61 0 180 157 128 184 157 193 181 192 53 
71 160 89 22 0 151 60 47 117 171 68 65 29 
65 88 162 54 61 0 94 54 83 35 94 39 169 
198 108 30 143 29 172 0 124 68 134 197 106 131 
63 86 199 200 143 90 38 0 111 152 25 144 127 
65 78 128 169 72 131 154 54 0 151 60 186 78 
106 192 27 169 154 90 57 168 52 0 197 137 122 
147 168 41 146 64 150 123 179 122 73 0 135 56 
54 52 92 47 52 137 93 140 100 150 109 0 87 
156 157 192 105 56 161 78 109 189 67 60 104 0 

t''[i][j]=
0 188 24 185 184 154 96 20 148 181 63 107 32 200 72 95 63 194 52 141 31 174 97 144 110 107 102 72 105 48 171 86 120 97 110 44 166 134 61 
97 0 78 147 123 96 102 66 36 181 118 55 116 190 50 100 131 117 119 199 116 60 183 21 86 30 31 172 130 34 108 91 44 69 131 166 20 179 153 
35 107 0 170 78 167 91 160 82 127 22 191 46 154 171 60 165 75 83 152 106 190 152 134 31 126 60 145 102 36 23 66 62 148 78 111 81 59 30 
106 67 124 0 183 161 101 124 99 145 66 64 53 172 196 154 45 133 68 127 66 27 187 164 172 102 113 68 131 123 46 152 44 22 109 122 120 165 47 
183 162 187 82 0 23 183 144 154 57 62 77 148 199 97 89 183 142 62 125 120 100 64 107 180 141 138 54 148 123 83 62 155 148 62 122 60 74 88 
177 178 28 180 33 0 159 51 62 178 166 155 98 178 156 180 50 26 105 74 108 74 129 107 21 65 35 25 46 52 163 99 158 37 190 99 124 94 188 
79 26 197 188 149 195 0 46 76 128 140 123 147 129 148 77 71 89 156 62 174 85 23 141 109 100 96 38 160 106 94 120 155 200 84 81 72 166 120 
200 146 109 124 48 135 50 0 128 154 27 47 165 63 103 32 114 42 146 62 81 23 200 32 174 196 64 62 187 87 101 194 180 28 145 138 27 88 161 
135 168 130 47 76 184 39 189 0 28 101 173 170 81 118 142 144 91 132 72 72 169 191 21 48 36 118 165 144 69 78 196 151 55 96 78 81 199 20 
51 170 133 157 105 42 169 155 180 0 82 147 43 36 163 89 151 27 191 198 150 127 132 148 156 34 32 137 63 74 131 107 34 103 67 76 115 89 108 
46 148 173 46 181 121 169 125 73 68 0 88 75 51 174 76 155 69 98 60 138 188 54 136 136 25 76 174 85 59 157 179 32 183 149 155 106 65 129 
121 158 181 96 26 118 131 27 186 28 33 0 31 194 101 172 175 186 140 131 70 23 29 61 176 149 162 191 126 179 137 69 116 91 50 169 73 68 39 
198 38 109 47 95 180 155 106 22 169 167 125 0 149 139 126 22 40 23 149 198 60 150 39 184 32 125 32 145 143 52 84 151 173 161 84 81 79 109 
184 26 74 44 26 55 113 189 45 155 32 76 178 0 55 147 110 162 92 127 176 191 64 40 29 77 55 34 180 61 124 36 37 59 63 34 77 157 59 
59 93 79 78 28 97 27 186 199 36 198 55 128 123 0 108 185 135 95 132 106 165 108 31 90 20 63 80 153 124 156 165 82 172 167 23 144 74 138 
28 57 34 176 42 67 38 132 199 95 198 64 103 31 136 0 99 119 196 96 85 101 153 166 131 171 84 139 86 199 98 179 179 82 173 171 26 193 124 
36 136 28 186 133 114 31 164 126 64 39 152 169 30 180 155 0 189 85 171 95 184 47 74 169 38 191 140 90 192 122 40 37 50 54 88 104 155 159 
112 83 79 123 66 111 67 74 111 85 92 87 20 57 95 131 38 0 162 80 161 76 25 140 95 169 84 162 131 98 87 31 170 62 95 128 153 158 90 
149 200 52 162 47 122 97 97 83 150 51 85 67 74 89 91 65 177 0 103 65 164 158 77 127 147 171 191 45 53 69 118 96 72 198 162 159 54 77 
132 100 174 165 198 137 81 152 196 181 141 59 123 187 181 178 88 52 162 0 99 138 135 190 155 160 152 81 194 183 34 65 157 175 97 137 106 140 187 
134 143 79 103 68 150 188 120 188 169 61 156 84 127 57 120 199 97 97 49 0 35 34 67 123 24 198 170 68 45 134 166 34 86 182 144 23 150 83 
39 63 25 176 176 114 197 49 72 89 176 106 32 190 132 110 176 48 59 122 173 0 165 154 199 99 69 67 54 166 120 89 23 148 64 164 54 94 163 
111 152 102 31 157 73 50 109 184 114 194 43 108 47 181 164 49 122 161 157 135 39 0 196 23 76 152 41 155 73 111 198 91 109 174 179 126 118 109 
47 41 171 130 140 187 166 53 148 143 85 160 91 129 101 22 191 168 173 58 143 142 37 0 127 75 51 38 36 186 67 26 117 91 105 184 59 87 34 
65 133 67 52 50 187 69 31 76 106 21 85 93 45 110 54 58 61 116 89 133 109 101 146 0 121 140 32 108 151 158 79 89 90 153 174 104 195 146 
140 191 158 156 46 195 134 38 24 67 183 122 136 198 155 169 75 95 44 109 164 173 133 23 157 0 41 132 110 102 160 126 34 156 60 32 160 114 185 
173 92 44 58 154 191 186 170 75 48 56 67 87 28 109 85 110 196 95 70 87 163 161 100 164 143 0 29 179 104 58 62 108 91 68 165 42 74 189 
84 161 140 142 189 34 22 69 89 88 99 95 125 169 125 58 77 178 194 39 149 125 172 116 156 183 38 0 124 48 97 193 186 107 151 200 190 84 77 
41 188 74 99 62 151 64 70 127 189 49 40 195 21 112 192 55 96 78 79 198 45 126 123 73 38 48 124 0 173 42 42 191 181 106 172 133 197 144 
70 190 85 48 98 39 80 128 88 97 134 179 129 41 24 23 115 152 84 187 163 122 98 50 120 60 112 194 69 0 69 132 148 54 170 46 152 74 48 
175 50 125 154 190 156 66 32 199 82 73 67 138 155 120 193 193 94 163 78 44 199 134 65 192 172 76 107 41 30 0 60 119 68 138 80 48 66 48 
75 145 43 199 86 47 182 150 93 41 141 92 126 178 158 155 190 155 56 191 148 29 84 46 72 163 149 180 37 128 126 0 53 20 115 124 98 99 184 
167 185 75 73 200 29 175 27 140 81 123 187 109 137 106 66 77 82 130 176 129 116 59 132 83 159 164 64 128 194 173 74 0 157 103 43 123 127 88 
44 174 32 123 38 86 192 156 133 149 112 31 55 154 34 50 197 50 57 58 84 115 61 31 152 158 85 172 123 110 48 121 143 0 105 159 156 179 99 
195 58 121 177 164 50 108 184 102 58 82 182 164 55 186 124 45 178 192 148 127 33 184 143 196 24 22 66 127 182 28 157 177 192 0 53 76 51 48 
63 189 136 124 138 165 191 95 63 94 116 40 108 149 42 127 192 146 194 106 62 83 150 111 80 72 57 124 66 139 78 163 125 117 55 0 152 90 105 
31 173 112 61 25 67 40 122 20 29 120 131 156 91 58 133 106 94 88 54 79 75 193 75 121 135 153 28 69 159 41 82 30 143 169 23 0 132 105 
106 51 149 119 142 145 149 36 106 41 37 165 138 143 146 157 161 71 194 36 141 155 123 115 190 114 66 200 172 50 171 179 151 146 125 55 68 0 107 
34 131 186 24 182 45 48 155 49 23 181 42 114 39 56 135 80 114 114 94 148 114 172 101 85 55 71 63 122 93 187 101 199 114 136 88 110 74 0 

t'''[i][j]=
0 48 124 193 170 174 152 40 29 103 109 94 106 177 126 157 
119 0 43 186 45 53 25 71 87 67 95 114 64 34 76 167 
53 182 0 151 56 38 85 85 99 49 29 103 57 183 165 54 
44 134 25 0 133 26 172 189 81 112 41 105 81 27 90 155 
139 113 144 139 0 66 98 147 150 138 175 132 42 131 136 175 
25 131 145 92 135 0 135 77 184 96 98 31 162 103 140 169 
59 187 21 145 73 24 0 112 81 49 97 170 191 71 164 136 
166 64 149 40 21 98 128 0 40 125 139 165 198 189 39 153 
113 186 170 21 26 164 130 90 0 22 148 75 36 146 43 143 
131 74 178 184 174 197 173 103 130 0 152 64 73 62 174 32 
49 81 105 83 102 197 152 60 167 173 0 60 184 35 150 34 
191 51 79 120 66 26 76 171 178 68 92 0 103 36 23 180 
86 35 149 117 105 101 132 127 161 67 106 50 0 50 82 141 
173 165 44 158 32 144 131 39 197 111 53 59 196 0 92 69 
59 95 106 113 128 193 101 152 181 25 70 73 128 100 0 105 
166 33 99 98 166 37 25 149 49 108 56 162 125 125 127 0 

d''[i][k]=
0 0 0 0 0 0 0 0 0 0 0 8 
0 0 0 0 0 0 0 0 0 4 0 3 
0 0 0 0 0 0 0 0 0 9 0 0 
0 0 0 0 0 0 0 0 9 0 0 0 
0 0 0 0 0 0 0 0 6 0 0 0 
0 0 0 0 0 0 0 0 8 0 0 0 
0 0 0 0 0 0 0 2 4 0 0 0 
0 0 0 0 0 0 1 7 0 0 0 0 
0 0 0 0 0 0 8 0 0 0 0 0 
0 0 0 0 0 0 8 0 0 0 0 0 
0 0 0 0 0 2 4 0 0 0 0 0 
0 0 0 0 0 12 0 0 0 0 0 0 
0 0 0 0 0 9 0 0 0 0 0 0 
0 0 0 0 7 1 0 0 0 0 0 0 
0 0 0 0 8 0 0 0 0 0 0 0 
0 0 0 0 7 0 0 0 0 0 0 0 
0 0 0 0 6 0 0 0 0 0 0 0 
0 0 0 5 0 0 0 0 0 0 0 0 
0 0 1 4 0 0 0 0 0 0 0 0 
0 0 8 0 0 0 0 0 0 0 0 0 
0 6 1 0 0 0 0 0 0 0 0 0 
0 7 0 0 0 0 0 0 0 0 0 0 
0 6 0 0 0 0 0 0 0 0 0 0 
0 7 0 0 0 0 0 0 0 0 0 0 
8 0 0 0 0 0 0 0 0 0 0 0 
7 0 0 0 0 0 0 0 0 0 0 0 
5 0 0 0 0 0 0 0 0 0 0 0 
8 0 0 0 0 0 0 0 0 0 0 0 
0 0 0 7 0 0 0 0 0 0 0 0 
0 0 0 9 0 0 0 0 0 0 0 0 
0 0 8 0 0 0 0 0 0 0 0 0 
0 0 0 2 0 0 4 0 0 0 0 0 
0 0 0 0 0 0 0 8 0 0 0 0 
0 0 0 0 0 0 0 5 0 0 0 0 
0 0 0 0 0 0 0 5 0 0 0 0 
0 0 0 0 0 0 0 0 0 0 8 0 
0 0 0 0 0 0 0 0 0 0 6 0 
0 0 0 0 0 0 0 0 0 0 0 8 

r''[i][k]=
0 0 0 0 0 0 0 0 0 0 0 0.48 
0 0 0 0 0 0 0 0 0 1.28 0 0.54 
0 0 0 0 0 0 0 0 0 2.97 0 0 
0 0 0 0 0 0 0 0 3.42 0 0 0 
0 0 0 0 0 0 0 0 0.3 0 0 0 
0 0 0 0 0 0 0 0 2.64 0 0 0 
0 0 0 0 0 0 0 0.3 1 0 0 0 
0 0 0 0 0 0 0.2 6.23 0 0 0 0 
0 0 0 0 0 0 2 0 0 0 0 0 
0 0 0 0 0 0 1.92 0 0 0 0 0 
0 0 0 0 0 1.18 0.44 0 0 0 0 0 
0 0 0 0 0 3.48 0 0 0 0 0 0 
0 0 0 0 0 6.66 0 0 0 0 0 0 
0 0 0 0 5.53 0.13 0 0 0 0 0 0 
0 0 0 0 0.88 0 0 0 0 0 0 0 
0 0 0 0 0.91 0 0 0 0 0 0 0 
0 0 0 0 0.24 0 0 0 0 0 0 0 
0 0 0 0.1 0 0 0 0 0 0 0 0 
0 0 0.08 0.52 0 0 0 0 0 0 0 0 
0 0 0.08 0 0 0 0 0 0 0 0 0 
0 0.18 0.22 0 0 0 0 0 0 0 0 0 
0 0.28 0 0 0 0 0 0 0 0 0 0 
0 0.9 0 0 0 0 0 0 0 0 0 0 
0 3.22 0 0 0 0 0 0 0 0 0 0 
1.84 0 0 0 0 0 0 0 0 0 0 0 
0.14 0 0 0 0 0 0 0 0 0 0 0 
0.45 0 0 0 0 0 0 0 0 0 0 0 
0.24 0 0 0 0 0 0 0 0 0 0 0 
0 0 0 0.35 0 0 0 0 0 0 0 0 
0 0 0 2.7 0 0 0 0 0 0 0 0 
0 0 1.12 0 0 0 0 0 0 0 0 0 
0 0 0 0.46 0 0 1.44 0 0 0 0 0 
0 0 0 0 0 0 0 1.68 0 0 0 0 
0 0 0 0 0 0 0 0.2 0 0 0 0 
0 0 0 0 0 0 0 0.9 0 0 0 0 
0 0 0 0 0 0 0 0 0 0 0.96 0 
0 0 0 0 0 0 0 0 0 0 0.12 0 
0 0 0 0 0 0 0 0 0 0 0 0.72 

p[k]=
0.04 0.05 0.02 0.01 0.04 0 0.03 0.01 0.02 0.03 0.01 0.02 

d'''[i][k]=
0 0 0 0 0 0 0 0 0 0 11 19 
0 0 0 0 0 0 0 0 0 3 3 0 
0 0 0 0 0 0 0 0 20 10 0 0 
0 0 0 0 0 0 0 0 5 0 0 0 
0 0 0 0 0 0 0 3 2 0 0 0 
0 0 0 0 0 0 0 5 0 0 0 0 
0 0 0 0 0 0 0 5 0 0 0 0 
0 0 0 0 0 0 0 5 0 0 0 0 
0 0 0 0 0 0 0 5 0 0 0 0 
0 0 0 0 0 1 25 4 0 0 0 0 
0 0 0 0 7 23 0 0 0 0 0 0 
0 0 0 9 21 0 0 0 0 0 0 0 
0 0 12 18 0 0 0 0 0 0 0 0 
0 24 6 0 0 0 0 0 0 0 0 0 
28 2 0 0 0 0 0 0 0 0 0 0 

r'''[i][k]=
0 0 0 0 0 0 0 0 0 0 0.66 6.46 
0 0 0 0 0 0 0 0 0 0.81 0 0 
0 0 0 0 0 0 0 0 6.4 0.7 0 0 
0 0 0 0 0 0 0 0 2.05 0 0 0 
0 0 0 0 0 0 0 2.73 0.06 0 0 0 
0 0 0 0 0 0 0 2.75 0 0 0 0 
0 0 0 0 0 0 0 2.15 0 0 0 0 
0 0 0 0 0 0 0 0.2 0 0 0 0 
0 0 0 0 0 0 0 0.45 0 0 0 0 
0 0 0 0 0 0.02 20.5 2.08 0 0 0 0 
0 0 0 0 2.1 0.46 0 0 0 0 0 0 
0 0 0 0.9 1.47 0 0 0 0 0 0 0 
0 0 2.28 2.52 0 0 0 0 0 0 0 0 
0 1.2 1.2 0 0 0 0 0 0 0 0 0 
12.32 0.02 0 0 0 0 0 0 0 0 0 0 
