|S|=4
|R|=6
|O|=5
|V|=10
q=70
c=1
Tmax=960
H=1000

e'[i][j]=
0 115 127 50 346 
394 0 59 307 405 
194 431 0 496 463 
139 548 147 0 126 
548 381 352 356 0 

e''[i][j]=
0 382 258 505 171 270 127 
460 0 471 54 251 402 316 
463 267 0 48 206 380 384 
378 558 153 0 513 49 269 
451 380 378 59 0 438 281 
328 439 369 316 81 0 186 
99 348 289 412 183 463 0 

e'''[i][j]=
0 278 372 411 375 375 
493 0 92 173 278 353 
458 487 0 499 313 465 
94 92 318 0 321 337 
174 497 87 282 0 407 
535 321 137 350 161 0 

t'[i][j]=
0 77 27 85 189 
102 0 38 96 199 
60 158 0 100 51 
189 100 60 0 109 
182 145 44 99 0 

t''[i][j]=
0 94 77 92 40 120 180 
125 0 42 59 116 158 87 
24 74 0 141 25 81 50 
185 31 87 0 35 139 58 
41 62 87 98 0 36 199 
117 115 111 33 114 0 127 
120 99 170 198 125 155 0 

t'''[i][j]=
0 118 158 158 64 127 
152 0 59 38 55 69 
97 27 0 144 101 168 
116 155 170 0 135 53 
89 170 104 169 0 142 
174 79 51 115 27 0 

d''[i][k]=
0 0 22 0 
0 17 15 0 
0 26 0 0 
15 4 0 0 
0 0 0 24 
0 0 10 14 

r''[i][k]=
0 0 1.98 0 
0 0 0.9 0 
0 6.76 0 0 
2.4 0.96 0 0 
0 0 0 0 
0 0 2.1 1.4 

p[k]=
0.02 0.02 0.04 0.02 

d'''[i][k]=
0 0 0 34 
0 0 26 4 
0 0 15 0 
0 28 6 0 
15 19 0 0 

r'''[i][k]=
0 0 0 11.22 
0 0 4.16 0.28 
0 0 2.25 0 
0 4.48 0.84 0 
6.45 0.57 0 0 
