|S|=7
|R|=23
|O|=10
|V|=20
q=150
c=1
Tmax=960
H=1000

e'[i][j]=
0 325 438 322 196 361 295 202 
213 0 203 373 416 420 231 81 
188 380 0 173 236 333 394 416 
112 381 86 0 302 240 418 147 
479 312 243 198 0 265 242 460 
249 272 121 390 314 0 101 429 
462 436 434 138 88 140 0 268 
233 332 104 465 474 112 118 0 

e''[i][j]=
0 473 193 442 323 125 107 159 57 289 391 201 195 259 115 115 150 121 235 306 286 468 474 405 
193 0 199 456 192 75 291 476 155 163 331 49 236 252 374 178 150 400 98 328 320 208 364 327 
81 157 0 389 83 219 315 299 239 277 464 99 90 456 421 452 89 372 87 200 372 180 210 392 
256 436 138 0 211 105 202 378 368 450 197 405 96 72 262 448 468 188 287 258 266 446 165 301 
98 264 343 371 0 348 330 371 101 469 215 252 166 424 316 96 230 188 237 383 183 70 378 258 
158 319 435 383 397 0 425 263 466 228 435 277 216 63 59 151 54 240 209 64 148 452 102 49 
465 318 163 352 368 312 0 86 171 62 428 198 319 291 177 396 362 76 120 320 457 209 267 333 
110 265 454 115 224 162 368 0 412 277 178 107 169 436 410 115 135 256 308 163 170 144 166 124 
362 220 433 176 271 70 102 109 0 134 119 53 149 361 191 295 470 443 396 335 51 53 98 285 
360 352 434 401 229 136 67 405 460 0 136 371 109 100 210 351 310 161 70 380 374 264 358 243 
250 312 90 246 337 337 349 455 80 368 0 476 444 304 250 148 135 105 279 365 266 74 140 303 
235 267 410 96 402 300 312 96 52 220 400 0 118 411 106 63 256 416 415 328 72 203 186 417 
346 174 80 171 356 457 324 166 114 56 282 63 0 470 123 384 131 140 447 127 403 91 282 99 
224 475 177 282 403 142 77 78 415 399 271 348 204 0 285 430 229 127 129 96 461 472 461 258 
467 180 230 317 108 236 172 401 460 300 447 393 111 398 0 360 374 397 142 140 286 401 231 314 
327 442 252 378 245 65 409 274 300 360 267 392 318 331 232 0 314 292 378 296 448 364 416 53 
206 74 69 295 131 393 78 192 136 383 330 390 49 265 212 210 0 306 214 177 205 226 276 255 
422 415 174 241 418 160 195 464 333 171 62 464 260 240 109 281 429 0 272 465 96 400 349 68 
267 99 264 398 331 384 154 67 455 349 418 185 345 181 309 157 295 295 0 465 245 190 252 374 
106 141 65 168 477 144 160 73 312 114 380 74 409 337 479 206 354 386 347 0 110 357 424 349 
51 119 452 263 203 410 451 429 202 154 88 377 289 362 425 406 219 117 350 339 0 338 465 408 
261 422 104 155 374 423 239 357 362 249 55 177 475 53 255 131 104 147 173 294 414 0 480 372 
245 86 181 365 196 190 453 318 127 389 282 130 463 280 213 178 425 167 364 123 347 468 0 164 
413 340 271 446 381 50 375 118 404 199 77 180 389 331 314 130 71 393 138 411 64 55 89 0 

e'''[i][j]=
0 330 163 470 271 330 471 468 204 343 135 
430 0 285 217 402 128 78 351 430 330 85 
387 153 0 155 468 83 85 268 353 285 187 
164 99 318 0 441 169 322 86 196 185 362 
394 284 262 267 0 118 408 358 435 394 395 
173 445 245 360 138 0 295 91 107 159 187 
301 362 381 145 343 161 0 438 192 363 427 
108 113 318 171 400 417 452 0 140 311 211 
182 364 447 50 427 252 336 352 0 326 55 
445 148 203 359 469 134 125 153 97 0 221 
376 395 444 157 391 407 99 408 148 170 0 

t'[i][j]=
0 99 86 32 29 32 100 84 
66 0 38 54 42 79 61 80 
98 83 0 37 53 41 67 89 
82 86 39 0 88 26 86 35 
81 51 69 94 0 52 27 48 
45 28 59 99 70 0 23 28 
99 44 66 55 63 95 0 47 
100 53 47 95 29 32 25 0 

t''[i][j]=
0 97 69 34 80 48 90 90 30 84 86 58 41 40 40 66 33 32 76 55 61 22 93 96 
43 0 91 89 68 27 69 98 91 69 26 78 44 94 49 50 44 50 87 20 53 76 92 83 
73 89 0 48 73 30 37 60 88 60 60 44 53 70 78 25 73 37 40 100 20 79 26 40 
76 77 40 0 55 22 46 26 36 22 74 45 78 66 59 49 69 29 21 24 62 65 60 61 
26 85 39 77 0 85 79 25 80 79 69 82 31 22 63 40 89 22 54 31 23 55 23 35 
74 37 44 67 51 0 94 68 93 75 70 72 65 33 65 61 31 42 39 84 96 96 70 70 
73 94 62 63 50 30 0 31 55 78 29 94 76 25 82 88 77 59 38 51 99 21 34 79 
67 46 85 20 89 89 36 0 57 63 23 52 91 87 30 58 61 74 61 62 63 32 85 63 
69 49 82 22 64 77 44 97 0 30 25 63 83 47 54 91 36 43 77 26 88 25 70 31 
81 31 25 33 100 99 58 31 42 0 98 59 24 83 77 44 55 69 37 93 42 71 64 95 
88 57 78 71 73 98 73 37 99 83 0 73 33 25 46 70 90 95 23 61 75 91 84 90 
89 50 87 20 83 41 62 61 34 80 97 0 44 30 27 82 42 46 66 86 22 41 79 57 
45 100 36 71 63 83 49 82 75 58 81 80 0 47 80 81 92 65 58 71 97 90 41 24 
79 26 45 96 71 31 45 73 51 95 33 36 46 0 20 89 98 90 100 70 86 58 75 91 
57 93 50 87 66 87 92 31 80 33 21 36 70 76 0 77 72 28 37 30 90 84 85 99 
99 22 57 58 96 84 22 48 100 93 42 28 38 56 34 0 88 23 24 78 30 89 36 40 
28 90 96 50 48 35 65 92 33 25 40 73 92 44 65 20 0 63 98 65 25 20 84 79 
38 88 29 25 28 44 29 28 100 44 92 96 57 74 30 87 36 0 98 51 62 54 57 71 
37 37 23 97 80 84 42 59 54 46 46 68 49 96 34 73 37 39 0 40 79 99 29 20 
71 93 67 60 43 50 31 31 98 61 28 43 69 41 22 100 57 56 67 0 36 37 86 20 
80 67 59 70 81 98 66 35 63 73 42 60 99 48 92 55 95 35 73 85 0 63 45 91 
90 97 45 77 52 47 69 35 47 34 61 61 33 94 29 56 55 92 40 36 70 0 74 40 
41 37 93 64 73 48 83 66 97 41 62 71 99 88 21 68 26 42 33 38 30 98 0 99 
54 70 53 50 85 37 21 20 68 63 21 84 59 68 49 52 60 34 78 54 51 50 75 0 

t'''[i][j]=
0 72 93 76 53 64 87 20 82 20 48 
55 0 41 68 95 47 95 92 73 83 65 
71 98 0 46 71 70 90 56 31 59 100 
89 99 76 0 84 34 68 30 76 63 68 
73 61 46 76 0 83 83 34 62 57 54 
35 87 87 35 94 0 40 20 99 61 80 
100 32 96 61 36 48 0 29 71 67 89 
45 93 51 75 21 75 54 0 87 44 61 
98 44 31 52 68 66 79 23 0 75 55 
97 91 52 39 48 95 38 46 55 0 65 
48 22 69 32 89 26 76 43 56 57 0 

d''[i][k]=
0 0 0 0 0 2 3 
0 0 0 0 0 5 0 
0 0 0 0 0 5 0 
0 0 0 0 3 3 0 
0 0 0 0 5 0 0 
0 0 0 0 5 0 0 
0 0 0 2 4 0 0 
0 0 0 5 0 0 0 
0 0 0 5 0 0 0 
0 0 6 0 0 0 0 
0 0 6 0 0 0 0 
0 0 5 0 0 0 0 
0 5 0 0 0 0 0 
0 6 0 0 0 0 0 
0 5 0 0 0 0 0 
2 3 0 0 0 0 0 
5 0 0 0 0 0 0 
6 0 0 0 0 0 0 
5 0 0 0 0 0 0 
0 0 0 0 0 0 5 
0 0 0 0 0 5 0 
0 0 0 0 0 0 6 
0 0 0 0 0 0 6 

r''[i][k]=
0 0 0 0 0 1.14 0.54 
0 0 0 0 0 2 0 
0 0 0 0 0 1.65 0 
0 0 0 0 2.25 1.53 0 
0 0 0 0 0.75 0 0 
0 0 0 0 0.55 0 0 
0 0 0 0.6 0.04 0 0 
0 0 0 2.55 0 0 0 
0 0 0 0.35 0 0 0 
0 0 0.42 0 0 0 0 
0 0 2.1 0 0 0 0 
0 0 1.05 0 0 0 0 
0 3.5 0 0 0 0 0 
0 2.58 0 0 0 0 0 
0 0.05 0 0 0 0 0 
0.3 0.18 0 0 0 0 0 
1.4 0 0 0 0 0 0 
2.76 0 0 0 0 0 0 
3.7 0 0 0 0 0 0 
0 0 0 0 0 0 0.85 
0 0 0 0 0 0.05 0 
0 0 0 0 0 0 0.6 
0 0 0 0 0 0 0 

p[k]=
0.04 0.02 0.01 0.03 0.05 0.02 0.03 

d'''[i][k]=
0 0 0 0 0 0 20 
0 0 0 0 0 20 0 
0 0 0 0 5 0 0 
0 0 0 0 5 0 0 
0 0 0 0 5 0 0 
0 0 0 3 2 0 0 
0 0 0 5 0 0 0 
0 0 14 4 0 0 0 
0 17 3 0 0 0 0 
18 2 0 0 0 0 0 

r'''[i][k]=
0 0 0 0 0 0 3.8 
0 0 0 0 0 8 0 
0 0 0 0 3.2 0 0 
0 0 0 0 0.1 0 0 
0 0 0 0 0.45 0 0 
0 0 0 1.53 0.04 0 0 
0 0 0 2.4 0 0 0 
0 0 2.94 2.4 0 0 0 
0 9.18 0.48 0 0 0 0 
0.72 0.7 0 0 0 0 0 
