|S|=12
|R|=38
|O|=15
|V|=30
q=150
c=1
Tmax=960
H=1000

e'[i][j]=
0 531 419 535 315 433 164 150 210 286 210 117 372 
438 0 517 507 192 82 278 60 217 383 382 163 326 
536 366 0 459 104 340 319 206 412 308 192 62 416 
432 543 491 0 552 356 223 490 460 318 372 159 302 
274 397 176 146 0 314 249 253 208 86 79 203 364 
52 248 273 355 104 0 409 546 341 418 165 301 167 
297 487 382 362 125 419 0 359 337 215 551 73 115 
556 498 226 525 535 208 114 0 546 242 60 219 527 
433 448 103 234 518 95 213 71 0 150 158 245 119 
529 362 421 381 119 151 553 134 344 0 436 226 355 
545 51 495 56 435 461 151 110 178 444 0 330 71 
189 459 98 55 216 552 541 322 96 283 547 0 354 
276 413 108 313 359 70 81 471 172 131 384 244 0 

e''[i][j]=
0 217 239 462 313 195 71 243 51 94 249 344 192 421 540 60 169 301 383 235 325 121 325 214 182 206 364 167 208 310 238 482 314 503 305 418 516 558 259 
389 0 423 317 57 60 187 196 306 188 275 507 319 268 52 228 228 265 114 317 384 497 252 99 359 160 341 253 120 486 438 380 486 237 229 347 459 181 267 
193 229 0 463 299 182 156 190 284 497 345 497 159 450 288 323 236 143 466 508 398 274 397 389 424 196 190 280 316 466 220 501 348 321 326 361 556 181 456 
465 421 136 0 99 170 254 371 196 505 519 66 483 541 80 229 338 397 550 59 315 169 324 156 346 351 98 356 79 339 498 86 186 304 331 218 53 77 221 
347 173 89 132 0 175 364 77 222 320 48 280 485 176 310 342 392 543 512 275 515 300 514 97 116 471 418 509 444 438 468 241 552 103 48 381 132 480 122 
204 556 330 285 364 0 75 471 475 127 437 546 382 200 384 420 421 514 487 362 125 127 519 318 477 302 473 459 284 252 271 74 61 508 138 477 186 154 345 
429 295 203 338 205 471 0 544 137 384 440 272 98 470 278 352 202 355 337 495 393 100 468 348 404 69 327 262 325 243 292 434 268 450 105 53 111 538 103 
310 304 386 238 421 344 316 0 89 506 56 344 530 94 518 315 378 55 517 392 409 461 247 192 530 249 534 286 486 291 324 465 531 393 538 546 316 145 172 
111 451 410 289 213 425 437 164 0 221 169 296 250 373 56 275 276 157 63 453 211 316 433 437 414 165 138 222 451 380 459 326 224 386 422 533 509 83 356 
241 69 365 314 122 110 418 408 195 0 409 379 498 429 263 539 253 97 306 329 470 168 69 79 185 522 408 516 284 417 85 493 363 368 84 369 230 354 468 
459 253 275 464 237 109 524 477 362 286 0 323 55 312 139 529 326 260 318 334 487 422 297 288 372 342 505 361 202 304 213 71 221 464 491 552 466 150 81 
200 103 397 131 213 301 539 80 560 155 191 0 490 171 450 201 222 399 430 451 221 446 432 48 453 128 72 204 310 128 459 515 215 173 242 246 410 413 286 
478 460 553 188 114 72 78 119 343 364 308 166 0 177 409 518 423 48 313 154 81 135 373 189 428 542 188 311 339 314 67 452 253 406 342 135 488 162 210 
306 467 244 281 453 340 77 281 560 386 199 390 283 0 256 188 483 166 509 297 437 550 252 509 152 335 532 275 194 451 53 399 135 171 362 323 404 110 105 
272 357 300 537 490 349 431 292 266 467 535 506 339 377 0 64 214 424 557 403 496 226 118 174 491 555 74 384 305 416 61 382 507 136 321 232 323 523 360 
282 354 63 274 486 445 557 558 253 143 221 541 408 96 387 0 208 178 421 148 72 274 59 114 549 303 102 345 355 222 255 65 193 389 508 260 371 353 494 
422 467 380 118 530 200 99 201 544 200 299 316 403 65 109 137 0 74 357 398 172 76 121 544 100 342 97 68 348 203 295 386 447 165 111 73 122 549 272 
274 377 277 486 531 461 410 121 358 485 187 68 173 380 93 499 417 0 344 351 97 100 455 369 397 546 465 213 552 174 202 467 241 498 252 161 247 341 496 
245 517 410 142 364 52 106 354 213 330 135 275 114 426 253 358 50 405 0 335 468 510 365 81 79 100 168 266 285 179 146 522 235 69 263 446 288 476 436 
146 325 55 209 241 224 231 518 453 547 301 233 224 288 398 165 480 207 261 0 465 186 321 543 96 200 353 50 453 106 256 164 326 307 329 407 493 366 407 
127 410 341 322 404 540 209 106 96 280 539 118 150 203 518 257 126 180 267 438 0 467 393 434 258 268 509 335 478 372 344 333 517 300 213 246 173 520 92 
431 421 215 217 524 123 193 351 179 243 177 72 461 364 145 510 150 405 326 416 233 0 120 339 306 558 301 260 95 369 470 546 391 175 493 356 269 508 193 
321 268 371 463 542 174 559 546 552 91 360 307 214 261 346 177 68 58 532 193 382 429 0 49 555 119 380 467 113 529 147 234 220 233 377 385 542 447 164 
439 523 275 538 373 361 137 445 289 185 407 246 285 475 235 242 224 274 503 291 354 164 189 0 463 347 449 319 177 158 200 193 395 485 93 480 478 140 183 
116 135 350 86 470 189 551 365 535 255 442 218 320 344 501 437 552 560 347 364 338 282 366 153 0 316 552 356 100 400 470 94 171 366 536 332 490 462 132 
347 92 358 490 322 325 213 334 386 95 261 518 56 281 527 278 177 315 443 495 144 540 122 541 147 0 97 96 419 127 76 136 152 474 512 212 257 208 338 
85 69 101 243 220 490 203 233 205 437 389 542 337 214 506 264 202 108 241 204 498 174 132 502 208 535 0 335 331 135 68 313 431 434 365 119 218 131 56 
512 456 262 86 407 405 342 369 440 126 209 409 365 206 160 146 475 94 444 218 237 89 127 359 474 85 109 0 463 371 99 240 181 340 263 467 474 52 85 
339 266 100 487 546 217 290 131 455 359 50 452 116 293 253 301 445 322 364 560 187 288 535 200 467 314 523 411 0 469 307 144 243 488 283 329 192 420 479 
289 387 79 371 355 212 342 57 72 267 278 548 155 102 323 177 291 489 375 125 305 495 342 425 552 446 121 421 160 0 141 325 524 182 85 117 223 432 167 
190 527 409 396 433 86 531 460 315 467 422 497 174 395 138 528 125 473 57 120 397 132 335 346 178 447 329 91 67 70 0 425 370 250 129 417 260 439 278 
265 368 430 513 134 451 139 337 164 243 542 243 82 141 487 547 49 281 376 243 464 480 169 328 396 243 536 365 425 167 406 0 93 403 366 347 407 169 294 
223 380 256 324 106 458 148 543 531 218 114 479 209 373 125 351 378 159 453 195 67 209 116 288 201 367 84 158 165 531 418 462 0 421 407 312 462 394 229 
53 431 394 301 155 160 291 467 84 313 350 433 184 445 463 213 446 538 72 244 451 450 321 428 326 474 405 493 441 307 455 431 232 0 305 173 458 136 285 
550 390 423 202 426 443 295 162 230 54 231 450 389 237 526 419 69 301 383 85 68 481 283 383 304 416 311 378 511 469 405 86 240 446 0 413 359 307 278 
115 362 112 55 332 509 387 421 276 392 249 266 433 328 60 321 361 313 386 491 153 510 54 528 255 282 487 229 225 175 93 356 292 456 532 0 301 268 124 
312 519 497 516 455 182 323 335 212 557 481 522 264 55 333 150 406 344 250 184 305 305 232 554 70 119 514 302 100 505 414 368 417 213 515 121 0 194 559 
497 54 450 292 203 77 141 146 322 98 143 491 314 268 537 468 84 405 141 247 394 405 366 519 542 463 155 102 130 209 322 62 264 457 441 394 341 0 69 
103 423 541 436 360 366 442 282 177 544 154 255 170 342 300 388 500 82 371 390 265 106 93 143 326 235 79 476 76 212 485 221 144 120 414 217 90 69 0 

e'''[i][j]=
0 80 389 361 345 347 135 473 543 182 311 544 423 431 443 318 
375 0 272 485 466 457 61 377 385 482 119 183 294 151 475 95 
335 427 0 126 236 522 128 490 236 427 533 264 114 325 109 545 
87 260 132 0 48 397 553 393 536 243 200 275 197 384 544 340 
450 483 97 254 0 183 62 100 168 516 203 102 57 75 51 535 
271 495 313 270 364 0 240 62 304 71 477 138 66 497 329 270 
163 321 185 351 258 116 0 332 53 110 163 174 272 557 542 442 
341 412 259 325 421 285 469 0 420 301 259 97 287 146 507 346 
358 375 137 56 484 77 529 174 0 142 423 307 402 317 136 166 
425 546 317 155 547 91 72 326 0 0 112 460 418 137 60 479 
365 420 228 514 223 380 329 224 335 159 0 219 128 136 472 470 
153 390 505 395 62 303 519 538 245 381 498 0 52 557 91 514 
521 520 277 450 332 371 185 423 264 213 270 75 0 70 179 217 
288 54 417 208 295 53 104 55 136 397 459 539 263 0 263 276 
193 179 500 90 203 51 405 79 93 513 87 323 306 200 0 193 
448 194 144 56 454 209 145 331 285 270 97 220 447 440 119 0 

t'[i][j]=
0 157 190 83 185 176 79 167 27 27 23 35 159 
161 0 111 140 138 43 94 23 42 122 157 82 54 
59 106 0 101 108 174 113 119 174 64 74 147 102 
58 36 169 0 96 187 158 65 189 74 196 49 166 
163 179 154 75 0 83 134 27 70 149 133 97 74 
102 170 190 143 170 0 165 120 133 184 119 25 97 
170 191 44 90 173 142 0 133 63 60 154 26 166 
107 132 62 142 163 86 52 0 74 38 38 109 168 
39 28 193 92 91 186 72 151 0 77 103 26 24 
109 181 189 194 158 105 77 111 134 0 60 98 150 
28 95 197 109 154 114 67 168 70 120 0 196 152 
140 108 74 123 102 46 144 29 131 49 177 0 161 
60 130 28 174 147 97 48 77 95 121 54 192 0 

t''[i][j]=
0 77 68 87 79 37 122 180 128 87 160 82 176 24 187 125 158 29 57 178 150 186 112 120 107 157 80 126 178 72 44 159 174 25 132 80 187 160 186 
69 0 101 39 47 173 91 79 43 105 88 78 101 125 174 48 166 29 86 100 63 55 81 157 34 29 175 21 146 170 178 196 70 54 108 32 171 152 83 
145 151 0 117 79 69 153 67 66 92 183 30 46 94 193 115 56 181 60 33 160 51 81 175 140 113 162 44 80 186 66 144 175 101 140 105 79 175 80 
112 39 143 0 106 61 58 43 189 108 109 154 85 88 176 155 121 103 90 39 109 55 134 174 103 153 100 64 119 66 185 35 169 193 35 152 50 55 157 
141 190 173 182 0 140 158 96 166 154 39 68 198 31 40 101 44 118 66 32 88 133 192 90 30 46 23 189 113 42 33 51 69 115 94 88 157 92 163 
25 197 196 31 80 0 32 134 47 59 120 178 198 47 97 77 172 116 197 197 31 147 100 73 93 158 86 50 53 126 194 197 56 190 58 28 110 21 163 
130 164 107 190 134 66 0 39 83 179 192 188 88 149 38 163 146 141 113 45 102 26 48 172 104 57 109 70 63 120 45 104 117 63 44 20 169 177 23 
190 145 87 191 78 196 75 0 192 188 133 92 200 137 127 131 124 116 142 49 140 21 131 54 49 178 184 102 157 107 129 128 198 111 63 108 166 164 186 
194 186 200 171 104 54 78 81 0 40 143 171 75 93 132 135 185 161 111 136 104 173 100 155 186 191 60 43 85 63 58 117 20 161 158 166 106 93 171 
68 152 114 82 167 187 153 182 164 0 156 58 191 46 133 143 49 37 123 44 127 184 188 114 164 135 148 47 51 172 199 168 80 121 76 94 102 198 63 
77 82 186 167 47 26 61 197 139 112 0 153 162 173 142 68 23 192 176 56 110 85 101 68 54 29 34 131 191 66 139 93 138 103 39 67 196 199 160 
37 20 93 100 37 184 48 198 129 129 107 0 171 159 27 105 34 66 111 130 69 27 191 56 111 53 176 56 115 53 100 128 61 199 196 167 44 50 62 
44 102 108 73 41 135 20 148 42 67 72 63 0 148 86 140 46 198 32 191 103 131 62 66 73 150 175 125 28 151 62 84 127 110 21 166 136 176 193 
97 111 147 132 77 55 75 28 110 155 160 94 188 0 50 53 140 188 128 66 196 35 29 80 36 137 102 30 200 150 92 67 119 31 191 192 44 37 195 
91 26 34 43 79 74 46 23 76 173 138 151 132 106 0 79 92 133 90 65 168 43 38 180 119 77 191 62 181 147 30 86 62 37 134 173 62 43 57 
159 184 114 55 161 124 132 66 112 89 196 157 48 60 86 0 200 79 52 189 31 114 185 34 62 145 189 187 168 41 94 191 80 51 57 105 71 158 170 
141 200 123 87 198 64 100 167 26 39 160 126 59 97 47 121 0 24 162 87 135 172 117 56 75 113 142 47 91 127 192 198 139 91 137 144 24 117 75 
118 38 145 39 133 133 97 139 102 88 197 111 26 124 188 27 178 0 148 65 188 200 187 173 163 125 199 107 29 120 160 74 156 116 155 199 134 196 133 
105 133 140 179 120 120 70 163 181 143 111 71 163 79 148 92 26 81 0 43 67 45 55 114 51 70 191 87 21 63 188 105 153 128 176 59 132 26 42 
45 155 101 33 195 122 194 81 27 173 167 136 118 56 48 47 78 86 190 0 109 53 26 51 188 127 185 143 106 132 131 139 88 160 192 200 43 108 98 
175 23 32 26 152 95 80 40 59 151 107 162 131 86 131 34 73 79 174 40 0 43 87 94 83 85 149 20 172 71 24 131 184 196 127 120 150 58 131 
36 96 194 178 111 133 81 60 117 120 100 176 69 182 83 32 65 101 124 43 21 0 127 150 113 38 160 40 34 111 80 126 131 190 170 140 48 56 101 
196 121 181 105 65 95 166 43 99 71 94 23 144 53 159 190 25 173 104 183 87 164 0 122 53 65 81 120 24 98 68 174 168 98 194 50 184 161 168 
22 137 97 170 157 101 24 194 186 21 25 184 36 113 47 123 51 189 47 112 114 177 184 0 159 124 76 178 73 115 137 59 63 97 181 200 39 30 154 
170 87 44 180 175 119 38 141 152 118 144 114 163 58 68 130 64 121 29 158 54 67 130 71 0 44 23 21 86 63 52 96 104 121 40 50 195 87 180 
72 181 128 128 126 117 129 31 142 197 94 93 121 178 174 67 65 39 131 21 70 58 65 200 167 0 126 42 67 143 93 59 78 133 187 151 187 83 130 
40 179 22 120 115 89 126 28 111 46 106 180 194 144 101 41 169 190 88 123 71 179 198 159 76 176 0 102 112 139 145 26 129 115 61 76 50 130 140 
44 92 100 181 108 83 92 167 109 35 136 124 29 155 191 166 54 72 87 22 21 153 86 148 70 75 139 0 78 150 196 53 36 88 113 174 178 193 38 
169 140 21 110 35 28 126 146 98 44 112 189 53 73 34 126 46 60 43 24 151 147 42 148 171 132 152 157 0 55 68 75 20 184 67 154 47 195 79 
123 109 87 190 48 46 73 85 186 183 39 166 172 30 174 89 111 110 93 128 109 27 101 98 20 151 141 191 144 0 187 74 92 79 130 86 109 89 25 
135 44 21 172 132 79 152 199 35 75 74 77 186 45 164 158 46 195 28 20 158 142 36 32 107 70 190 40 130 70 0 96 36 138 29 63 107 65 172 
55 191 171 190 45 115 103 153 138 183 62 95 130 171 104 41 58 21 108 177 39 64 147 25 126 51 93 86 82 81 134 0 46 45 42 125 67 45 163 
106 138 118 61 181 126 34 158 168 38 71 130 63 62 78 110 162 61 58 190 134 168 72 183 199 89 137 23 63 179 168 95 0 138 139 129 183 137 95 
179 139 88 28 39 191 64 105 130 138 40 107 155 126 82 140 77 105 37 103 39 81 102 74 33 51 23 72 117 52 193 190 23 0 49 174 47 157 32 
94 55 57 189 97 174 186 148 96 89 115 141 200 75 77 76 91 183 117 20 120 31 103 35 108 57 175 162 183 185 130 128 22 152 0 44 158 47 65 
121 44 59 197 21 120 30 32 199 97 98 188 119 35 104 66 164 156 183 115 195 171 200 103 21 79 184 38 180 151 58 27 97 43 160 0 195 192 124 
53 124 109 127 153 177 188 153 105 190 165 137 145 97 177 176 199 44 59 52 103 184 41 46 110 112 52 140 161 100 40 28 190 130 127 105 0 182 72 
43 158 63 159 153 200 92 67 116 139 197 176 163 146 109 167 162 59 126 171 38 75 24 174 180 56 27 59 99 80 145 166 27 122 24 188 175 0 181 
175 54 24 85 174 155 130 60 102 176 144 127 95 120 130 82 28 58 99 104 88 161 167 102 67 33 86 199 51 55 115 81 119 70 198 190 65 25 0 

t'''[i][j]=
0 110 76 189 65 75 199 133 30 84 157 108 164 60 68 185 
181 0 173 104 66 168 117 110 183 115 50 133 106 38 162 45 
147 175 0 185 136 75 132 137 181 121 160 185 91 192 153 122 
148 23 49 0 152 115 145 183 86 141 25 142 95 111 196 149 
38 73 92 59 0 148 140 94 108 171 189 47 71 65 39 97 
30 36 129 198 147 0 188 157 168 82 168 130 28 46 50 94 
129 189 157 125 170 171 0 39 78 156 126 40 43 74 180 66 
35 31 94 83 172 58 79 0 176 108 88 106 148 152 115 161 
154 187 169 37 102 52 66 175 0 109 115 161 146 148 153 165 
68 56 172 171 63 109 26 184 65 0 157 46 122 70 150 131 
88 140 79 84 156 77 104 162 90 173 0 172 199 173 134 87 
168 145 126 134 103 143 48 156 82 73 99 0 47 106 145 102 
68 165 92 199 50 72 48 186 53 169 117 66 0 122 20 123 
142 107 21 197 58 77 40 140 139 163 107 77 46 0 73 106 
20 28 161 191 119 166 78 125 165 92 139 144 163 151 0 104 
172 65 103 98 71 74 150 49 170 23 46 22 150 94 156 0 

d''[i][k]=
0 0 0 0 0 0 0 0 0 2 3 0 
0 0 0 0 0 0 0 0 0 6 0 0 
0 0 0 0 0 0 0 0 0 5 0 0 
0 0 0 0 0 0 0 0 0 6 0 0 
0 0 0 0 0 0 0 0 0 5 0 0 
0 0 0 0 0 0 0 0 5 0 0 0 
0 0 0 0 0 0 0 0 5 0 0 0 
0 0 0 0 0 0 0 0 5 0 0 0 
0 0 0 0 0 0 0 0 5 0 0 0 
0 0 0 0 0 0 3 0 2 0 0 0 
0 0 0 0 0 0 5 0 0 0 0 0 
0 0 0 0 0 7 0 0 0 0 0 0 
0 0 0 0 0 6 0 0 0 0 0 0 
0 0 0 0 0 5 0 0 0 0 0 0 
0 0 0 0 0 6 0 0 0 0 0 0 
0 0 0 0 0 5 0 0 0 0 0 0 
0 0 0 0 5 0 0 0 0 0 0 0 
0 0 0 0 6 0 0 0 0 0 0 0 
0 0 0 0 5 0 0 0 0 0 0 0 
0 0 0 0 5 0 0 0 0 0 0 0 
0 0 7 0 0 0 0 0 0 0 0 0 
0 0 6 0 0 0 0 0 0 0 0 0 
0 0 5 0 0 0 0 0 0 0 0 0 
0 2 3 0 0 0 0 0 0 0 0 0 
1 4 0 0 0 0 0 0 0 0 0 0 
5 0 0 0 0 0 0 0 0 0 0 0 
5 0 0 0 0 0 0 0 0 0 0 0 
5 0 0 0 0 0 0 0 0 0 0 0 
0 0 1 5 0 0 0 0 0 0 0 0 
0 0 5 0 0 0 0 0 0 0 0 0 
0 0 0 0 0 0 0 5 0 0 0 0 
0 0 0 0 0 0 3 2 0 0 0 0 
0 0 0 0 0 0 5 0 0 0 0 0 
0 0 0 0 0 0 7 0 0 0 0 0 
0 0 0 0 0 0 0 0 0 0 5 0 
0 0 0 0 0 0 0 0 0 0 0 5 
0 0 0 0 0 0 0 0 0 0 5 0 
0 0 0 0 0 0 0 0 0 0 0 5 

r''[i][k]=
0 0 0 0 0 0 0 0 0 0.06 1.32 0 
0 0 0 0 0 0 0 0 0 0.06 0 0 
0 0 0 0 0 0 0 0 0 0.05 0 0 
0 0 0 0 0 0 0 0 0 0.06 0 0 
0 0 0 0 0 0 0 0 0 1.05 0 0 
0 0 0 0 0 0 0 0 1.3 0 0 0 
0 0 0 0 0 0 0 0 4.7 0 0 0 
0 0 0 0 0 0 0 0 0.2 0 0 0 
0 0 0 0 0 0 0 0 2.35 0 0 0 
0 0 0 0 0 0 2.4 0 0.14 0 0 0 
0 0 0 0 0 0 0.75 0 0 0 0 0 
0 0 0 0 0 1.05 0 0 0 0 0 0 
0 0 0 0 0 4.08 0 0 0 0 0 0 
0 0 0 0 0 2.2 0 0 0 0 0 0 
0 0 0 0 0 0.12 0 0 0 0 0 0 
0 0 0 0 0 0.45 0 0 0 0 0 0 
0 0 0 0 4.3 0 0 0 0 0 0 0 
0 0 0 0 0.48 0 0 0 0 0 0 0 
0 0 0 0 1.45 0 0 0 0 0 0 0 
0 0 0 0 2.05 0 0 0 0 0 0 0 
0 0 0.56 0 0 0 0 0 0 0 0 0 
0 0 4.62 0 0 0 0 0 0 0 0 0 
0 0 0.55 0 0 0 0 0 0 0 0 0 
0 0.06 0.45 0 0 0 0 0 0 0 0 0 
0.53 0.8 0 0 0 0 0 0 0 0 0 0 
0.75 0 0 0 0 0 0 0 0 0 0 0 
0.45 0 0 0 0 0 0 0 0 0 0 0 
4.25 0 0 0 0 0 0 0 0 0 0 0 
0 0 0.28 1.55 0 0 0 0 0 0 0 0 
0 0 0.15 0 0 0 0 0 0 0 0 0 
0 0 0 0 0 0 0 0.25 0 0 0 0 
0 0 0 0 0 0 0.87 0.48 0 0 0 0 
0 0 0 0 0 0 0.45 0 0 0 0 0 
0 0 0 0 0 0 0.21 0 0 0 0 0 
0 0 0 0 0 0 0 0 0 0 1.1 0 
0 0 0 0 0 0 0 0 0 0 0 0.65 
0 0 0 0 0 0 0 0 0 0 1.95 0 
0 0 0 0 0 0 0 0 0 0 0 0.45 

p[k]=
0.01 0 0 0.05 0.05 0 0.02 0 0.01 0.03 0.05 0.03 

d'''[i][k]=
0 0 0 0 0 0 0 0 0 7 13 10 
0 0 0 0 0 0 0 0 0 5 0 0 
0 0 0 0 0 0 0 0 0 5 0 0 
0 0 0 0 0 0 0 0 0 5 0 0 
0 0 0 0 0 0 0 0 3 2 0 0 
0 0 0 0 0 0 0 0 5 0 0 0 
0 0 0 0 0 0 0 0 5 0 0 0 
0 0 0 0 0 0 0 0 5 0 0 0 
0 0 0 0 0 0 0 1 4 0 0 0 
0 0 0 0 0 0 0 5 0 0 0 0 
0 0 0 0 0 0 7 1 0 0 0 0 
0 0 0 0 0 14 16 0 0 0 0 0 
0 0 0 0 15 15 0 0 0 0 0 0 
0 0 19 5 6 0 0 0 0 0 0 0 
16 6 8 0 0 0 0 0 0 0 0 0 

r'''[i][k]=
0 0 0 0 0 0 0 0 0 1.61 1.04 3.6 
0 0 0 0 0 0 0 0 0 0.35 0 0 
0 0 0 0 0 0 0 0 0 1.4 0 0 
0 0 0 0 0 0 0 0 0 2.95 0 0 
0 0 0 0 0 0 0 0 0.78 0.36 0 0 
0 0 0 0 0 0 0 0 2.25 0 0 0 
0 0 0 0 0 0 0 0 2.65 0 0 0 
0 0 0 0 0 0 0 0 0.55 0 0 0 
0 0 0 0 0 0 0 0.21 0.88 0 0 0 
0 0 0 0 0 0 0 0.05 0 0 0 0 
0 0 0 0 0 0 3.22 0.15 0 0 0 0 
0 0 0 0 0 0.56 1.92 0 0 0 0 0 
0 0 0 0 1.95 1.35 0 0 0 0 0 0 
0 0 8.74 0.15 2.22 0 0 0 0 0 0 0 
4.48 0.18 0.96 0 0 0 0 0 0 0 0 0 
