|S|=4
|R|=6
|O|=5
|V|=10
q=70
c=1
Tmax=960
H=1000

e'[i][j]=
0 325 270 471 61 
227 0 351 342 134 
465 68 0 307 549 
481 275 490 0 150 
372 443 367 313 0 

e''[i][j]=
0 289 190 72 127 86 406 
489 0 303 214 300 536 478 
167 64 0 83 360 339 554 
309 163 337 0 555 84 362 
372 339 465 434 0 527 173 
273 280 554 162 128 0 446 
433 99 145 128 335 119 0 

e'''[i][j]=
0 116 398 244 543 80 
201 0 170 461 316 551 
152 228 0 272 93 267 
77 447 211 0 531 542 
241 195 111 370 0 461 
224 472 541 540 515 0 

t'[i][j]=
0 28 57 28 41 
183 0 187 132 199 
93 44 0 100 170 
109 53 193 0 164 
63 28 47 86 0 

t''[i][j]=
0 120 176 63 27 20 152 
115 0 144 184 106 190 86 
176 113 0 33 185 195 140 
30 112 117 0 162 116 159 
29 85 176 148 0 155 179 
143 68 33 151 104 0 183 
157 117 74 39 110 90 0 

t'''[i][j]=
0 67 127 61 81 55 
102 0 165 124 82 170 
36 113 0 45 196 117 
91 94 185 0 190 89 
56 105 86 34 0 124 
104 187 169 127 151 0 

d''[i][k]=
0 18 0 0 
5 24 0 0 
23 0 0 0 
20 0 0 0 
0 8 0 10 
0 0 5 18 

r''[i][k]=
0 1.08 0 0 
0.9 2.88 0 0 
1.15 0 0 0 
2.8 0 0 0 
0 2.08 0 3.1 
0 0 1.1 4.5 

p[k]=
0.02 0.03 0.05 0 

d'''[i][k]=
0 0 2 28 
0 27 3 0 
0 15 0 0 
18 8 0 0 
30 0 0 0 

r'''[i][k]=
0 0 0.08 6.44 
0 16.74 0.15 0 
0 3.6 0 0 
1.8 0.96 0 0 
2.1 0 0 0 
