|S|=7
|R|=23
|O|=10
|V|=20
q=150
c=1
Tmax=960
H=1000

e'[i][j]=
0 354 389 193 276 322 387 226 
345 0 354 124 165 267 339 212 
312 48 0 261 395 223 178 129 
353 60 240 0 307 226 316 401 
261 433 80 351 0 247 320 446 
168 466 420 420 62 0 133 293 
188 330 154 236 423 161 0 358 
345 281 479 353 211 194 185 0 

e''[i][j]=
0 133 224 314 464 91 57 405 390 462 341 303 129 89 324 192 94 228 131 321 309 311 257 424 
371 0 180 348 274 412 270 110 203 259 282 216 359 323 96 129 160 105 449 467 143 350 425 335 
353 381 0 200 141 133 56 395 299 459 315 319 174 163 177 229 383 292 397 55 317 446 245 85 
226 396 450 0 212 303 479 50 122 185 110 274 354 161 360 287 117 370 217 433 296 372 433 342 
90 270 132 238 0 429 141 167 338 444 376 443 152 226 279 246 185 351 431 361 311 353 292 48 
479 159 250 139 95 0 276 297 267 177 90 287 148 191 275 323 474 181 441 376 308 309 368 219 
393 421 338 118 144 193 0 433 403 382 393 320 472 134 346 241 232 446 280 375 50 60 165 264 
152 169 258 237 83 446 451 0 104 102 226 207 275 302 107 428 82 229 297 130 111 332 201 462 
136 74 437 344 88 112 345 380 0 139 449 239 99 196 404 195 54 344 340 98 256 182 203 88 
387 398 229 157 363 400 175 440 188 0 433 378 284 205 76 446 298 331 236 208 391 379 234 77 
347 235 235 131 338 431 363 412 471 148 0 322 102 214 463 224 287 479 370 440 320 124 370 425 
339 97 342 110 77 476 86 441 113 457 65 0 275 264 446 156 127 232 117 406 436 193 258 445 
78 453 291 299 234 213 362 442 187 292 471 206 0 259 281 368 272 231 238 141 94 458 69 284 
79 273 242 419 323 330 232 240 115 294 180 256 463 0 346 401 113 73 233 323 286 202 415 197 
354 99 115 268 289 262 70 169 357 101 185 420 254 57 0 440 216 315 193 144 93 175 309 187 
457 285 58 89 325 376 131 241 438 224 333 323 58 309 146 0 421 144 323 238 233 272 443 379 
414 312 196 413 350 432 450 352 127 435 437 352 155 399 401 239 0 312 412 347 187 443 316 235 
186 408 104 114 440 48 78 131 218 246 402 213 315 286 319 275 87 0 463 182 67 268 207 91 
350 100 215 283 77 261 118 352 459 324 366 429 149 411 458 165 445 212 0 257 82 410 116 297 
162 249 414 412 139 157 105 373 311 455 150 233 404 441 74 425 409 311 163 0 329 263 352 474 
66 433 405 317 273 182 160 311 353 479 249 237 216 132 367 102 187 164 152 244 0 109 245 215 
307 134 237 127 315 57 277 114 156 276 365 352 87 182 124 105 93 305 295 396 214 0 412 431 
135 259 326 404 460 323 97 435 426 469 77 468 187 255 325 477 338 206 335 446 176 156 0 131 
121 251 171 317 202 385 379 447 231 233 419 331 377 460 288 60 472 222 253 295 78 304 290 0 

e'''[i][j]=
0 367 139 360 249 367 196 152 300 226 305 
292 0 290 461 217 466 133 220 191 155 357 
166 418 0 176 151 414 158 283 147 75 296 
383 332 196 0 292 64 100 372 157 374 460 
330 291 239 176 0 113 480 111 315 263 427 
198 240 226 308 237 0 433 153 395 271 193 
280 194 396 394 405 400 0 286 89 399 262 
360 101 248 174 433 454 226 0 63 226 393 
243 95 79 354 396 82 152 260 0 353 463 
74 84 337 462 442 304 188 329 121 0 219 
334 382 98 122 307 286 100 336 117 121 0 

t'[i][j]=
0 54 94 36 62 73 72 95 
39 0 100 62 71 56 81 74 
58 30 0 66 35 64 89 90 
60 89 52 0 41 84 49 82 
54 24 99 68 0 51 68 51 
67 30 45 70 67 0 55 66 
25 57 91 20 40 45 0 58 
79 60 21 70 25 96 44 0 

t''[i][j]=
0 29 94 72 26 44 26 96 94 49 21 44 87 81 97 22 76 62 27 48 82 21 93 76 
29 0 66 54 20 45 60 30 80 45 52 71 21 99 75 54 47 38 21 62 77 97 64 79 
61 41 0 39 42 36 21 30 81 74 86 59 33 54 79 56 83 67 66 84 79 54 86 40 
72 80 96 0 75 69 23 67 88 39 52 29 63 37 60 74 37 97 40 23 37 62 66 52 
42 56 61 93 0 34 81 35 60 48 23 29 23 40 90 83 87 52 68 61 24 88 51 27 
88 54 39 39 45 0 29 36 50 42 23 95 50 76 73 52 45 79 39 75 76 81 50 93 
70 79 61 44 29 61 0 51 61 92 45 85 95 40 68 93 51 27 76 91 93 40 22 50 
75 60 93 39 73 38 72 0 59 59 54 97 30 76 68 72 56 59 57 97 54 63 71 44 
38 30 51 31 88 53 95 49 0 45 63 23 50 40 39 66 32 34 94 30 53 96 91 22 
88 46 56 40 70 46 97 65 36 0 50 52 60 78 32 57 46 77 41 30 84 79 65 73 
26 30 78 37 76 99 23 48 41 91 0 37 27 92 20 39 39 90 89 31 34 78 48 25 
79 47 36 21 20 34 20 43 42 44 74 0 28 30 64 77 41 43 60 62 23 32 24 33 
57 39 22 85 58 38 98 46 57 77 44 76 0 62 36 52 39 30 98 92 22 62 88 97 
59 51 31 54 60 54 39 96 61 56 78 31 25 0 44 51 59 95 70 56 61 91 47 71 
53 35 58 79 89 38 67 41 79 75 24 61 32 24 0 60 37 27 93 50 85 100 56 74 
82 51 54 92 49 88 56 86 55 87 47 56 47 41 35 0 87 76 39 100 63 85 71 41 
34 86 29 89 97 82 94 54 36 25 23 53 51 43 56 41 0 100 57 52 56 66 55 65 
89 34 67 74 72 39 92 24 24 75 60 23 28 67 21 100 33 0 97 44 47 76 21 30 
73 71 97 28 61 80 95 89 35 96 48 58 27 95 38 100 60 27 0 58 37 67 59 95 
49 25 90 25 31 70 87 24 51 41 54 64 22 77 74 20 41 50 72 0 23 50 96 52 
93 85 22 27 64 88 22 38 77 40 78 36 78 26 35 94 78 25 21 87 0 65 83 98 
24 74 48 72 57 45 68 34 54 43 65 91 27 84 96 37 44 32 64 94 27 0 52 70 
52 33 54 97 93 36 45 25 80 43 47 99 66 96 48 26 23 86 97 29 68 40 0 22 
82 77 39 44 68 40 58 53 59 74 27 20 36 38 55 68 80 71 83 88 84 61 26 0 

t'''[i][j]=
0 51 27 70 95 35 21 47 48 71 68 
23 0 70 75 85 84 37 100 55 22 75 
23 90 0 49 100 90 66 83 38 45 59 
69 47 55 0 33 96 45 93 63 63 51 
32 76 84 35 0 40 21 62 55 30 86 
92 65 49 27 58 0 95 24 60 23 87 
71 71 83 53 65 42 0 65 36 59 41 
41 60 22 72 67 63 30 0 98 32 61 
49 26 31 93 83 92 54 26 0 49 78 
60 99 34 95 75 43 62 85 79 0 62 
48 46 89 30 21 76 96 58 95 96 0 

d''[i][k]=
0 0 0 0 0 5 0 
0 0 0 0 2 3 0 
0 0 0 0 5 0 0 
0 0 0 0 5 0 0 
0 0 0 2 4 0 0 
0 0 0 5 0 0 0 
0 0 0 5 0 0 0 
0 0 0 5 0 0 0 
0 0 4 1 0 0 0 
0 0 5 0 0 0 0 
0 0 5 0 0 0 0 
0 1 4 0 0 0 0 
0 5 0 0 0 0 0 
0 5 0 0 0 0 0 
0 5 0 0 0 0 0 
3 2 0 0 0 0 0 
5 0 0 0 0 0 0 
5 0 0 0 0 0 0 
5 0 0 0 0 0 0 
0 0 0 0 0 5 0 
0 0 0 0 0 0 5 
0 0 0 0 0 0 5 
0 0 0 0 0 4 1 

r''[i][k]=
0 0 0 0 0 0.2 0 
0 0 0 0 0.02 1.32 0 
0 0 0 0 1.25 0 0 
0 0 0 0 0.55 0 0 
0 0 0 0.82 1.36 0 0 
0 0 0 1.35 0 0 0 
0 0 0 3.3 0 0 0 
0 0 0 1.45 0 0 0 
0 0 3.6 0.45 0 0 0 
0 0 0.55 0 0 0 0 
0 0 0.2 0 0 0 0 
0 0.28 0.8 0 0 0 0 
0 2.7 0 0 0 0 0 
0 0.05 0 0 0 0 0 
0 0.3 0 0 0 0 0 
0.21 0.2 0 0 0 0 0 
1.1 0 0 0 0 0 0 
4.35 0 0 0 0 0 0 
0.75 0 0 0 0 0 0 
0 0 0 0 0 3.1 0 
0 0 0 0 0 0 0 
0 0 0 0 0 0 0.9 
0 0 0 0 0 0 0.14 

p[k]=
0 0.03 0.02 0.01 0.03 0.02 0.05 

d'''[i][k]=
0 0 0 0 0 9 11 
0 0 0 0 12 8 0 
0 0 0 1 4 0 0 
0 0 0 5 0 0 0 
0 0 0 5 0 0 0 
0 0 0 5 0 0 0 
0 0 3 2 0 0 0 
0 0 11 0 0 0 0 
0 16 4 0 0 0 0 
18 2 0 0 0 0 0 

r'''[i][k]=
0 0 0 0 0 0.63 6.16 
0 0 0 0 3.36 0.8 0 
0 0 0 0.32 0.28 0 0 
0 0 0 1.1 0 0 0 
0 0 0 2.75 0 0 0 
0 0 0 0.15 0 0 0 
0 0 0.3 1 0 0 0 
0 0 0.22 0 0 0 0 
0 0.16 0.72 0 0 0 0 
1.26 0.08 0 0 0 0 0 
