|S|=4
|R|=6
|O|=5
|V|=10
q=70
c=1
Tmax=960
H=1000

e'[i][j]=
0 302 201 534 283 
461 0 156 424 397 
281 405 0 341 442 
136 67 516 0 471 
555 79 410 430 0 

e''[i][j]=
0 54 325 508 62 309 475 
232 0 534 375 298 399 342 
477 400 0 488 543 105 346 
71 408 445 0 556 140 313 
466 417 172 485 0 184 396 
422 79 105 545 390 0 222 
102 149 304 391 407 395 0 

e'''[i][j]=
0 463 390 285 285 162 
305 0 205 383 256 299 
127 167 0 373 405 288 
157 136 537 0 323 74 
222 105 128 509 0 347 
133 397 336 361 51 0 

t'[i][j]=
0 147 186 47 113 
32 0 113 40 136 
92 119 0 161 140 
104 127 43 0 24 
109 25 115 140 0 

t''[i][j]=
0 45 143 177 103 74 144 
40 0 162 173 158 58 46 
121 114 0 186 154 200 72 
100 30 98 0 149 84 53 
43 139 34 147 0 167 165 
73 38 106 46 28 0 140 
78 119 140 70 37 67 0 

t'''[i][j]=
0 184 26 143 127 30 
145 0 115 174 127 46 
80 195 0 137 72 110 
158 92 43 0 41 22 
89 156 36 145 0 34 
121 184 145 125 27 0 

d''[i][k]=
0 0 0 9 
0 0 0 7 
0 8 0 0 
5 6 0 0 
0 4 5 0 
0 0 0 8 

r''[i][k]=
0 0 0 0.09 
0 0 0 6.3 
0 1.12 0 0 
0.55 0 0 0 
0 0 3.05 0 
0 0 0 0.24 

p[k]=
0.04 0.02 0 0.02 

d'''[i][k]=
0 0 0 12 
0 0 0 11 
0 0 4 1 
0 11 1 0 
5 7 0 0 

r'''[i][k]=
0 0 0 0.72 
0 0 0 3.63 
0 0 0.12 0.14 
0 1.54 0.07 0 
0.55 1.33 0 0 
