|S|=12
|R|=38
|O|=15
|V|=30
q=150
c=1
Tmax=960
H=1000

e'[i][j]=
0 330 246 437 82 108 154 339 300 146 393 520 126 
308 0 224 152 198 311 261 57 454 412 328 222 507 
505 547 0 186 149 62 358 61 455 92 297 369 192 
128 349 376 0 98 553 198 293 369 163 293 371 474 
535 274 55 289 0 353 331 248 303 507 104 187 106 
144 431 518 155 135 0 174 213 104 185 160 502 352 
193 453 253 202 386 181 0 499 126 282 313 282 432 
483 557 184 229 442 335 436 0 270 353 534 406 519 
203 320 124 362 349 78 140 468 0 330 216 78 352 
223 329 70 282 439 329 227 311 190 0 96 318 284 
73 181 284 125 425 367 473 496 214 201 0 249 283 
305 480 502 463 465 50 283 477 487 380 408 0 467 
284 337 222 397 285 394 399 366 319 207 397 531 0 

e''[i][j]=
0 322 360 126 245 546 279 249 513 206 101 508 418 268 506 263 300 401 489 143 517 282 501 373 215 304 298 228 133 381 62 182 184 120 493 261 507 455 316 
381 0 488 470 391 404 66 125 152 233 518 425 388 454 506 323 172 58 496 261 59 358 234 215 72 288 328 463 209 407 463 478 231 140 425 553 557 385 530 
514 83 0 368 204 414 379 500 132 414 291 389 60 414 233 452 402 535 208 375 167 362 326 181 168 177 207 249 251 442 136 259 381 448 287 220 354 306 232 
428 390 369 0 172 239 326 242 375 400 255 130 115 98 293 275 467 420 231 418 310 100 146 368 49 467 479 100 265 398 401 471 222 310 510 326 542 461 480 
557 140 419 293 0 120 144 183 451 197 83 149 147 554 65 509 208 519 221 459 157 511 146 139 180 332 258 344 501 404 358 309 359 296 64 279 428 240 432 
221 221 299 227 145 0 373 85 160 453 425 344 170 538 185 477 258 476 536 328 158 287 526 470 230 422 308 483 191 148 284 163 442 181 482 162 413 291 307 
335 500 524 55 72 78 0 156 410 137 200 344 281 145 145 317 524 266 360 463 421 223 60 251 411 458 200 509 527 201 449 474 536 518 519 439 486 316 78 
433 320 77 58 217 218 346 0 155 224 516 257 117 160 539 470 430 522 64 167 267 196 472 363 368 407 425 299 534 375 413 126 285 467 382 153 446 297 271 
401 85 419 68 386 500 99 65 0 421 541 558 300 48 540 157 422 531 116 128 486 156 97 361 357 255 108 500 363 238 383 216 340 102 119 237 501 461 404 
397 152 217 355 167 236 160 440 220 0 227 476 367 548 419 84 383 373 336 553 294 110 504 294 149 486 491 420 260 209 457 378 507 487 453 505 417 75 208 
501 432 197 172 178 292 222 247 49 411 0 181 295 509 286 470 451 170 182 374 269 525 73 202 393 130 394 322 367 517 158 60 448 96 460 157 393 265 189 
545 381 520 139 516 336 181 214 483 109 96 0 91 126 242 537 381 195 150 122 436 197 285 53 164 296 53 109 297 473 423 507 545 348 323 72 250 111 527 
84 438 295 506 184 415 483 315 109 449 545 207 0 225 201 366 170 50 420 94 294 405 329 337 430 159 151 369 185 188 384 272 87 201 446 477 383 381 129 
430 494 296 173 275 557 470 234 251 271 437 190 390 0 247 394 124 322 209 551 104 481 352 168 285 278 257 408 426 427 51 344 201 253 161 393 199 532 398 
98 476 170 537 427 339 533 266 239 420 503 197 204 201 0 260 477 192 378 551 50 456 336 318 506 283 444 255 232 471 386 201 506 340 327 280 530 518 290 
560 130 330 327 240 229 160 438 306 144 148 141 232 69 335 0 509 429 483 215 136 342 379 432 551 258 321 137 286 180 96 483 282 171 373 329 317 305 382 
199 537 207 271 56 98 408 558 503 67 418 197 189 229 398 400 0 282 368 212 516 129 270 198 118 58 404 462 454 251 97 378 167 462 524 89 422 74 182 
497 277 218 504 158 135 411 143 548 302 508 256 270 89 102 461 459 0 333 508 545 320 108 67 550 476 208 489 84 151 212 210 273 536 456 89 527 67 48 
221 199 454 486 173 413 100 393 304 330 108 270 447 113 509 54 245 221 0 199 389 383 180 384 66 349 53 108 527 317 285 374 75 560 402 256 451 336 79 
225 467 188 313 306 272 511 48 260 492 317 101 377 251 375 77 94 258 270 0 178 85 320 368 67 489 291 517 478 137 229 332 258 190 322 267 109 378 217 
106 151 508 505 509 206 421 372 109 67 431 196 552 305 439 256 529 214 540 341 0 203 404 243 361 506 157 99 488 273 340 129 102 209 341 131 205 387 514 
373 270 65 278 51 335 513 190 530 387 343 411 255 250 307 120 471 352 492 484 289 0 432 503 310 385 230 266 368 537 381 543 336 357 150 115 75 49 254 
293 491 390 71 491 357 302 294 172 256 360 485 290 417 509 61 400 94 425 319 106 49 0 449 432 205 108 66 512 142 162 143 76 295 438 224 262 212 388 
461 76 216 143 334 279 121 446 373 222 225 207 158 85 320 76 414 482 334 294 213 150 131 0 53 395 210 556 308 260 405 423 485 281 151 275 167 442 418 
475 387 413 275 425 258 527 359 262 362 151 237 255 188 359 521 374 53 66 264 271 415 245 252 0 410 494 466 65 378 487 88 301 58 197 182 115 77 128 
127 80 342 63 333 52 205 490 182 82 279 542 127 511 68 465 466 381 217 249 353 518 298 195 159 0 191 49 115 463 132 192 166 483 553 187 285 382 152 
172 247 530 405 539 177 500 474 266 196 112 301 198 412 401 437 60 521 181 219 460 118 558 343 523 545 0 116 491 192 222 303 443 61 281 316 371 188 399 
358 95 339 151 419 169 171 366 533 116 294 399 78 73 147 118 457 75 221 257 484 322 444 128 99 409 239 0 74 178 344 191 513 557 289 181 328 185 212 
237 548 166 87 78 170 538 144 394 72 412 145 234 436 531 530 487 448 344 142 93 309 107 293 490 205 123 275 0 230 306 252 205 126 501 178 227 543 94 
136 97 289 60 452 410 337 395 75 464 334 329 537 373 302 65 221 475 124 506 237 510 231 305 495 470 413 94 157 0 275 236 125 322 545 439 260 558 527 
482 366 244 143 436 498 119 196 456 160 414 117 52 208 529 218 321 157 249 260 209 328 410 438 56 111 263 177 555 160 0 355 291 88 312 331 261 207 372 
386 504 191 220 520 121 493 314 153 145 274 427 364 180 201 485 172 559 182 307 148 139 75 487 454 469 537 274 253 236 558 0 113 300 97 394 291 338 170 
499 380 183 376 537 87 491 539 430 493 473 304 152 113 464 317 167 225 88 491 526 430 324 239 370 78 469 93 529 180 438 540 0 181 250 537 434 133 439 
123 60 332 275 207 279 489 303 322 438 300 134 442 133 498 192 555 350 115 341 470 552 239 281 113 120 215 524 98 93 318 179 174 0 152 496 202 528 107 
433 499 545 191 406 213 303 289 436 465 376 206 440 158 242 512 475 462 394 83 308 436 522 126 449 235 120 99 108 333 193 532 77 475 0 511 173 458 492 
314 132 354 527 89 352 237 531 301 317 248 445 164 96 97 389 444 141 178 199 118 213 261 137 396 110 89 392 529 542 272 379 327 285 421 0 64 542 295 
349 392 74 495 541 464 450 80 231 281 550 447 221 261 358 336 94 249 284 452 390 557 309 461 454 397 298 249 555 501 261 241 185 170 353 105 0 175 50 
176 539 299 476 456 248 182 224 179 400 372 249 310 48 82 57 489 255 163 98 280 493 83 204 160 379 482 126 290 524 463 175 145 442 359 209 479 0 131 
196 232 171 178 439 541 464 96 210 169 102 287 333 443 315 268 305 304 549 393 544 274 470 433 58 472 187 203 374 265 146 94 65 353 215 539 321 429 0 

e'''[i][j]=
0 325 204 101 323 119 347 436 79 517 217 440 244 370 287 167 
139 0 388 195 349 93 189 439 276 535 139 167 331 408 366 369 
336 291 0 558 482 335 417 234 235 144 293 557 330 379 256 165 
145 185 419 0 458 425 206 437 488 295 524 357 155 486 364 247 
114 511 121 183 0 470 186 497 445 481 291 318 245 340 496 218 
72 140 396 381 140 0 50 132 393 240 279 466 502 75 310 502 
305 144 183 530 172 560 0 541 237 278 251 110 265 165 432 367 
197 91 266 176 279 165 411 0 207 67 430 271 358 413 275 425 
470 440 250 329 51 113 514 71 0 475 364 288 73 151 129 59 
71 451 495 342 183 56 63 170 0 0 231 216 201 520 244 291 
85 210 547 233 528 515 134 355 312 448 0 238 326 216 58 356 
513 467 129 394 228 107 273 471 204 404 211 0 188 119 540 265 
405 220 430 153 473 314 372 217 411 210 142 464 0 194 203 393 
114 114 460 350 232 418 179 542 160 82 543 152 147 0 405 518 
107 519 328 528 395 396 188 287 551 324 103 200 74 62 0 176 
186 414 138 534 358 221 48 62 442 546 89 67 147 365 349 0 

t'[i][j]=
0 79 154 181 83 89 200 63 136 192 73 20 27 
109 0 54 77 182 66 192 132 115 126 34 185 80 
127 39 0 34 107 76 107 129 183 54 48 102 101 
81 126 62 0 185 115 128 109 100 96 41 26 198 
56 75 152 67 0 79 81 130 46 53 95 191 151 
45 178 21 189 24 0 112 165 197 78 81 122 181 
122 194 181 77 84 199 0 158 183 58 32 70 128 
43 43 67 147 46 100 181 0 44 178 198 75 94 
168 120 75 76 95 91 145 114 0 116 199 88 197 
93 175 132 36 29 52 176 174 31 0 55 85 124 
177 116 189 101 124 95 134 128 142 181 0 161 137 
87 54 146 37 133 153 114 58 72 146 140 0 122 
127 128 159 21 49 184 193 118 77 132 126 96 0 

t''[i][j]=
0 74 156 82 92 162 23 88 168 125 200 135 56 132 149 107 105 112 71 73 146 171 86 53 24 143 85 157 145 149 121 116 64 155 185 89 107 76 139 
92 0 194 31 171 191 47 64 119 92 198 73 117 101 72 102 93 30 84 110 164 33 180 30 121 97 40 56 184 30 197 105 114 163 35 167 97 140 88 
29 114 0 27 105 182 180 193 164 124 55 41 165 192 90 121 146 177 38 166 162 120 88 78 185 77 76 69 77 149 96 136 79 154 167 170 123 81 78 
132 76 40 0 67 52 109 162 162 32 20 113 195 190 75 133 196 139 128 57 106 181 109 182 34 191 56 125 71 169 51 63 20 81 157 99 133 151 20 
137 132 91 143 0 56 111 76 47 65 117 33 29 28 136 63 128 106 84 160 143 60 172 42 173 113 126 85 145 81 180 26 144 24 158 124 67 97 185 
67 76 86 71 50 0 185 23 164 78 133 184 79 70 39 55 185 148 72 20 152 133 47 37 70 172 99 57 51 35 199 25 105 90 195 127 91 25 182 
139 86 35 130 157 189 0 132 73 192 158 108 61 59 55 168 40 94 62 76 78 119 128 83 22 48 194 33 45 66 175 67 52 106 27 182 181 74 79 
93 55 164 45 129 146 99 0 69 134 140 90 177 67 57 116 170 178 181 143 153 188 57 64 73 171 188 164 143 189 137 134 43 134 40 49 112 57 43 
57 35 69 32 93 177 73 50 0 70 159 131 167 131 181 110 119 182 189 47 22 33 69 97 49 131 81 161 85 99 142 26 46 163 123 129 187 33 86 
88 100 196 183 172 28 42 52 139 0 123 162 96 22 80 139 111 55 57 43 59 168 171 192 24 147 166 119 88 129 73 35 128 175 74 76 79 58 94 
163 151 30 76 116 61 186 94 129 26 0 193 139 200 62 30 169 83 87 158 107 193 109 69 106 160 90 117 119 97 90 138 143 185 90 32 195 165 23 
168 178 112 196 122 144 196 151 35 149 108 0 148 70 50 61 125 90 35 33 28 150 23 162 83 158 98 178 95 150 74 57 110 160 60 133 186 152 26 
167 132 35 29 198 190 175 146 67 34 158 154 0 38 127 189 38 146 45 64 150 60 58 86 51 166 144 197 103 43 186 26 32 62 178 89 142 31 160 
92 110 38 99 74 87 111 142 49 142 32 74 58 0 35 120 49 44 134 147 83 193 157 129 32 163 163 149 114 35 109 143 41 39 130 112 59 173 102 
174 90 176 114 192 33 73 46 200 133 64 88 87 178 0 53 191 49 103 114 68 167 98 158 196 44 42 35 198 53 141 135 113 48 159 27 123 165 169 
147 147 185 35 54 60 56 79 128 104 69 22 196 36 40 0 152 47 45 81 72 126 98 187 87 139 31 98 76 195 29 173 111 185 184 195 187 34 150 
146 37 46 154 58 100 187 80 99 117 93 30 68 168 66 151 0 39 74 112 111 167 135 53 86 143 151 25 68 149 40 162 120 192 69 35 56 87 169 
45 126 62 143 46 113 114 33 39 99 25 34 149 147 158 56 162 0 127 141 104 56 180 30 79 138 57 190 189 105 152 94 85 130 100 94 99 103 28 
167 95 184 54 76 193 43 144 91 135 104 174 175 133 164 156 40 31 0 125 153 144 55 94 63 101 61 84 195 96 74 182 153 151 82 184 88 62 55 
159 176 50 112 101 39 146 141 24 142 25 87 45 76 58 74 174 36 198 0 150 149 136 191 71 183 145 78 53 30 145 137 67 139 185 23 75 185 92 
137 185 171 32 156 117 99 83 151 117 82 183 174 157 57 138 162 90 157 178 0 177 158 36 132 129 184 123 45 160 136 28 187 131 43 147 141 121 130 
39 188 177 49 63 118 178 39 134 114 56 79 151 71 142 60 161 32 145 178 79 0 116 65 170 102 108 113 159 116 108 71 180 81 145 92 72 111 90 
143 58 155 123 40 92 66 199 168 167 69 47 38 93 44 73 38 164 67 179 43 189 0 99 28 154 94 165 180 41 35 180 163 175 38 60 92 196 180 
87 91 197 199 181 109 182 38 131 36 149 112 140 196 125 186 30 151 177 168 144 170 28 0 102 133 125 168 137 160 54 42 38 155 74 115 124 45 59 
55 104 128 106 39 81 52 96 108 195 187 34 176 76 132 121 152 43 142 81 51 44 175 81 0 153 155 132 159 136 30 84 40 54 139 198 194 51 30 
73 126 130 140 28 199 32 45 146 115 153 31 66 101 20 186 113 163 25 64 48 177 130 158 170 0 116 154 23 67 42 152 27 70 185 189 22 47 186 
180 194 131 153 186 119 76 71 159 173 65 25 87 91 101 84 180 189 177 139 138 190 121 74 127 135 0 55 167 187 101 183 122 27 84 65 133 114 53 
176 87 138 167 78 153 89 65 187 174 170 123 175 173 42 111 136 77 75 46 104 41 47 167 182 141 123 0 156 39 50 166 101 68 152 181 32 193 178 
27 147 195 151 169 107 128 127 124 86 80 86 54 155 56 34 72 85 162 185 81 35 42 77 34 48 197 148 0 71 71 147 170 109 75 53 76 183 29 
79 174 110 157 27 120 92 121 82 106 45 77 165 177 93 69 60 173 64 81 110 113 28 167 186 180 79 172 125 0 26 164 200 187 147 140 105 62 165 
163 26 165 38 34 56 192 68 78 141 188 108 125 120 48 183 129 71 183 107 75 87 151 116 85 118 175 175 144 122 0 92 42 106 183 72 99 31 138 
136 85 78 185 35 199 142 196 136 88 144 74 142 55 55 60 152 39 24 186 153 23 52 53 198 50 54 130 66 127 58 0 85 178 200 119 76 67 101 
196 129 182 121 51 133 39 111 122 44 184 106 131 127 132 102 67 167 119 47 103 193 61 163 193 175 29 142 23 83 53 69 0 146 42 173 70 66 42 
67 133 182 154 176 165 178 99 53 99 188 167 45 48 123 194 158 200 89 193 37 46 20 169 199 79 63 104 177 152 96 119 103 0 101 42 178 77 102 
135 63 63 158 45 72 110 45 149 183 177 47 35 197 81 63 172 158 114 115 48 129 114 94 69 75 134 139 83 183 115 180 25 140 0 109 177 154 115 
72 129 123 115 170 61 192 90 105 63 126 161 20 102 168 114 61 103 172 82 58 111 157 36 66 150 126 34 131 27 82 186 177 43 80 0 61 74 192 
151 107 148 85 74 199 53 23 45 30 58 181 91 38 157 142 116 174 108 88 138 140 124 76 106 143 67 116 178 110 174 72 108 51 23 32 0 141 167 
116 80 76 128 63 140 138 57 55 58 176 156 148 47 115 182 133 148 143 55 183 72 176 32 81 49 30 178 44 44 70 39 105 23 98 46 165 0 138 
112 28 156 24 21 40 122 145 109 164 139 160 97 135 137 115 148 62 84 116 88 160 121 20 64 175 177 30 56 59 97 74 153 183 135 168 58 188 0 

t'''[i][j]=
0 87 155 170 60 95 50 197 159 159 176 170 159 68 121 40 
87 0 126 87 29 141 141 102 79 47 127 62 101 106 168 45 
139 153 0 141 84 110 51 91 88 168 54 125 175 93 83 23 
134 26 94 0 47 42 71 44 163 74 55 164 100 117 101 108 
199 87 181 105 0 86 134 131 111 141 81 137 21 115 134 74 
54 67 84 50 114 0 47 81 165 27 175 188 39 178 30 190 
136 199 97 109 150 172 0 161 126 143 86 144 173 142 31 127 
59 171 31 123 138 132 118 0 92 108 113 126 100 199 95 33 
36 51 110 58 86 136 97 195 0 106 64 62 110 45 61 130 
30 117 107 132 104 150 124 24 99 0 71 155 68 50 21 184 
36 106 78 73 103 170 89 114 72 191 0 111 31 89 103 56 
24 28 46 130 120 191 137 199 45 122 103 0 27 121 129 125 
39 37 153 133 101 176 111 149 130 115 93 84 0 43 163 178 
199 43 164 38 199 200 112 31 166 64 68 23 144 0 96 42 
160 192 39 57 194 130 142 130 109 186 64 134 174 45 0 35 
198 36 77 97 195 59 36 76 110 189 120 128 113 147 81 0 

d''[i][k]=
0 0 0 0 0 0 0 0 0 0 0 5 
0 0 0 0 0 0 0 0 0 0 2 3 
0 0 0 0 0 0 0 0 0 0 5 0 
0 0 0 0 0 0 0 0 0 0 6 0 
0 0 0 0 0 0 0 0 0 3 2 0 
0 0 0 0 0 0 0 0 0 6 0 0 
0 0 0 0 0 0 0 0 0 6 0 0 
0 0 0 0 0 0 0 0 4 2 0 0 
0 0 0 0 0 0 0 0 5 0 0 0 
0 0 0 0 0 0 0 0 5 0 0 0 
0 0 0 0 0 0 0 0 5 0 0 0 
0 0 0 0 0 0 0 5 1 0 0 0 
0 0 0 0 0 0 2 3 0 0 0 0 
0 0 0 0 0 0 5 0 0 0 0 0 
0 0 0 0 0 3 2 0 0 0 0 0 
0 0 0 0 0 7 0 0 0 0 0 0 
0 0 0 0 0 5 0 0 0 0 0 0 
0 0 0 0 0 5 0 0 0 0 0 0 
0 0 0 0 2 3 0 0 0 0 0 0 
0 0 0 0 6 0 0 0 0 0 0 0 
0 0 0 0 6 0 0 0 0 0 0 0 
0 0 0 5 0 0 0 0 0 0 0 0 
0 0 3 3 0 0 0 0 0 0 0 0 
0 0 6 0 0 0 0 0 0 0 0 0 
0 3 4 0 0 0 0 0 0 0 0 0 
0 6 0 0 0 0 0 0 0 0 0 0 
2 3 0 0 0 0 0 0 0 0 0 0 
5 0 0 0 0 0 0 0 0 0 0 0 
0 0 0 5 0 0 0 0 0 0 0 0 
0 0 0 6 0 0 0 0 0 0 0 0 
0 0 0 0 0 0 0 5 0 0 0 0 
0 0 0 0 0 0 5 0 0 0 0 0 
0 0 0 0 0 0 0 6 0 0 0 0 
0 0 0 0 0 0 0 0 0 0 0 5 
0 0 0 0 0 0 0 0 0 0 0 6 
0 0 0 0 0 0 0 0 0 0 0 5 
0 0 0 0 0 0 0 0 0 0 6 0 
0 0 0 0 0 0 0 0 0 0 0 5 

r''[i][k]=
0 0 0 0 0 0 0 0 0 0 0 0.6 
0 0 0 0 0 0 0 0 0 0 0.76 0.09 
0 0 0 0 0 0 0 0 0 0 0.1 0 
0 0 0 0 0 0 0 0 0 0 0.84 0 
0 0 0 0 0 0 0 0 0 0 0.86 0 
0 0 0 0 0 0 0 0 0 3.42 0 0 
0 0 0 0 0 0 0 0 0 5.04 0 0 
0 0 0 0 0 0 0 0 1.68 0.6 0 0 
0 0 0 0 0 0 0 0 0 0 0 0 
0 0 0 0 0 0 0 0 2.1 0 0 0 
0 0 0 0 0 0 0 0 1.2 0 0 0 
0 0 0 0 0 0 0 0.25 0.16 0 0 0 
0 0 0 0 0 0 0.02 0.12 0 0 0 0 
0 0 0 0 0 0 1.9 0 0 0 0 0 
0 0 0 0 0 0.36 0.08 0 0 0 0 0 
0 0 0 0 0 0.07 0 0 0 0 0 0 
0 0 0 0 0 1.05 0 0 0 0 0 0 
0 0 0 0 0 2.7 0 0 0 0 0 0 
0 0 0 0 0.3 0.57 0 0 0 0 0 0 
0 0 0 0 1.2 0 0 0 0 0 0 0 
0 0 0 0 1.62 0 0 0 0 0 0 0 
0 0 0 1.55 0 0 0 0 0 0 0 0 
0 0 0.99 0.51 0 0 0 0 0 0 0 0 
0 0 0 0 0 0 0 0 0 0 0 0 
0 0.6 0.12 0 0 0 0 0 0 0 0 0 
0 0.12 0 0 0 0 0 0 0 0 0 0 
0.18 0.6 0 0 0 0 0 0 0 0 0 0 
0.1 0 0 0 0 0 0 0 0 0 0 0 
0 0 0 0.4 0 0 0 0 0 0 0 0 
0 0 0 5.34 0 0 0 0 0 0 0 0 
0 0 0 0 0 0 0 0.65 0 0 0 0 
0 0 0 0 0 0 1.45 0 0 0 0 0 
0 0 0 0 0 0 0 1.14 0 0 0 0 
0 0 0 0 0 0 0 0 0 0 0 0 
0 0 0 0 0 0 0 0 0 0 0 0 
0 0 0 0 0 0 0 0 0 0 0 2.4 
0 0 0 0 0 0 0 0 0 0 1.8 0 
0 0 0 0 0 0 0 0 0 0 0 1.2 

p[k]=
0.04 0.04 0.04 0.01 0.02 0.05 0.03 0.01 0.03 0.03 0.01 0.02 

d'''[i][k]=
0 0 0 0 0 0 0 0 0 0 1 29 
0 0 0 0 0 0 0 0 0 0 5 0 
0 0 0 0 0 0 0 0 0 0 13 0 
0 0 0 0 0 0 0 0 0 3 2 0 
0 0 0 0 0 0 0 0 0 5 0 0 
0 0 0 0 0 0 0 0 0 5 0 0 
0 0 0 0 0 0 0 0 1 4 0 0 
0 0 0 0 0 0 0 0 5 0 0 0 
0 0 0 0 0 0 0 0 5 0 0 0 
0 0 0 0 0 0 0 0 5 0 0 0 
0 0 0 0 0 0 0 1 4 0 0 0 
0 0 0 0 0 0 12 18 0 0 0 0 
0 0 0 0 5 23 2 0 0 0 0 0 
0 0 2 19 9 0 0 0 0 0 0 0 
7 12 11 0 0 0 0 0 0 0 0 0 

r'''[i][k]=
0 0 0 0 0 0 0 0 0 0 0.22 8.99 
0 0 0 0 0 0 0 0 0 0 1.25 0 
0 0 0 0 0 0 0 0 0 0 8.97 0 
0 0 0 0 0 0 0 0 0 0.51 0.04 0 
0 0 0 0 0 0 0 0 0 1.3 0 0 
0 0 0 0 0 0 0 0 0 1.15 0 0 
0 0 0 0 0 0 0 0 0.03 0.04 0 0 
0 0 0 0 0 0 0 0 0.25 0 0 0 
0 0 0 0 0 0 0 0 0.45 0 0 0 
0 0 0 0 0 0 0 0 4.05 0 0 0 
0 0 0 0 0 0 0 0.33 0.36 0 0 0 
0 0 0 0 0 0 0.6 0.9 0 0 0 0 
0 0 0 0 1.05 4.37 0.86 0 0 0 0 0 
0 0 1.1 0.38 0.54 0 0 0 0 0 0 0 
0 4.56 5.39 0 0 0 0 0 0 0 0 0 
