|S|=4
|R|=6
|O|=5
|V|=10
q=70
c=1
Tmax=960
H=1000

e'[i][j]=
0 148 317 339 211 
126 0 88 140 190 
331 174 0 164 293 
334 67 488 0 92 
117 330 476 557 0 

e''[i][j]=
0 54 143 225 485 430 242 
366 0 128 101 185 246 278 
91 169 0 189 516 212 94 
403 333 143 0 243 200 199 
497 546 126 232 0 245 369 
317 118 505 424 234 0 500 
336 177 120 493 196 346 0 

e'''[i][j]=
0 135 436 476 253 341 
103 0 166 351 278 430 
263 177 0 555 307 418 
360 471 463 0 213 145 
126 295 529 503 0 346 
151 232 512 427 492 0 

t'[i][j]=
0 67 96 189 194 
52 0 128 50 193 
141 47 0 162 170 
136 124 69 0 122 
66 63 71 119 0 

t''[i][j]=
0 177 144 62 186 132 61 
34 0 80 24 54 137 77 
41 72 0 34 148 59 192 
171 65 134 0 188 86 106 
43 102 147 27 0 162 193 
43 187 30 153 59 0 188 
155 44 72 144 118 129 0 

t'''[i][j]=
0 173 178 137 36 141 
48 0 155 117 156 139 
184 186 0 32 146 164 
146 29 81 0 87 187 
30 137 81 145 0 108 
28 141 170 146 43 0 

d''[i][k]=
0 0 2 16 
0 12 14 0 
16 6 0 0 
19 0 0 0 
0 0 20 0 
0 0 0 17 

r''[i][k]=
0 0 0.2 2.24 
0 1.32 2.8 0 
3.68 0.9 0 0 
1.14 0 0 0 
0 0 1.2 0 
0 0 0 0.17 

p[k]=
0.04 0.05 0.04 0.01 

d'''[i][k]=
28 0 0 0 
0 0 11 5 
0 0 22 0 
7 18 3 0 
0 0 0 28 

r'''[i][k]=
2.8 0 0 0 
0 0 3.74 1.4 
0 0 6.6 0 
0.63 2.7 1.32 0 
0 0 0 0.28 
