|S|=7
|R|=23
|O|=10
|V|=20
q=150
c=1
Tmax=960
H=1000

e'[i][j]=
0 436 437 184 211 366 253 77 
354 0 261 213 320 107 386 227 
416 310 0 224 345 265 407 212 
321 446 289 0 110 460 150 408 
290 50 316 330 0 392 278 373 
115 457 398 283 245 0 68 459 
189 166 199 156 373 406 0 292 
435 66 390 205 183 236 82 0 

e''[i][j]=
0 363 215 475 328 235 143 381 219 308 420 239 306 385 377 164 52 199 455 128 348 430 275 50 
98 0 59 139 311 190 454 277 191 161 133 127 418 119 166 85 51 336 447 244 227 164 457 476 
170 88 0 302 117 110 361 398 244 177 298 302 332 101 53 318 266 322 331 313 97 167 108 177 
152 254 371 0 438 110 241 376 374 112 60 182 148 239 175 360 259 86 210 314 60 382 434 68 
186 282 52 300 0 313 445 204 293 175 169 280 135 99 340 163 105 67 92 442 158 375 281 202 
177 293 198 206 200 0 123 92 298 413 251 277 268 145 480 54 160 163 283 384 450 223 50 289 
367 229 152 186 409 222 0 274 240 316 171 196 126 174 380 419 222 238 462 118 212 273 101 480 
375 93 86 309 307 391 144 0 230 296 141 225 57 448 423 135 172 71 76 324 171 120 194 212 
479 85 382 385 97 285 195 434 0 249 418 255 299 328 132 224 108 343 135 154 169 297 255 148 
304 51 381 410 338 223 100 284 430 0 165 243 370 222 402 395 373 60 316 141 401 375 128 91 
442 467 53 369 176 381 325 437 468 354 0 196 407 353 460 143 284 144 279 210 371 415 99 107 
155 153 182 127 256 125 82 230 422 135 368 0 155 429 249 188 304 176 97 476 431 293 408 455 
281 111 423 151 185 324 437 419 289 103 192 309 0 54 64 191 76 122 372 260 163 56 264 337 
212 158 276 170 251 349 383 175 96 106 145 330 188 0 204 226 214 72 377 187 228 240 66 223 
283 295 404 68 212 455 458 223 270 91 330 199 261 82 0 88 270 212 86 76 224 371 352 86 
449 276 319 163 282 209 75 317 411 330 118 469 176 168 405 0 462 412 475 144 365 210 202 162 
168 215 273 288 84 135 121 97 74 304 201 152 316 59 418 397 0 102 339 446 452 217 146 321 
234 68 424 211 148 389 373 228 118 309 354 131 57 387 385 71 150 0 425 200 92 174 185 58 
306 220 175 90 155 329 239 464 189 238 93 259 159 234 295 139 265 159 0 368 325 225 262 148 
377 309 69 121 258 205 234 95 263 418 83 460 252 419 134 387 91 294 411 0 150 314 459 169 
309 405 79 167 302 277 100 182 262 137 139 53 278 355 305 316 404 177 243 62 0 268 139 419 
474 101 128 326 288 257 471 420 160 82 429 461 353 352 199 356 447 95 68 438 419 0 133 315 
267 88 124 176 234 184 367 111 181 422 49 58 329 129 258 106 272 316 260 471 250 469 0 419 
305 315 364 292 461 465 385 74 329 418 149 443 235 280 471 81 389 452 371 232 341 177 347 0 

e'''[i][j]=
0 394 292 297 208 159 263 199 480 376 463 
388 0 76 308 235 419 473 111 398 136 111 
415 123 0 345 73 411 373 389 167 374 259 
90 225 473 0 53 170 264 436 215 479 177 
443 391 256 441 0 252 450 304 147 360 130 
309 355 332 364 416 0 450 139 343 84 138 
150 414 165 73 248 116 0 56 167 323 250 
431 390 444 77 436 310 327 0 335 249 235 
93 114 255 117 143 65 210 121 0 283 469 
236 184 470 434 301 145 317 456 151 0 423 
155 469 136 259 275 436 72 90 389 110 0 

t'[i][j]=
0 58 48 70 77 60 53 37 
26 0 78 43 67 66 80 59 
45 33 0 35 82 30 63 23 
80 24 71 0 49 33 86 52 
34 88 73 75 0 74 37 33 
34 74 87 30 82 0 56 87 
86 69 99 63 33 80 0 43 
21 80 36 47 32 35 61 0 

t''[i][j]=
0 80 61 98 45 89 55 99 81 64 71 84 83 25 44 37 49 48 96 88 99 34 98 87 
62 0 47 62 38 75 71 83 72 34 43 95 34 32 48 32 69 48 89 57 78 88 23 21 
89 54 0 59 44 87 23 97 87 78 41 49 50 45 56 100 21 28 100 75 44 34 32 52 
41 29 70 0 59 68 69 51 54 70 88 59 58 93 79 72 86 30 98 37 47 56 23 81 
88 71 58 95 0 45 55 91 74 77 74 34 65 70 59 28 36 95 48 41 87 53 74 34 
82 66 37 97 32 0 72 34 58 58 91 50 67 83 49 86 41 86 93 39 77 38 44 30 
72 87 44 79 65 49 0 85 21 53 30 68 84 82 29 58 55 22 77 72 78 35 20 29 
80 29 73 52 84 72 27 0 51 33 37 38 47 40 55 96 27 78 37 78 30 43 93 79 
90 84 97 29 79 56 75 94 0 99 73 49 40 78 91 97 96 87 46 31 34 66 97 42 
22 91 89 23 99 27 71 78 50 0 51 48 90 32 75 84 20 96 50 73 93 62 89 37 
79 79 79 97 83 89 20 41 95 27 0 34 96 39 24 48 70 60 48 57 91 70 80 26 
27 43 26 66 76 63 36 43 44 79 65 0 40 27 65 74 26 60 87 59 29 51 20 87 
55 57 59 53 20 41 65 51 93 96 23 75 0 76 93 83 66 21 51 88 40 89 54 24 
44 30 85 65 53 100 22 97 59 27 24 70 76 0 78 24 25 95 40 70 100 60 77 29 
21 47 22 65 38 35 34 22 84 76 57 59 42 42 0 70 62 42 74 80 65 72 78 95 
83 41 21 39 89 21 28 48 26 83 58 96 45 54 94 0 33 98 81 73 50 80 40 38 
78 40 83 91 95 88 20 20 57 64 57 68 97 49 90 80 0 69 46 84 33 30 77 83 
28 48 57 78 55 96 33 52 32 78 62 36 48 97 35 88 60 0 58 28 40 56 100 57 
49 52 92 78 60 97 53 89 39 96 20 35 20 41 37 86 93 84 0 82 52 40 82 40 
69 24 88 65 61 65 25 81 57 55 50 66 51 75 61 27 26 36 57 0 73 60 75 52 
46 68 75 76 88 25 39 64 88 22 46 54 92 92 79 54 49 64 82 20 0 98 74 92 
93 31 69 79 79 42 65 29 80 40 100 92 54 41 81 76 76 57 62 53 67 0 25 80 
96 62 45 60 49 26 46 73 76 81 23 96 67 94 94 28 51 20 23 87 92 98 0 22 
61 83 77 95 88 83 27 94 51 31 83 80 90 81 44 81 98 24 84 35 91 24 80 0 

t'''[i][j]=
0 35 61 97 58 35 26 49 29 31 82 
71 0 98 63 84 25 52 31 79 70 71 
61 76 0 44 91 67 34 54 30 86 75 
83 78 69 0 94 94 75 27 88 65 84 
84 42 83 63 0 20 80 98 32 52 59 
59 89 97 54 94 0 49 95 46 33 100 
23 90 60 71 59 67 0 20 97 24 45 
100 41 76 61 91 48 35 0 77 62 64 
75 63 51 35 88 22 71 83 0 56 64 
69 33 67 98 65 80 65 70 30 0 24 
58 74 58 28 35 98 44 93 25 75 0 

d''[i][k]=
0 0 0 0 0 4 1 
0 0 0 0 1 5 0 
0 0 0 0 6 0 0 
0 0 0 0 5 0 0 
0 0 0 3 2 0 0 
0 0 0 6 0 0 0 
0 0 0 5 0 0 0 
0 0 2 4 0 0 0 
0 0 5 0 0 0 0 
0 0 5 0 0 0 0 
0 0 5 0 0 0 0 
0 2 3 0 0 0 0 
0 5 0 0 0 0 0 
0 5 0 0 0 0 0 
0 5 0 0 0 0 0 
2 3 0 0 0 0 0 
6 0 0 0 0 0 0 
5 0 0 0 0 0 0 
5 0 0 0 0 0 0 
0 0 0 0 0 0 5 
0 0 0 0 0 6 0 
0 0 0 0 0 0 5 
0 0 0 0 0 0 5 

r''[i][k]=
0 0 0 0 0 2.08 0.22 
0 0 0 0 0.39 0.4 0 
0 0 0 0 2.46 0 0 
0 0 0 0 0.1 0 0 
0 0 0 2.46 0.06 0 0 
0 0 0 0.6 0 0 0 
0 0 0 0.45 0 0 0 
0 0 0.56 0.2 0 0 0 
0 0 0.4 0 0 0 0 
0 0 1.5 0 0 0 0 
0 0 1.3 0 0 0 0 
0 0.22 0.03 0 0 0 0 
0 1.2 0 0 0 0 0 
0 0.35 0 0 0 0 0 
0 1.25 0 0 0 0 0 
0.28 1.26 0 0 0 0 0 
0.18 0 0 0 0 0 0 
0.55 0 0 0 0 0 0 
0.8 0 0 0 0 0 0 
0 0 0 0 0 0 0.1 
0 0 0 0 0 0.96 0 
0 0 0 0 0 0 2.65 
0 0 0 0 0 0 1.3 

p[k]=
0.03 0.03 0.04 0.03 0.04 0.01 0.05 

d'''[i][k]=
0 0 0 0 0 4 16 
0 0 0 0 9 11 0 
0 0 0 0 5 0 0 
0 0 0 5 0 0 0 
0 0 0 5 0 0 0 
0 0 0 5 0 0 0 
0 0 2 3 0 0 0 
0 0 16 0 0 0 0 
0 18 2 0 0 0 0 
18 2 0 0 0 0 0 

r'''[i][k]=
0 0 0 0 0 1.24 0.64 
0 0 0 0 0.81 0.77 0 
0 0 0 0 0.3 0 0 
0 0 0 1.35 0 0 0 
0 0 0 0.65 0 0 0 
0 0 0 0.25 0 0 0 
0 0 1.02 0.66 0 0 0 
0 0 12.32 0 0 0 0 
0 3.78 0.78 0 0 0 0 
7.74 0.14 0 0 0 0 0 
