|S|=4
|R|=6
|O|=5
|V|=10
q=70
c=1
Tmax=960
H=1000

e'[i][j]=
0 241 371 138 167 
288 0 296 310 133 
438 262 0 132 393 
521 432 324 0 327 
404 347 293 381 0 

e''[i][j]=
0 463 354 78 247 426 104 
253 0 51 174 149 92 305 
545 90 0 66 352 341 350 
402 217 363 0 334 57 552 
270 359 204 286 0 541 484 
559 101 441 524 393 0 535 
140 171 231 223 267 487 0 

e'''[i][j]=
0 183 352 149 300 158 
111 0 195 253 367 432 
309 154 0 60 430 178 
183 180 213 0 229 316 
131 163 310 451 0 522 
371 527 312 445 344 0 

t'[i][j]=
0 198 91 137 116 
176 0 102 144 149 
93 93 0 40 195 
73 143 185 0 168 
100 43 107 114 0 

t''[i][j]=
0 110 106 36 198 88 46 
58 0 95 129 200 117 172 
189 150 0 42 59 45 34 
162 159 135 0 59 134 180 
57 90 99 85 0 176 40 
186 90 83 91 184 0 141 
177 97 38 55 158 141 0 

t'''[i][j]=
0 177 170 185 42 122 
68 0 111 190 42 143 
156 57 0 191 32 157 
104 48 64 0 137 108 
120 84 50 132 0 39 
24 75 119 46 63 0 

d''[i][k]=
0 13 0 0 
3 9 0 0 
17 0 0 0 
20 0 0 0 
0 5 13 0 
0 2 0 14 

r''[i][k]=
0 9.88 0 0 
0.93 1.26 0 0 
1.36 0 0 0 
1.6 0 0 0 
0 2.5 7.93 0 
0 0.24 0 7.14 

p[k]=
0.01 0.05 0.01 0.05 

d'''[i][k]=
0 0 3 14 
0 13 10 0 
0 10 0 0 
17 6 0 0 
23 0 0 0 

r'''[i][k]=
0 0 0.84 1.26 
0 4.16 7.4 0 
0 0.7 0 0 
4.93 0.42 0 0 
1.84 0 0 0 
