|S|=12
|R|=38
|O|=15
|V|=30
q=150
c=1
Tmax=960
H=1000

e'[i][j]=
0 348 295 234 555 57 141 554 500 327 53 229 295 
560 0 247 66 158 245 246 435 457 253 388 316 499 
145 214 0 122 364 115 130 488 431 407 500 309 391 
349 321 52 0 84 131 106 359 364 409 433 540 153 
252 348 132 533 0 538 117 315 87 282 406 262 482 
426 440 109 331 243 0 557 321 114 535 52 326 327 
356 136 273 198 455 543 0 484 291 549 362 476 348 
443 414 181 274 341 460 278 0 257 466 309 528 188 
292 350 329 330 407 487 403 475 0 313 554 309 297 
477 215 551 220 498 346 146 516 333 0 132 200 557 
133 404 480 521 392 531 365 380 197 85 0 524 339 
77 253 376 509 107 182 297 53 90 109 248 0 520 
155 374 335 142 340 203 239 346 334 336 552 297 0 

e''[i][j]=
0 412 205 466 172 176 158 239 298 244 406 474 294 87 111 145 121 449 259 494 415 425 84 483 224 250 327 264 370 414 431 172 546 526 499 327 382 228 560 
377 0 505 217 336 215 137 63 248 326 438 368 395 273 255 184 350 392 407 288 398 446 285 338 371 163 455 159 417 226 56 357 532 341 474 185 472 242 544 
358 70 0 304 196 396 130 403 389 206 546 252 210 107 292 252 56 114 198 169 395 461 229 342 406 340 495 62 102 304 254 278 364 440 339 508 539 539 510 
288 100 480 0 405 519 531 314 78 518 503 471 554 519 492 473 158 336 548 310 110 119 146 188 267 450 213 123 190 345 347 327 140 194 420 184 331 328 415 
60 361 130 127 0 272 48 474 96 282 322 514 540 315 493 467 511 171 362 246 426 477 175 298 310 373 266 293 245 303 379 80 505 64 439 392 65 170 291 
167 299 458 462 538 0 199 433 374 281 301 488 518 115 456 488 508 323 170 169 542 337 215 257 362 267 157 529 316 421 348 114 296 291 410 390 556 89 293 
163 483 428 139 201 395 0 277 230 499 549 128 233 358 385 265 89 140 223 354 479 348 364 145 76 463 236 520 276 427 442 330 417 214 508 109 290 435 189 
84 144 370 157 275 546 434 0 559 108 54 201 179 99 77 380 361 466 119 390 254 408 87 268 229 396 496 541 273 359 545 145 362 328 229 64 413 427 192 
242 232 308 187 61 478 548 283 0 163 99 369 391 166 154 502 276 143 486 171 371 181 345 193 73 343 334 234 232 461 395 173 64 183 505 444 219 259 496 
207 197 522 332 131 73 132 475 370 0 207 433 297 350 160 422 346 322 256 160 347 157 137 281 160 384 189 382 268 248 296 474 225 193 401 171 463 394 71 
131 480 276 238 95 481 67 475 383 486 0 471 456 514 198 254 144 66 313 398 308 133 136 180 528 466 373 520 321 495 78 494 240 558 279 386 502 451 101 
455 353 66 347 341 549 407 486 290 554 413 0 164 201 440 107 330 201 364 148 424 536 117 270 321 216 120 449 185 319 94 455 203 144 168 79 279 158 76 
139 149 278 149 278 403 349 164 448 128 251 281 0 289 525 198 261 237 324 196 479 273 490 215 410 112 209 316 182 390 457 403 514 242 504 80 280 83 264 
71 234 48 404 285 400 94 286 347 437 131 182 491 0 270 510 355 355 148 81 195 482 490 281 84 427 434 318 202 127 246 459 514 532 363 384 61 157 423 
276 161 61 520 329 443 551 381 457 285 110 481 371 139 0 409 247 389 456 501 187 325 272 560 400 386 198 168 430 396 357 347 460 196 437 425 153 314 92 
275 302 555 375 254 553 324 514 103 437 507 554 495 504 197 0 317 407 532 308 247 488 511 179 179 55 237 261 551 479 315 79 484 218 291 258 464 229 322 
306 479 199 332 134 193 274 179 348 143 288 351 346 318 493 323 0 248 102 242 330 302 429 470 513 512 348 540 522 275 231 395 102 274 390 377 259 229 443 
245 172 396 360 70 395 479 417 490 208 255 554 387 138 352 391 229 0 200 372 122 394 549 108 514 316 111 156 488 175 313 503 283 522 292 528 112 68 223 
513 542 287 395 520 280 63 139 469 236 197 186 435 463 321 395 379 376 0 449 120 228 125 379 491 122 348 308 286 546 117 417 332 53 156 55 335 391 424 
282 314 417 367 249 246 461 52 306 473 323 166 200 80 512 482 406 360 381 0 450 496 89 60 300 531 315 198 542 541 389 368 199 525 213 120 498 457 244 
433 114 236 487 184 387 51 460 462 50 215 441 249 385 314 162 492 265 217 475 0 259 449 279 91 120 191 550 134 479 57 306 228 417 112 91 513 151 538 
286 171 478 286 180 506 431 317 414 446 527 444 420 141 509 322 334 111 411 230 340 0 237 174 199 277 63 49 129 339 348 481 469 330 225 449 79 282 526 
131 490 96 255 230 317 90 360 554 259 90 57 346 272 356 96 51 411 80 512 263 291 0 468 423 50 89 397 335 451 512 216 514 54 495 387 287 237 420 
168 337 499 396 129 457 278 427 134 216 425 118 459 93 159 448 221 69 364 554 416 203 121 0 241 485 87 86 230 479 510 105 316 224 544 96 139 432 171 
355 173 205 316 55 282 548 443 503 293 474 106 559 163 166 545 507 411 466 547 538 151 481 354 0 100 269 503 546 147 188 437 372 258 389 230 96 261 62 
106 480 333 102 116 457 116 95 265 135 532 377 367 415 463 204 394 548 373 457 351 514 246 175 543 0 420 162 421 412 539 265 545 140 254 368 475 201 465 
154 327 154 386 393 402 226 536 350 170 259 395 399 494 80 536 277 416 150 323 552 124 211 172 184 543 0 551 265 153 259 324 261 113 324 114 250 124 401 
93 123 309 122 100 278 392 269 221 114 211 377 176 309 415 161 76 258 339 265 144 529 321 119 94 392 370 0 528 334 505 492 212 301 262 374 413 301 91 
252 516 469 511 147 508 118 183 354 191 440 248 461 246 321 194 397 463 463 224 401 556 520 414 358 167 442 462 0 480 56 540 117 345 279 318 267 110 390 
353 386 443 334 336 152 306 147 112 449 392 249 451 265 363 217 369 168 544 473 390 364 175 270 126 418 133 129 193 0 286 496 327 437 322 73 552 94 386 
216 57 430 328 77 292 80 177 266 308 127 54 297 533 156 382 333 273 385 156 271 502 139 171 375 138 560 229 482 142 0 352 317 277 358 502 402 551 95 
122 506 379 487 400 460 280 181 384 489 537 315 267 199 447 268 311 197 196 289 209 112 238 205 364 491 488 146 298 305 535 0 115 187 59 157 415 532 464 
500 178 121 345 327 204 86 469 95 354 204 461 329 318 119 469 77 56 301 321 530 400 521 322 344 254 260 116 447 406 463 112 0 357 78 359 454 52 348 
78 391 345 293 134 302 529 307 122 260 367 207 96 386 513 175 87 496 345 121 486 299 255 494 58 93 177 148 110 242 392 263 347 0 178 278 175 437 353 
251 329 273 392 145 186 220 293 113 506 450 180 122 472 438 463 512 135 306 461 332 247 70 496 89 521 67 276 166 189 145 322 191 302 0 301 178 496 141 
443 58 336 483 256 252 499 64 53 508 209 532 553 495 391 355 402 365 209 475 264 320 529 139 362 386 119 426 475 88 205 449 139 297 384 0 358 198 84 
217 137 451 253 554 143 236 511 426 550 201 155 80 285 386 304 531 459 372 421 479 208 278 524 539 337 405 166 501 492 305 101 335 285 86 229 0 547 436 
243 414 167 60 555 241 532 429 148 548 70 325 225 347 425 97 440 415 445 407 511 365 64 177 257 128 175 354 259 287 251 422 219 487 74 534 74 0 205 
428 489 116 522 317 436 524 474 150 105 441 530 441 308 462 396 123 130 370 541 287 401 138 251 507 247 146 192 342 232 388 229 272 424 452 319 447 81 0 

e'''[i][j]=
0 297 306 369 145 190 469 61 530 289 479 451 360 63 122 73 
262 0 222 508 381 541 538 434 421 292 309 299 120 385 506 401 
227 241 0 475 548 506 458 293 84 209 194 186 202 386 311 194 
266 53 268 0 358 348 70 229 397 477 109 543 356 101 416 542 
229 531 165 61 0 56 262 304 383 218 186 90 304 214 249 288 
91 133 340 166 189 0 166 78 252 525 85 369 486 228 233 48 
274 102 318 265 369 203 0 194 122 318 546 341 442 98 198 499 
274 388 288 166 372 144 191 0 138 84 302 132 207 318 254 300 
192 394 127 554 404 349 377 386 0 412 128 66 362 541 294 82 
522 160 549 285 354 536 496 320 0 0 126 225 151 414 477 63 
410 366 471 445 468 129 247 184 223 211 0 366 225 82 364 270 
105 499 262 500 138 371 197 386 376 404 460 0 92 125 247 53 
160 428 418 109 477 467 223 434 138 156 122 545 0 241 97 494 
169 320 216 414 122 414 534 335 482 417 248 149 259 0 219 107 
497 473 441 403 334 56 213 285 304 438 177 304 214 254 0 342 
321 115 84 506 97 145 547 286 246 158 521 53 150 107 252 0 

t'[i][j]=
0 31 178 149 162 145 168 166 148 76 102 145 20 
160 0 145 101 192 122 60 131 81 114 52 169 194 
97 54 0 55 133 32 54 130 169 113 193 79 33 
114 30 84 0 44 97 130 56 170 184 41 173 24 
60 192 149 90 0 147 69 53 20 141 133 146 180 
144 22 102 200 31 0 109 39 165 90 167 182 168 
54 194 196 174 129 134 0 45 100 69 192 105 74 
160 35 117 176 29 90 200 0 100 26 139 56 124 
103 73 182 99 105 161 102 110 0 125 149 43 195 
35 85 107 121 99 49 89 166 189 0 137 62 26 
164 119 185 119 109 127 24 189 118 56 0 32 120 
89 129 94 125 98 148 192 89 80 162 115 0 76 
25 95 44 43 45 139 135 41 127 35 44 109 0 

t''[i][j]=
0 61 44 109 132 90 96 132 134 51 50 40 43 93 121 137 61 141 116 61 71 26 161 148 190 81 141 177 152 20 52 111 126 163 61 33 168 84 128 
45 0 50 118 197 184 90 186 191 189 20 114 157 30 148 59 86 32 96 117 130 130 116 180 113 131 107 32 104 54 154 82 184 57 122 161 141 118 135 
151 175 0 106 180 59 121 65 74 75 135 170 128 33 108 82 171 181 140 199 127 40 86 29 20 170 196 186 82 169 30 42 178 70 102 188 99 22 180 
56 66 182 0 92 131 185 149 73 199 181 116 28 104 40 45 199 176 149 157 46 29 168 132 75 37 171 198 93 34 146 50 36 153 116 182 144 33 144 
53 159 62 37 0 60 68 25 85 47 48 138 171 49 66 36 155 142 67 190 30 79 158 42 171 162 67 155 80 161 36 198 37 139 129 113 150 21 29 
72 129 129 76 26 0 109 82 91 56 164 72 116 177 193 62 173 161 25 95 191 100 94 137 51 187 131 147 184 195 54 163 21 174 28 136 195 146 87 
136 35 177 179 80 189 0 181 105 36 29 50 74 56 48 146 161 65 177 127 126 119 180 58 181 191 168 78 177 142 58 128 101 51 141 20 183 40 168 
87 83 181 137 140 106 188 0 185 120 140 115 32 159 175 98 88 185 39 70 145 95 101 109 81 197 166 144 20 170 70 58 183 66 73 108 52 74 176 
114 105 33 102 186 77 197 162 0 134 60 182 151 168 61 108 28 105 139 74 181 144 129 130 25 78 84 39 35 29 143 99 76 28 172 101 171 181 186 
67 182 149 170 186 44 144 73 68 0 90 119 115 136 154 170 59 27 185 194 75 179 54 163 149 96 24 103 36 183 143 63 149 111 33 122 67 49 85 
141 38 104 100 76 180 164 154 156 168 0 141 112 34 136 34 34 100 124 55 188 121 102 138 84 116 78 102 97 69 181 106 40 23 135 34 45 151 60 
175 63 75 116 49 28 77 116 57 145 49 0 186 136 196 176 99 77 162 89 187 45 151 50 114 133 27 77 77 122 185 130 29 20 66 39 172 193 157 
88 90 170 45 62 36 156 120 41 104 135 87 0 81 51 91 53 75 138 141 124 136 170 125 189 20 169 156 193 76 151 36 66 148 21 98 39 42 93 
141 173 33 77 177 99 59 68 68 162 113 75 185 0 195 44 54 132 69 157 56 54 156 130 25 152 80 71 54 63 57 177 150 186 137 124 149 66 85 
53 132 112 163 166 174 199 196 115 107 28 30 178 25 0 119 96 43 108 159 194 112 136 123 53 167 175 124 140 52 188 104 88 48 124 132 176 134 101 
71 102 91 145 59 183 77 186 186 124 142 58 176 177 21 0 71 197 72 69 130 152 53 33 134 84 148 60 148 56 87 86 22 37 91 172 86 165 63 
94 94 76 137 167 172 73 46 145 26 25 185 67 193 86 99 0 33 141 163 88 63 24 162 124 158 193 26 146 95 107 84 107 148 21 31 33 58 194 
181 148 102 98 44 144 105 90 158 51 188 118 37 142 153 159 112 0 23 103 64 63 70 195 79 181 117 24 137 115 166 62 146 42 82 140 125 156 31 
118 154 132 71 69 61 171 143 178 162 78 141 37 181 138 168 52 166 0 91 182 27 150 20 198 151 176 96 49 177 125 112 190 26 147 111 199 87 148 
28 139 180 140 173 138 23 24 151 58 198 148 44 48 71 51 158 172 178 0 187 148 34 85 194 111 151 50 126 35 166 148 53 85 138 121 73 98 36 
164 57 122 102 145 63 148 55 115 137 178 147 132 172 47 155 45 179 76 105 0 34 157 187 61 33 75 59 29 54 95 38 140 164 25 143 23 20 94 
55 65 131 194 154 103 35 175 25 22 84 106 116 93 89 38 99 76 115 166 75 0 77 112 52 153 113 88 40 23 24 184 172 141 152 185 185 199 196 
54 79 94 182 110 110 190 119 141 120 163 66 122 143 107 173 119 192 133 172 133 139 0 49 69 150 38 84 99 54 195 178 196 102 179 103 37 62 25 
170 100 195 191 92 136 79 195 192 196 128 103 116 48 31 31 163 91 78 142 150 124 152 0 134 133 72 69 40 160 99 141 71 115 31 99 133 185 86 
165 88 147 184 121 51 59 126 78 164 88 135 105 131 81 145 102 200 139 155 79 140 80 127 0 191 169 181 93 91 45 187 90 27 37 192 35 94 190 
101 124 170 79 113 145 108 111 22 136 58 100 173 69 71 21 80 109 115 146 131 121 102 94 166 0 50 104 148 105 85 181 132 43 158 124 26 57 165 
42 189 182 59 57 90 58 169 181 69 106 198 136 74 122 57 22 120 75 62 154 28 152 125 29 188 0 20 51 52 79 97 88 56 88 105 44 135 33 
176 67 83 183 128 142 109 120 48 172 80 148 172 133 198 147 176 142 59 110 39 81 129 139 102 171 185 0 40 21 47 75 43 21 162 182 83 127 68 
122 104 165 153 61 191 194 135 58 54 150 117 190 128 161 59 101 191 158 94 175 43 133 102 125 169 105 59 0 156 197 167 115 20 122 54 80 75 183 
175 25 105 54 45 189 122 34 34 174 156 103 171 73 85 105 31 58 107 47 33 66 124 74 73 51 156 39 26 0 28 136 104 157 122 49 129 47 189 
132 127 72 164 43 61 135 132 124 45 164 77 90 137 133 185 159 129 147 200 170 166 48 41 162 149 162 62 139 55 0 119 150 95 195 131 86 91 83 
122 186 90 120 64 118 52 97 25 46 35 162 34 111 21 139 110 46 49 87 104 125 73 109 92 106 95 31 157 55 121 0 117 100 107 32 179 73 34 
92 93 107 84 25 91 106 129 158 71 81 199 170 64 181 93 175 105 152 192 165 134 122 116 164 192 71 194 91 94 145 33 0 20 22 194 164 52 36 
109 150 165 60 133 124 118 133 183 74 74 74 80 25 194 124 52 163 165 169 182 107 31 173 33 151 68 84 55 77 168 101 94 0 27 126 99 55 129 
141 28 164 45 94 107 150 95 195 66 113 107 168 48 53 134 32 164 91 64 62 22 105 154 178 157 143 120 196 32 69 23 98 27 0 49 125 158 107 
107 78 150 107 32 44 131 67 150 180 72 102 194 145 155 163 77 45 99 64 44 175 47 156 116 81 126 199 98 119 182 111 45 137 26 0 117 65 26 
192 29 199 37 29 148 175 167 65 152 34 28 176 128 196 27 151 169 190 58 169 46 144 83 198 134 161 138 108 39 131 134 75 61 180 159 0 113 67 
135 95 115 103 141 177 157 84 55 152 126 125 190 126 175 121 105 50 195 125 64 120 105 30 157 143 73 103 46 32 192 26 48 52 196 80 106 0 130 
121 84 126 133 106 65 135 70 194 53 45 192 124 100 112 179 65 104 54 66 163 63 48 78 38 62 41 178 190 57 114 114 29 113 181 38 67 118 0 

t'''[i][j]=
0 66 200 60 42 162 20 69 50 200 131 76 109 179 152 163 
56 0 129 190 159 73 67 87 27 118 94 160 40 36 59 81 
181 48 0 62 165 34 115 180 169 115 124 190 162 148 120 97 
95 30 146 0 37 136 140 100 115 165 77 139 42 119 37 109 
79 136 79 131 0 77 115 85 100 116 110 75 135 74 131 193 
66 102 171 191 32 0 184 82 110 163 155 99 84 46 56 39 
151 112 199 118 79 176 0 125 167 56 66 94 20 28 21 48 
156 95 78 155 33 34 163 0 124 38 187 28 49 149 121 109 
84 122 48 21 31 91 145 137 0 102 72 66 120 22 54 120 
157 75 58 190 54 84 181 154 130 0 139 128 22 127 39 112 
34 47 171 181 192 140 158 26 173 89 0 78 79 40 29 100 
138 200 142 200 133 59 154 106 117 91 23 0 196 105 32 69 
122 143 95 197 171 172 33 168 184 160 75 168 0 169 63 122 
160 169 181 122 134 166 32 47 52 46 72 48 111 0 189 112 
31 153 21 190 96 93 198 142 168 177 48 49 138 186 0 50 
137 108 91 105 193 199 158 92 28 55 200 127 152 54 69 0 

d''[i][k]=
0 0 0 0 0 0 0 0 0 0 6 2 
0 0 0 0 0 0 0 0 0 6 1 0 
0 0 0 0 0 0 0 0 0 5 0 0 
0 0 0 0 0 0 0 0 0 5 0 0 
0 0 0 0 0 0 0 0 0 5 0 0 
0 0 0 0 0 0 0 0 0 6 0 0 
0 0 0 0 0 0 0 0 5 2 0 0 
0 0 0 0 0 0 0 0 6 0 0 0 
0 0 0 0 0 0 0 0 6 0 0 0 
0 0 0 0 0 0 0 0 7 0 0 0 
0 0 0 0 0 0 0 1 5 0 0 0 
0 0 0 0 0 0 2 4 0 0 0 0 
0 0 0 0 0 0 8 0 0 0 0 0 
0 0 0 0 0 7 3 0 0 0 0 0 
0 0 0 0 0 5 0 0 0 0 0 0 
0 0 0 0 0 7 0 0 0 0 0 0 
0 0 0 0 3 5 0 0 0 0 0 0 
0 0 0 0 7 0 0 0 0 0 0 0 
0 0 0 0 7 0 0 0 0 0 0 0 
0 0 1 0 5 0 0 0 0 0 0 0 
0 3 3 0 0 0 0 0 0 0 0 0 
0 8 0 0 0 0 0 0 0 0 0 0 
0 9 0 0 0 0 0 0 0 0 0 0 
0 7 0 0 0 0 0 0 0 0 0 0 
4 2 0 0 0 0 0 0 0 0 0 0 
8 0 0 0 0 0 0 0 0 0 0 0 
8 0 0 0 0 0 0 0 0 0 0 0 
7 0 0 0 0 0 0 0 0 0 0 0 
0 0 0 6 0 0 0 0 0 0 0 0 
0 0 7 2 0 0 0 0 0 0 0 0 
0 0 0 0 0 0 0 7 0 0 0 0 
0 0 0 0 0 0 5 0 0 0 0 0 
0 0 0 0 0 0 0 8 0 0 0 0 
0 0 0 0 0 0 0 5 0 0 0 0 
0 0 0 0 0 0 0 0 0 0 0 6 
0 0 0 0 0 0 0 0 0 0 0 8 
0 0 0 0 0 0 0 0 0 0 0 6 
0 0 0 0 0 0 0 0 0 0 0 6 

r''[i][k]=
0 0 0 0 0 0 0 0 0 0 0.72 0.72 
0 0 0 0 0 0 0 0 0 1.74 0 0 
0 0 0 0 0 0 0 0 0 0.45 0 0 
0 0 0 0 0 0 0 0 0 2.35 0 0 
0 0 0 0 0 0 0 0 0 0.1 0 0 
0 0 0 0 0 0 0 0 0 0 0 0 
0 0 0 0 0 0 0 0 0.55 0.08 0 0 
0 0 0 0 0 0 0 0 0 0 0 0 
0 0 0 0 0 0 0 0 0.12 0 0 0 
0 0 0 0 0 0 0 0 0.56 0 0 0 
0 0 0 0 0 0 0 0 0.6 0 0 0 
0 0 0 0 0 0 0.88 0 0 0 0 0 
0 0 0 0 0 0 0.64 0 0 0 0 0 
0 0 0 0 0 0.98 1.77 0 0 0 0 0 
0 0 0 0 0 0.35 0 0 0 0 0 0 
0 0 0 0 0 2.8 0 0 0 0 0 0 
0 0 0 0 1.62 0.95 0 0 0 0 0 0 
0 0 0 0 1.26 0 0 0 0 0 0 0 
0 0 0 0 3.5 0 0 0 0 0 0 0 
0 0 0.07 0 1.2 0 0 0 0 0 0 0 
0 0 0.3 0 0 0 0 0 0 0 0 0 
0 3.2 0 0 0 0 0 0 0 0 0 0 
0 0.36 0 0 0 0 0 0 0 0 0 0 
0 3.15 0 0 0 0 0 0 0 0 0 0 
0.04 0.52 0 0 0 0 0 0 0 0 0 0 
0.4 0 0 0 0 0 0 0 0 0 0 0 
0.48 0 0 0 0 0 0 0 0 0 0 0 
5.25 0 0 0 0 0 0 0 0 0 0 0 
0 0 0 1.2 0 0 0 0 0 0 0 0 
0 0 3.99 0.54 0 0 0 0 0 0 0 0 
0 0 0 0 0 0 0 3.43 0 0 0 0 
0 0 0 0 0 0 0.6 0 0 0 0 0 
0 0 0 0 0 0 0 1.76 0 0 0 0 
0 0 0 0 0 0 0 1 0 0 0 0 
0 0 0 0 0 0 0 0 0 0 0 0.36 
0 0 0 0 0 0 0 0 0 0 0 2.72 
0 0 0 0 0 0 0 0 0 0 0 2.34 
0 0 0 0 0 0 0 0 0 0 0 0 

p[k]=
0.05 0.02 0.01 0.02 0.03 0.03 0.03 0 0.01 0.02 0.02 0.02 

d'''[i][k]=
0 0 0 0 0 0 0 0 0 0 2 28 
0 0 0 0 0 0 0 0 0 7 5 0 
0 0 0 0 0 0 0 0 0 5 0 0 
0 0 0 0 0 0 0 0 0 5 0 0 
0 0 0 0 0 0 0 0 0 5 0 0 
0 0 0 0 0 0 0 0 0 5 0 0 
0 0 0 0 0 0 0 0 3 2 0 0 
0 0 0 0 0 0 0 0 5 0 0 0 
0 0 0 0 0 0 0 0 5 0 0 0 
0 0 0 0 0 0 0 14 16 0 0 0 
0 0 0 0 0 1 18 11 0 0 0 0 
0 0 0 0 7 23 0 0 0 0 0 0 
0 0 7 8 15 0 0 0 0 0 0 0 
0 26 4 0 0 0 0 0 0 0 0 0 
27 3 0 0 0 0 0 0 0 0 0 0 

r'''[i][k]=
0 0 0 0 0 0 0 0 0 0 0.04 7.56 
0 0 0 0 0 0 0 0 0 2.17 3.65 0 
0 0 0 0 0 0 0 0 0 0.35 0 0 
0 0 0 0 0 0 0 0 0 0.25 0 0 
0 0 0 0 0 0 0 0 0 1.75 0 0 
0 0 0 0 0 0 0 0 0 0.35 0 0 
0 0 0 0 0 0 0 0 0.03 0.42 0 0 
0 0 0 0 0 0 0 0 1.6 0 0 0 
0 0 0 0 0 0 0 0 0.2 0 0 0 
0 0 0 0 0 0 0 4.34 5.12 0 0 0 
0 0 0 0 0 0.67 5.76 3.19 0 0 0 0 
0 0 0 0 4.62 19.78 0 0 0 0 0 0 
0 0 0.91 0.32 0.75 0 0 0 0 0 0 0 
0 11.96 0.56 0 0 0 0 0 0 0 0 0 
9.99 2.1 0 0 0 0 0 0 0 0 0 0 
