|S|=12
|R|=38
|O|=15
|V|=30
q=150
c=1
Tmax=960
H=1000

e'[i][j]=
0 158 217 102 145 341 77 69 280 548 330 89 324 
429 0 173 57 237 275 56 259 162 157 95 164 266 
528 53 0 337 415 72 67 406 65 172 410 114 181 
486 505 342 0 230 112 503 263 199 268 173 254 255 
503 227 334 513 0 444 474 169 244 362 241 391 130 
314 172 68 67 268 0 468 271 107 469 474 515 82 
382 203 537 513 503 151 0 414 210 153 506 391 511 
96 313 464 159 309 189 364 0 294 238 113 59 179 
135 265 167 480 543 374 100 505 0 432 324 520 384 
141 407 490 158 54 459 210 114 71 0 294 236 281 
403 541 306 154 180 327 397 490 189 317 0 447 468 
368 365 174 469 551 204 408 370 556 471 458 0 273 
102 375 545 436 491 415 555 419 467 348 63 462 0 

e''[i][j]=
0 318 228 546 148 175 203 207 321 330 206 216 152 226 457 481 121 273 337 289 239 255 320 310 352 481 425 479 66 534 423 547 160 270 291 504 89 436 378 
437 0 107 124 345 483 57 63 285 380 418 78 444 265 387 190 489 275 106 158 315 436 538 355 372 93 79 157 368 411 317 62 331 278 400 91 383 107 225 
457 111 0 175 167 155 142 244 488 386 465 371 441 127 185 252 490 129 420 72 493 102 49 277 400 161 273 281 457 449 353 430 126 418 419 495 480 89 237 
212 121 180 0 416 479 483 290 314 166 510 60 500 198 90 91 81 386 360 344 140 398 210 523 88 301 360 317 545 543 374 453 259 396 199 366 95 99 192 
424 307 440 534 0 529 545 291 286 405 539 467 261 334 243 368 180 289 114 187 223 496 408 529 560 124 183 441 334 326 527 370 466 146 193 428 216 528 94 
149 395 62 301 306 0 66 315 336 535 339 492 441 250 145 303 501 194 393 149 304 203 355 545 154 275 61 533 132 147 388 157 60 349 428 552 421 96 420 
401 421 330 79 528 389 0 79 542 179 197 148 455 263 305 222 353 465 290 244 436 133 496 97 189 145 486 65 109 135 211 419 136 70 536 287 272 147 239 
48 201 132 79 428 188 293 0 393 162 143 177 98 315 445 123 260 173 507 486 151 63 305 550 195 128 501 541 292 165 220 240 137 142 80 443 64 96 252 
131 356 479 221 96 258 147 267 0 241 275 449 494 499 345 467 366 226 217 501 336 103 497 510 279 388 336 250 139 95 380 376 438 102 457 542 98 384 301 
186 534 88 470 432 435 91 370 203 0 194 182 330 341 101 76 179 538 81 477 156 196 53 136 262 259 393 553 78 113 209 328 211 49 363 392 430 463 465 
468 340 143 203 556 197 222 330 271 450 0 458 150 331 200 195 216 316 60 160 221 200 430 73 426 480 205 215 140 329 283 435 179 94 128 116 247 459 477 
555 478 509 515 64 473 198 232 560 470 207 0 503 529 419 83 368 53 150 423 439 445 454 482 549 240 194 201 147 182 235 380 540 521 426 410 286 297 411 
552 394 403 77 249 257 478 96 346 135 560 509 0 374 180 450 434 283 518 496 269 293 55 72 85 554 468 379 471 267 439 92 489 448 217 466 278 261 313 
538 153 241 432 175 409 535 522 474 243 123 513 153 0 280 68 132 65 427 284 86 320 207 171 546 268 285 361 476 541 292 417 227 160 78 468 376 322 311 
52 152 88 87 67 201 56 70 87 72 79 544 225 220 0 509 423 177 88 198 123 161 546 75 461 70 478 475 351 314 214 375 328 365 392 349 159 111 264 
308 430 497 487 323 549 63 470 149 353 132 68 94 257 331 0 276 330 522 495 551 120 432 77 299 213 96 422 416 329 205 388 76 423 114 454 144 260 428 
148 281 393 164 354 143 202 394 175 381 161 542 236 319 475 173 0 484 292 540 343 101 395 105 478 371 556 201 225 457 461 162 544 233 306 271 205 374 210 
64 505 48 282 55 314 180 488 229 358 91 428 127 452 347 325 373 0 494 383 303 315 424 465 48 252 383 538 484 211 257 170 361 67 428 509 321 352 177 
165 482 521 222 101 195 285 307 105 491 186 246 58 288 333 457 506 441 0 270 223 391 555 199 152 203 89 168 351 313 164 126 454 282 224 493 475 169 465 
400 394 167 395 221 250 315 78 320 487 310 143 318 195 404 273 80 291 200 0 357 105 85 508 351 154 485 179 347 501 498 375 470 396 547 531 237 413 398 
555 113 298 177 176 79 483 86 245 558 118 333 244 299 88 200 206 309 493 152 0 256 356 126 167 522 188 538 266 380 49 378 242 198 401 514 376 193 469 
447 393 217 84 174 466 378 113 478 330 452 422 338 274 76 81 389 189 219 343 259 0 164 305 255 241 352 246 397 89 410 458 337 318 142 469 367 314 521 
73 473 312 480 229 364 185 430 79 78 225 357 436 330 225 167 208 70 104 199 431 344 0 468 488 321 127 449 214 208 230 212 130 250 200 101 256 207 411 
187 432 136 553 187 468 465 395 114 135 72 292 116 514 508 347 355 364 106 146 166 559 269 0 252 111 362 408 388 317 507 48 464 331 291 51 130 325 278 
61 178 136 420 560 411 67 221 264 280 422 208 265 322 309 362 480 324 132 529 177 144 58 170 0 533 71 440 555 410 184 380 492 174 159 294 256 355 490 
54 369 108 458 535 164 102 114 255 55 244 496 507 414 405 173 219 559 531 386 168 535 110 209 295 0 449 322 314 444 320 133 295 276 479 560 322 501 308 
300 116 159 310 471 401 321 141 480 451 546 499 493 304 503 553 284 470 318 239 473 504 196 512 509 552 0 486 83 164 191 406 426 287 56 182 144 528 307 
220 77 555 268 118 425 250 276 538 242 327 371 513 409 456 301 133 204 304 423 473 301 79 116 510 521 386 0 213 555 269 454 115 398 103 546 366 116 338 
110 504 492 114 119 285 307 211 369 286 373 207 190 145 187 58 116 212 357 309 114 145 377 478 345 404 225 186 0 241 231 194 137 353 343 537 223 392 365 
498 188 160 325 179 269 109 65 513 84 383 281 308 89 526 164 173 407 99 305 436 74 177 377 350 123 348 366 540 0 364 206 522 537 73 408 264 412 167 
196 466 534 361 393 85 218 552 295 115 377 117 229 421 460 399 261 110 157 434 66 405 92 269 503 337 476 295 207 410 0 53 498 48 359 222 367 88 330 
347 410 452 485 393 451 191 82 263 172 84 49 294 392 344 79 145 202 281 355 151 439 186 419 368 98 96 303 192 498 190 0 238 71 280 51 231 407 487 
253 468 541 481 545 446 212 142 225 244 218 199 191 435 103 397 543 328 557 167 281 134 208 86 536 56 167 476 473 547 304 237 0 526 285 482 71 284 289 
101 261 107 314 374 198 203 141 287 100 345 154 180 421 492 184 360 269 246 84 406 196 509 461 386 200 415 104 342 501 444 162 380 0 460 487 220 404 212 
466 229 256 187 369 346 145 121 366 212 313 351 489 244 528 511 311 423 188 239 298 293 127 157 556 548 446 181 550 265 421 537 72 156 0 394 230 263 117 
63 316 128 94 377 153 233 527 393 547 455 364 530 275 224 316 538 160 78 63 344 413 278 321 437 390 376 92 366 499 517 343 468 155 355 0 345 458 109 
239 79 252 139 492 71 479 354 73 206 175 457 458 201 134 549 502 414 543 304 264 283 273 82 442 93 271 53 244 473 79 373 248 510 99 105 0 151 304 
375 65 361 411 290 277 95 424 278 173 483 421 444 82 420 553 276 250 100 195 159 240 172 94 419 398 459 372 244 436 353 389 175 349 373 388 373 0 417 
142 129 296 179 402 435 362 320 521 88 221 394 199 57 353 300 513 173 452 232 506 200 85 505 372 124 320 439 502 335 231 122 91 512 219 547 84 385 0 

e'''[i][j]=
0 239 444 407 184 267 390 117 311 203 394 121 495 137 245 414 
77 0 426 257 426 392 552 50 62 135 48 541 179 536 69 389 
387 408 0 235 452 447 195 455 236 319 162 367 231 525 432 536 
303 172 118 0 285 78 558 300 425 432 533 351 64 213 240 461 
521 248 101 557 0 344 469 314 405 394 169 105 240 474 341 101 
325 125 483 491 345 0 69 489 250 153 126 508 425 170 396 234 
487 320 430 233 557 121 0 295 268 240 555 391 226 506 504 186 
540 49 217 76 79 459 171 0 274 367 139 458 361 198 169 372 
233 453 134 330 507 133 102 77 0 301 271 498 348 304 191 101 
382 317 422 61 96 419 72 85 0 0 313 398 360 199 487 205 
261 542 80 410 362 488 199 530 197 419 0 193 276 173 392 366 
95 77 293 547 432 551 249 538 493 235 453 0 206 277 472 82 
551 404 347 494 289 411 309 59 515 147 252 329 0 427 227 437 
553 370 388 234 430 179 470 79 401 497 523 436 49 0 439 399 
329 65 123 134 536 329 338 519 260 547 368 518 333 555 0 262 
482 324 559 145 482 166 402 128 291 443 237 357 249 355 474 0 

t'[i][j]=
0 157 181 59 94 23 173 40 46 199 126 133 199 
150 0 134 60 180 36 46 116 143 178 22 24 105 
101 83 0 146 160 104 45 200 131 56 141 88 67 
142 107 112 0 199 118 104 106 60 43 125 121 151 
185 113 60 53 0 47 164 63 48 36 89 20 74 
156 160 197 49 61 0 172 82 72 161 157 64 130 
33 80 107 168 165 138 0 146 91 178 62 32 130 
101 134 178 110 180 178 64 0 71 193 189 149 33 
22 46 101 31 121 103 73 195 0 143 86 30 180 
97 168 80 52 180 182 102 127 116 0 21 96 99 
110 190 25 89 57 187 22 157 135 197 0 68 90 
122 47 156 62 107 189 42 49 187 83 186 0 59 
137 198 133 101 157 85 55 56 171 31 150 89 0 

t''[i][j]=
0 97 73 90 88 197 192 194 59 182 98 39 175 117 65 140 139 65 131 92 190 82 30 63 118 190 65 45 114 79 80 99 49 44 122 180 136 161 166 
78 0 196 149 187 172 90 168 64 109 194 173 65 117 154 169 177 48 37 153 67 70 20 196 94 190 41 119 191 115 173 37 173 189 139 120 40 67 179 
41 173 0 67 127 170 91 169 108 174 105 24 183 156 137 58 165 101 59 23 121 126 188 76 102 109 24 199 127 88 96 159 75 171 157 68 147 61 73 
97 169 78 0 128 132 51 29 110 97 185 40 79 142 149 170 98 173 54 178 104 70 99 77 116 77 45 122 168 79 145 65 98 152 172 189 23 157 24 
86 148 197 193 0 129 91 101 148 109 172 129 151 155 28 68 42 174 83 175 59 68 168 120 81 96 83 130 111 69 22 157 154 167 22 67 174 141 96 
96 190 117 136 112 0 79 78 82 105 182 125 35 87 192 44 111 77 184 158 176 62 114 81 26 99 46 166 33 96 102 185 92 163 146 65 107 45 65 
57 194 140 196 198 54 0 103 81 64 149 91 194 58 195 155 190 84 69 187 107 57 39 169 176 97 198 148 119 143 172 98 46 199 56 41 197 155 100 
89 55 175 30 78 78 67 0 146 185 155 20 181 114 171 197 163 150 194 167 55 74 127 53 173 133 180 114 67 53 159 62 40 64 152 146 161 197 36 
64 146 70 35 115 142 63 148 0 31 82 197 187 35 171 36 64 50 131 168 196 110 136 193 141 134 197 96 176 172 85 174 107 155 175 23 195 66 36 
118 164 34 133 100 166 37 114 185 0 113 36 105 145 70 81 70 146 35 145 47 50 80 115 152 141 34 39 176 46 111 42 127 177 163 171 79 110 120 
107 43 118 51 39 175 86 20 151 105 0 120 185 59 152 34 78 125 40 20 156 171 22 39 108 26 25 114 186 144 125 61 37 23 170 86 105 172 106 
110 21 170 104 50 95 146 169 55 138 165 0 174 96 25 141 48 60 64 158 87 90 137 101 99 80 84 31 79 132 142 158 153 77 45 186 92 67 107 
158 109 159 180 52 66 44 113 99 136 120 69 0 106 195 200 185 164 25 70 27 104 27 115 43 47 38 192 49 185 187 142 41 148 167 21 138 21 127 
49 131 144 72 79 98 109 141 157 78 93 62 105 0 161 48 95 115 109 162 81 150 111 144 182 130 146 76 173 173 200 41 177 62 93 91 143 156 171 
132 63 21 150 32 133 80 80 157 164 196 72 101 28 0 115 26 86 43 51 117 64 30 120 82 109 43 96 200 147 134 171 58 118 65 38 60 185 20 
130 44 47 111 72 147 79 133 95 118 23 76 75 142 187 0 52 51 197 55 20 21 147 107 98 191 175 133 50 166 103 76 173 42 44 196 100 133 27 
85 193 107 137 33 197 76 189 126 133 66 139 163 102 82 149 0 54 125 38 51 50 33 174 114 76 104 73 47 34 152 126 40 49 106 41 37 68 141 
110 95 98 87 200 118 119 105 51 134 130 79 80 78 119 126 47 0 100 166 175 28 50 85 165 80 33 93 156 194 44 114 105 161 50 200 87 191 54 
74 156 105 179 115 163 29 64 87 76 99 45 50 176 177 140 40 153 0 138 32 51 186 196 179 115 65 137 119 117 122 167 153 124 173 166 94 73 173 
169 97 133 75 61 153 82 158 133 103 94 120 54 166 94 133 95 144 160 0 129 41 139 57 97 50 127 77 20 62 148 118 163 192 162 68 89 98 94 
90 48 60 186 73 45 108 62 92 198 37 149 103 36 70 149 91 52 142 89 0 95 159 148 20 152 114 151 146 181 200 178 109 97 23 132 66 75 62 
75 41 124 54 123 179 90 144 195 81 74 51 129 76 63 78 111 172 91 189 137 0 44 38 94 112 22 140 142 170 146 194 50 178 139 195 112 116 46 
116 153 134 138 108 21 21 147 154 29 123 60 25 163 132 112 112 138 93 56 156 149 0 158 164 137 195 130 65 38 39 98 27 141 179 121 88 191 73 
185 28 106 183 47 199 191 186 57 56 147 118 57 174 117 44 68 30 46 21 29 186 131 0 72 102 59 190 173 118 61 100 57 61 181 175 184 150 38 
89 75 31 90 123 132 131 61 181 142 182 122 145 107 130 26 181 84 80 200 148 175 144 150 0 103 97 111 145 43 170 193 56 187 166 74 114 20 81 
144 39 33 122 169 36 126 171 175 67 37 134 199 87 78 179 194 46 96 26 98 127 71 27 23 0 145 63 140 112 38 121 114 58 42 50 47 104 118 
99 83 170 152 121 92 45 39 30 59 152 146 192 99 64 185 136 174 28 84 136 129 74 186 53 157 0 136 114 157 64 48 191 176 121 148 81 35 69 
29 189 192 44 172 180 140 28 76 34 104 197 23 184 80 87 145 200 36 41 108 22 83 184 56 91 181 0 149 122 101 47 70 63 113 144 148 174 57 
180 142 113 23 76 112 68 42 143 193 165 128 72 62 124 39 95 108 171 124 116 155 42 49 198 149 69 25 0 137 91 123 116 121 34 197 168 99 61 
167 20 103 109 185 145 191 101 188 168 109 20 83 157 72 53 54 39 54 172 167 73 193 145 135 165 37 133 154 0 153 47 131 25 120 99 53 174 154 
149 84 123 131 117 82 66 108 124 151 45 162 41 71 66 83 35 72 106 92 80 22 164 200 107 82 56 147 21 86 0 91 77 59 137 190 28 143 47 
195 27 113 56 176 197 177 72 165 168 138 91 44 138 151 82 171 91 189 81 86 125 79 163 102 182 184 95 118 21 133 0 162 180 45 138 180 32 113 
60 55 86 147 122 200 159 138 160 193 139 144 57 111 155 65 27 139 64 127 113 41 166 46 160 199 135 161 83 50 129 161 0 31 54 66 136 62 51 
112 90 100 187 38 103 31 98 24 50 172 137 70 162 116 94 185 129 65 133 162 99 157 185 184 148 106 120 77 34 116 111 200 0 36 151 188 147 192 
89 111 50 68 113 176 50 200 57 135 132 25 106 66 160 191 129 164 151 118 37 194 75 97 198 142 42 152 74 42 106 72 162 101 0 115 154 156 53 
118 72 30 74 106 77 194 191 106 144 150 199 29 37 49 118 24 186 43 133 194 48 116 116 113 164 41 39 21 95 145 75 186 63 47 0 112 87 38 
186 137 65 34 36 163 79 39 190 30 143 149 68 65 114 104 40 145 190 155 44 143 68 124 44 92 185 147 84 49 142 98 97 129 138 84 0 191 70 
191 106 186 67 40 89 140 58 162 194 82 27 128 128 55 63 148 39 42 27 68 25 65 107 119 100 85 106 89 125 91 176 104 125 110 179 108 0 178 
134 188 170 193 160 165 47 98 173 168 85 37 48 114 200 125 29 143 156 66 96 62 156 50 38 95 28 141 37 198 185 143 66 79 51 32 181 160 0 

t'''[i][j]=
0 185 122 115 185 145 34 197 126 35 113 42 174 46 137 53 
132 0 66 165 116 170 136 150 163 103 126 103 169 46 72 86 
42 32 0 43 161 109 155 146 84 159 103 95 180 177 68 183 
117 86 34 0 60 93 138 168 155 71 90 191 150 97 124 191 
153 155 86 179 0 49 88 148 31 185 200 62 123 124 110 35 
86 172 167 106 87 0 176 85 112 22 146 193 181 151 97 152 
168 98 43 28 76 145 0 155 50 110 173 42 84 144 183 40 
45 185 75 154 130 109 180 0 157 95 30 85 33 35 161 46 
110 36 75 44 165 91 64 114 0 79 136 161 95 144 136 38 
102 147 43 54 103 70 129 189 59 0 156 85 110 131 146 48 
159 122 190 195 60 149 120 62 100 177 0 50 26 41 39 188 
144 49 181 107 129 156 79 139 82 125 35 0 187 72 55 40 
32 198 196 97 137 77 80 159 74 92 167 129 0 171 148 66 
90 21 102 174 118 27 87 155 50 152 191 78 199 0 167 74 
58 109 108 141 54 103 91 149 20 40 91 89 144 75 0 106 
74 76 122 163 87 181 118 189 104 80 148 138 187 187 164 0 

d''[i][k]=
0 0 0 0 0 0 0 0 0 0 0 6 
0 0 0 0 0 0 0 0 0 0 0 6 
0 0 0 0 0 0 0 0 0 0 5 0 
0 0 0 0 0 0 0 0 0 0 5 0 
0 0 0 0 0 0 0 0 0 6 0 0 
0 0 0 0 0 0 0 0 0 7 0 0 
0 0 0 0 0 0 0 0 1 5 0 0 
0 0 0 0 0 0 0 0 5 0 0 0 
0 0 0 0 0 0 0 1 5 0 0 0 
0 0 0 0 0 0 0 6 0 0 0 0 
0 0 0 0 0 0 1 4 0 0 0 0 
0 0 0 0 0 1 5 0 0 0 0 0 
0 0 0 0 0 5 0 0 0 0 0 0 
0 0 0 0 2 5 0 0 0 0 0 0 
0 0 0 0 5 0 0 0 0 0 0 0 
0 0 0 0 6 0 0 0 0 0 0 0 
0 0 0 0 6 0 0 0 0 0 0 0 
0 0 1 0 4 0 0 0 0 0 0 0 
0 0 6 0 0 0 0 0 0 0 0 0 
0 0 6 0 0 0 0 0 0 0 0 0 
0 5 0 0 0 0 0 0 0 0 0 0 
0 7 0 0 0 0 0 0 0 0 0 0 
0 5 0 0 0 0 0 0 0 0 0 0 
0 5 0 0 0 0 0 0 0 0 0 0 
0 6 0 0 0 0 0 0 0 0 0 0 
5 1 0 0 0 0 0 0 0 0 0 0 
5 0 0 0 0 0 0 0 0 0 0 0 
8 0 0 0 0 0 0 0 0 0 0 0 
0 0 6 0 0 0 0 0 0 0 0 0 
0 0 0 6 0 0 0 0 0 0 0 0 
0 0 5 1 0 0 0 0 0 0 0 0 
0 0 0 0 0 0 0 6 0 0 0 0 
0 0 0 0 0 0 0 5 0 0 0 0 
0 0 0 0 0 0 6 0 0 0 0 0 
0 0 0 0 0 0 0 0 0 0 7 0 
0 0 0 0 0 0 0 0 0 0 0 6 
0 0 0 0 0 0 0 0 0 0 0 6 
0 0 0 0 0 0 0 0 0 0 0 5 

r''[i][k]=
0 0 0 0 0 0 0 0 0 0 0 2.04 
0 0 0 0 0 0 0 0 0 0 0 0.3 
0 0 0 0 0 0 0 0 0 0 1.35 0 
0 0 0 0 0 0 0 0 0 0 2.85 0 
0 0 0 0 0 0 0 0 0 2.46 0 0 
0 0 0 0 0 0 0 0 0 0 0 0 
0 0 0 0 0 0 0 0 0.03 0.3 0 0 
0 0 0 0 0 0 0 0 4.05 0 0 0 
0 0 0 0 0 0 0 0.56 0.8 0 0 0 
0 0 0 0 0 0 0 3.42 0 0 0 0 
0 0 0 0 0 0 0.29 0.8 0 0 0 0 
0 0 0 0 0 0.01 2.9 0 0 0 0 0 
0 0 0 0 0 1.7 0 0 0 0 0 0 
0 0 0 0 0.16 0.3 0 0 0 0 0 0 
0 0 0 0 0.75 0 0 0 0 0 0 0 
0 0 0 0 4.14 0 0 0 0 0 0 0 
0 0 0 0 1.62 0 0 0 0 0 0 0 
0 0 0.2 0 2.64 0 0 0 0 0 0 0 
0 0 2.04 0 0 0 0 0 0 0 0 0 
0 0 0.18 0 0 0 0 0 0 0 0 0 
0 0.15 0 0 0 0 0 0 0 0 0 0 
0 0.35 0 0 0 0 0 0 0 0 0 0 
0 0.85 0 0 0 0 0 0 0 0 0 0 
0 0.2 0 0 0 0 0 0 0 0 0 0 
0 1.2 0 0 0 0 0 0 0 0 0 0 
0.35 0.09 0 0 0 0 0 0 0 0 0 0 
0.5 0 0 0 0 0 0 0 0 0 0 0 
1.44 0 0 0 0 0 0 0 0 0 0 0 
0 0 0.24 0 0 0 0 0 0 0 0 0 
0 0 0 1.08 0 0 0 0 0 0 0 0 
0 0 1.5 0.3 0 0 0 0 0 0 0 0 
0 0 0 0 0 0 0 0.3 0 0 0 0 
0 0 0 0 0 0 0 0.85 0 0 0 0 
0 0 0 0 0 0 1.08 0 0 0 0 0 
0 0 0 0 0 0 0 0 0 0 0 0 
0 0 0 0 0 0 0 0 0 0 0 1.44 
0 0 0 0 0 0 0 0 0 0 0 0 
0 0 0 0 0 0 0 0 0 0 0 3.2 

p[k]=
0.01 0.03 0.02 0.02 0.05 0.01 0.02 0 0.02 0.01 0.01 0.05 

d'''[i][k]=
0 0 0 0 0 0 0 0 0 0 1 29 
0 0 0 0 0 0 0 0 0 0 5 0 
0 0 0 0 0 0 0 0 0 0 5 0 
0 0 0 0 0 0 0 0 0 0 5 0 
0 0 0 0 0 0 0 0 0 4 1 0 
0 0 0 0 0 0 0 0 0 5 0 0 
0 0 0 0 0 0 0 0 0 5 0 0 
0 0 0 0 0 0 0 0 1 4 0 0 
0 0 0 0 0 0 0 0 5 0 0 0 
0 0 0 0 0 0 0 0 5 0 0 0 
0 0 0 0 0 0 4 22 0 0 0 0 
0 0 0 0 11 11 8 0 0 0 0 0 
0 0 11 7 12 0 0 0 0 0 0 0 
0 17 13 0 0 0 0 0 0 0 0 0 
18 12 0 0 0 0 0 0 0 0 0 0 

r'''[i][k]=
0 0 0 0 0 0 0 0 0 0 0.01 3.77 
0 0 0 0 0 0 0 0 0 0 4.05 0 
0 0 0 0 0 0 0 0 0 0 1.2 0 
0 0 0 0 0 0 0 0 0 0 0.7 0 
0 0 0 0 0 0 0 0 0 0.04 0.08 0 
0 0 0 0 0 0 0 0 0 0.25 0 0 
0 0 0 0 0 0 0 0 0 0 0 0 
0 0 0 0 0 0 0 0 0 1 0 0 
0 0 0 0 0 0 0 0 0.5 0 0 0 
0 0 0 0 0 0 0 0 0.5 0 0 0 
0 0 0 0 0 0 1.36 15.84 0 0 0 0 
0 0 0 0 3.3 0.77 2.96 0 0 0 0 0 
0 0 4.51 0.35 6.12 0 0 0 0 0 0 0 
0 0.34 0 0 0 0 0 0 0 0 0 0 
9.36 2.88 0 0 0 0 0 0 0 0 0 0 
