|S|=12
|R|=38
|O|=15
|V|=30
q=150
c=1
Tmax=960
H=1000

e'[i][j]=
0 376 284 467 257 272 432 133 324 136 221 101 136 
489 0 237 513 366 113 299 111 267 337 227 542 343 
123 537 0 293 198 112 340 156 557 492 404 174 136 
393 273 148 0 338 381 375 53 429 513 231 54 400 
316 416 426 516 0 218 456 537 313 276 298 446 232 
409 166 115 164 414 0 129 372 156 185 453 214 413 
409 148 494 57 62 489 0 148 249 500 547 474 469 
498 96 336 150 419 322 248 0 336 75 307 148 329 
291 244 108 84 114 265 471 445 0 323 137 431 147 
67 79 257 340 265 458 58 359 534 0 480 550 413 
413 404 472 114 550 560 519 439 396 189 0 117 116 
285 267 113 231 425 492 425 319 289 320 442 0 348 
98 545 69 420 63 122 416 331 80 508 553 123 0 

e''[i][j]=
0 387 351 271 559 242 385 333 208 287 308 519 61 89 194 129 529 59 517 441 161 416 442 463 474 471 205 195 170 547 538 199 178 252 156 223 515 321 500 
496 0 115 543 273 546 377 475 394 476 105 135 88 545 138 510 64 326 447 254 438 419 392 530 242 426 448 195 68 385 557 442 317 341 432 268 94 301 191 
188 289 0 536 330 366 195 266 241 501 426 205 525 235 170 200 153 294 227 400 460 480 386 536 191 63 305 404 80 353 339 323 208 379 248 423 484 66 466 
493 201 399 0 309 490 48 138 386 433 84 276 269 422 516 166 64 387 271 192 121 247 309 305 229 505 210 529 215 51 234 75 217 212 139 516 192 486 448 
64 464 477 256 0 304 179 269 468 429 353 333 291 305 285 305 261 558 157 482 288 161 496 90 544 92 93 261 328 488 472 431 214 339 291 107 198 326 161 
532 235 251 523 531 0 288 549 296 475 309 552 141 553 87 321 503 543 546 285 523 77 550 60 423 365 418 129 300 97 440 318 309 172 557 255 307 281 466 
308 82 427 455 230 386 0 288 530 234 57 307 129 432 532 141 94 410 141 507 489 272 224 397 544 92 50 258 278 59 147 543 551 541 240 237 363 470 217 
79 118 193 440 97 58 508 0 490 180 381 495 326 211 377 447 511 72 374 305 332 330 503 488 218 67 188 520 290 204 354 270 431 315 260 312 408 321 433 
293 304 481 384 533 194 269 58 0 373 464 209 147 140 491 394 293 55 102 107 399 198 194 306 286 154 219 211 534 549 463 137 530 249 51 159 321 558 298 
312 314 532 301 516 248 547 514 334 0 106 102 480 431 298 220 116 118 322 177 527 236 237 326 408 49 543 532 417 70 408 497 236 401 277 260 491 473 358 
493 124 548 93 453 72 241 131 387 157 0 244 119 374 388 332 426 328 241 353 129 239 447 462 307 466 513 77 211 227 402 223 269 401 435 230 254 248 308 
140 117 197 50 116 100 441 126 539 504 546 0 488 399 124 431 217 524 529 117 245 195 550 225 281 241 316 482 291 489 543 121 160 175 440 49 231 201 275 
178 356 289 488 176 522 280 278 391 282 449 261 0 292 96 440 445 555 436 241 55 241 102 134 209 325 214 353 339 160 139 247 365 388 341 73 385 493 175 
367 411 374 445 342 151 324 535 299 290 363 232 67 0 112 382 215 460 389 495 223 373 439 330 413 197 76 399 135 523 141 83 163 157 413 166 416 239 217 
398 518 98 200 242 553 392 478 539 224 354 143 446 538 0 105 378 360 89 451 558 341 274 415 102 435 538 481 535 499 454 274 496 233 366 392 100 311 201 
250 509 218 293 101 152 466 459 359 375 259 133 480 93 96 0 277 297 467 468 224 386 353 399 283 49 344 325 402 283 273 450 414 453 467 526 48 295 201 
249 541 344 446 74 235 265 209 51 475 211 243 121 137 168 314 0 447 406 458 160 189 335 153 144 119 463 251 331 231 191 144 346 514 342 509 121 297 439 
487 535 80 427 305 189 309 479 335 293 392 81 155 214 197 491 548 0 514 484 174 439 343 491 296 438 77 452 204 539 308 148 110 228 92 308 311 74 330 
116 172 457 453 56 165 486 200 132 91 82 49 273 381 206 318 120 353 0 79 474 305 285 319 503 215 437 329 416 469 237 257 285 305 411 83 170 135 268 
153 422 293 199 263 366 226 317 555 125 438 506 419 224 379 105 371 496 308 0 226 492 303 138 288 166 309 255 210 460 226 242 81 56 495 401 284 478 198 
346 144 417 73 327 453 297 365 183 444 223 461 511 520 165 246 126 556 553 462 0 86 92 468 138 450 110 115 94 136 360 235 171 151 95 181 255 81 69 
67 299 158 178 285 362 445 220 176 94 164 197 258 389 166 244 368 156 341 390 124 0 553 288 406 255 113 177 387 403 115 332 200 377 100 130 461 302 285 
71 427 58 533 96 433 128 527 237 59 106 506 467 304 384 98 307 220 461 467 250 334 0 559 342 547 132 525 415 66 321 314 480 184 167 94 442 469 450 
372 540 290 449 262 181 373 136 437 200 370 371 215 265 130 327 361 552 309 225 289 106 180 0 488 372 236 350 509 347 480 439 330 423 125 170 288 308 488 
553 555 531 91 522 372 212 424 257 394 367 459 366 276 229 391 389 363 447 392 375 463 415 240 0 336 433 88 403 106 187 128 162 265 470 455 527 376 338 
233 152 169 72 529 144 515 516 189 380 467 480 198 338 217 216 223 227 162 450 173 84 324 200 229 0 302 111 227 224 514 270 487 483 431 523 447 169 86 
136 354 310 388 530 432 495 480 442 181 507 127 365 341 310 144 104 541 396 492 421 390 59 76 516 529 0 393 357 240 381 548 236 108 228 120 52 464 144 
71 49 532 522 369 274 302 351 220 122 115 557 509 135 431 311 129 413 270 536 183 351 88 175 228 48 496 0 242 75 560 527 283 224 497 397 554 352 541 
152 413 175 517 127 486 179 345 113 287 105 68 417 308 187 274 83 415 434 302 322 48 340 95 213 73 69 73 0 474 447 186 550 543 344 534 64 324 518 
504 265 479 326 182 97 297 294 217 253 307 400 477 330 181 294 410 362 339 546 534 461 292 284 501 552 410 155 532 0 368 554 96 509 441 493 317 62 218 
493 88 405 485 57 427 199 346 373 335 142 494 303 398 343 339 331 125 403 469 483 498 180 287 342 269 274 274 421 112 0 247 482 510 164 257 415 205 397 
343 361 337 307 125 465 471 243 273 386 491 360 486 366 505 550 73 69 266 536 425 200 383 465 480 360 514 543 236 504 132 0 75 134 410 291 357 503 535 
280 119 404 137 325 275 211 359 217 455 317 337 365 147 292 162 150 218 463 358 262 132 148 298 117 478 451 224 483 87 222 539 0 180 266 174 198 545 306 
284 469 301 167 521 167 103 253 368 122 157 444 96 180 57 318 194 486 91 482 547 136 362 362 152 270 223 75 410 197 94 68 549 0 384 494 431 502 523 
209 530 67 158 346 78 277 320 95 289 496 374 174 291 344 115 60 414 327 273 524 278 319 372 538 133 516 318 158 51 545 536 438 483 0 458 342 285 342 
237 108 195 409 497 208 204 281 94 329 436 219 238 149 381 266 117 366 251 547 251 138 229 231 222 293 444 266 111 203 505 392 49 185 317 0 450 265 83 
154 485 220 320 516 328 317 130 415 54 127 486 154 344 468 499 289 239 389 99 127 436 157 368 155 63 148 131 531 71 514 355 468 468 259 155 0 287 482 
244 174 335 325 520 327 410 509 124 85 66 153 549 249 419 559 330 217 172 420 299 513 300 559 308 409 433 406 141 558 222 83 312 180 265 488 386 0 455 
418 122 145 441 384 216 102 262 434 111 456 537 509 521 496 198 177 545 550 163 380 556 67 56 299 329 505 280 135 414 374 393 443 87 131 337 391 489 0 

e'''[i][j]=
0 164 506 64 481 127 201 291 438 429 437 90 341 256 84 290 
226 0 410 149 410 115 528 401 559 101 270 398 509 394 526 103 
124 289 0 307 74 94 81 147 365 465 53 533 416 519 277 252 
358 237 128 0 137 560 429 526 446 312 193 81 79 454 551 350 
314 456 452 252 0 396 515 490 257 278 459 427 370 153 536 235 
68 207 123 80 300 0 64 233 221 534 119 290 164 81 405 388 
61 398 363 309 294 365 0 114 165 71 548 336 518 102 405 380 
391 268 304 355 326 233 554 0 80 197 331 465 185 483 537 470 
209 493 322 492 267 191 471 323 0 254 70 265 544 234 267 491 
488 520 77 386 543 325 332 492 0 0 148 477 261 375 312 553 
443 128 134 250 134 450 97 290 248 240 0 453 556 204 277 378 
303 237 394 323 239 552 355 168 377 228 50 0 481 305 323 268 
465 50 428 306 248 256 422 264 203 507 119 96 0 263 107 332 
401 529 367 173 440 97 228 436 327 482 71 57 329 0 104 305 
269 386 396 428 359 365 539 165 468 334 380 231 184 121 0 228 
162 203 534 400 462 164 70 454 349 113 78 96 481 293 95 0 

t'[i][j]=
0 183 179 43 165 35 138 89 199 149 157 93 138 
105 0 96 192 109 43 59 111 137 144 81 129 21 
104 64 0 199 99 112 70 104 20 194 70 42 90 
20 59 186 0 161 52 28 97 187 115 187 92 62 
31 36 93 30 0 59 94 108 133 49 84 58 111 
34 186 109 150 37 0 150 197 73 63 24 62 181 
86 67 56 65 137 110 0 151 48 113 184 20 165 
85 90 52 168 35 100 125 0 108 41 57 71 36 
58 54 193 21 96 155 106 88 0 113 48 178 84 
29 185 108 165 175 61 90 122 32 0 181 141 30 
55 105 101 78 32 59 189 72 198 162 0 116 82 
135 39 98 112 107 102 52 194 173 117 147 0 76 
46 108 33 133 20 29 56 118 99 33 49 131 0 

t''[i][j]=
0 191 110 78 192 102 115 176 183 118 110 179 135 136 88 111 131 27 58 154 81 113 110 155 34 115 118 43 152 92 23 28 105 25 185 65 49 135 91 
72 0 172 169 162 29 98 109 156 72 43 30 92 152 190 33 20 60 44 135 90 76 166 62 161 79 116 185 59 165 37 162 76 26 86 150 172 23 167 
82 155 0 30 25 78 169 82 96 65 134 88 61 127 139 84 105 139 155 105 191 66 20 193 142 76 86 102 20 21 31 196 86 86 140 100 106 194 157 
170 172 187 0 94 39 31 58 98 58 65 197 66 130 66 60 112 89 82 121 42 38 167 177 23 58 75 149 21 144 56 188 36 73 114 54 60 28 56 
136 106 154 133 0 165 81 110 86 99 80 47 110 196 44 62 147 27 163 109 48 146 81 115 115 182 100 132 87 101 119 193 122 147 176 193 71 26 87 
36 40 30 196 107 0 192 172 58 48 23 188 40 64 93 26 112 56 121 42 175 66 56 184 160 51 156 141 55 171 162 133 99 59 38 64 149 197 108 
183 32 198 141 166 114 0 87 165 189 182 166 62 59 154 178 197 48 144 130 98 121 130 200 129 191 149 134 155 70 60 47 116 83 30 85 191 94 50 
102 58 95 170 91 188 179 0 199 92 174 95 86 190 172 194 39 56 109 91 83 108 154 82 162 168 95 65 56 182 80 56 152 129 89 192 37 163 139 
139 160 38 127 45 146 168 112 0 160 174 62 149 178 32 140 173 123 176 199 60 117 154 28 190 89 121 115 68 122 82 179 152 103 53 182 106 128 103 
192 150 172 27 69 91 170 160 121 0 174 84 42 83 46 180 137 44 54 190 173 158 134 39 183 133 128 166 169 54 84 56 86 193 61 74 24 120 114 
43 77 155 78 187 37 153 34 110 63 0 116 152 93 33 193 75 128 161 155 139 142 168 154 94 115 179 103 78 196 174 32 178 81 163 162 111 111 84 
134 31 118 144 114 114 119 28 155 31 68 0 43 39 61 79 150 178 198 163 56 87 77 152 91 58 60 184 91 51 146 90 93 115 110 71 111 187 23 
102 154 25 145 176 194 141 142 26 58 172 161 0 133 140 156 23 31 174 166 193 23 54 76 179 96 38 74 137 29 78 135 160 166 60 46 75 186 171 
80 92 193 164 29 31 71 103 47 44 166 80 137 0 108 180 177 103 182 61 151 62 129 163 69 93 57 94 138 29 131 144 127 121 65 78 107 50 42 
193 51 62 27 151 39 124 133 187 71 64 27 55 83 0 45 81 45 58 105 86 175 156 98 100 175 132 34 99 174 34 187 98 196 192 116 52 56 165 
146 38 113 89 68 141 184 140 148 28 122 172 155 58 135 0 132 97 109 84 87 37 130 142 59 131 153 100 67 131 102 102 162 116 157 102 150 189 173 
112 102 142 68 111 47 122 48 64 34 184 31 184 39 101 70 0 88 177 166 172 178 114 132 52 45 83 74 173 109 70 35 188 134 99 100 179 120 193 
58 130 97 110 185 31 112 118 35 83 42 82 87 41 103 177 76 0 102 157 48 96 99 72 194 106 154 168 99 87 39 108 49 145 128 66 87 102 81 
121 74 97 199 190 71 123 120 43 72 47 126 168 94 115 89 163 94 0 81 66 112 155 106 196 110 181 167 105 177 22 37 148 78 180 86 126 148 72 
115 92 28 108 200 132 139 164 33 22 52 106 32 44 48 115 40 62 36 0 56 100 196 81 48 43 83 43 128 155 193 81 171 145 92 64 108 85 195 
68 95 147 73 112 151 23 196 154 38 193 186 137 140 142 172 166 86 145 26 0 150 174 190 29 42 127 179 197 27 145 30 38 48 60 123 23 98 134 
138 160 68 180 70 84 171 105 23 79 62 196 151 45 132 151 31 93 107 78 107 0 154 87 179 107 43 170 122 32 124 29 184 77 26 119 34 90 96 
46 103 103 70 129 126 107 44 186 93 125 152 155 197 145 160 79 42 170 145 172 151 0 135 24 27 175 86 72 200 184 133 188 50 96 142 49 72 72 
147 125 90 193 70 144 86 126 189 99 125 199 147 119 46 21 65 129 173 101 27 40 108 0 124 182 116 161 71 40 34 77 35 191 144 187 44 100 199 
44 166 111 88 157 104 169 56 33 133 92 109 192 151 30 75 124 57 56 175 150 165 31 89 0 21 173 123 93 115 118 62 141 84 134 187 57 90 184 
161 156 92 21 113 145 177 169 80 68 154 73 122 115 158 58 172 26 123 171 47 188 131 26 35 0 172 90 150 106 106 26 149 152 57 192 109 185 104 
114 134 131 51 193 100 176 63 182 50 137 25 21 35 21 127 101 106 127 48 64 197 24 132 41 160 0 177 43 87 166 70 84 173 46 177 55 60 43 
56 27 35 96 132 55 124 162 68 170 46 142 79 140 178 200 117 39 200 105 118 187 135 169 170 169 58 0 57 168 79 135 55 49 25 197 92 35 26 
65 149 101 84 134 37 141 165 80 190 20 43 160 60 68 151 33 42 188 84 130 29 20 90 99 188 137 177 0 146 112 195 78 150 162 82 39 145 170 
166 75 106 95 123 72 63 84 195 70 28 85 177 193 162 86 111 163 26 155 166 57 49 141 21 50 48 49 188 0 49 78 79 161 27 139 193 82 55 
35 64 195 58 167 86 155 37 171 179 162 121 100 147 84 31 169 154 43 43 42 66 52 81 39 153 67 160 173 151 0 123 144 142 199 33 40 75 65 
62 36 68 88 111 138 42 44 135 40 136 160 130 199 175 158 103 179 132 42 64 105 129 172 153 128 123 143 195 116 28 0 122 69 93 88 169 109 116 
194 156 164 25 23 43 183 161 92 142 122 68 39 56 60 84 141 86 32 168 180 56 185 134 103 197 103 112 131 197 159 57 0 110 69 196 194 37 126 
27 96 80 182 177 74 143 38 79 142 52 156 125 110 148 162 194 123 86 22 64 105 103 176 175 150 116 113 142 110 120 147 98 0 193 131 180 172 180 
64 40 99 140 170 152 82 51 191 118 87 33 104 112 117 144 174 178 101 128 59 61 167 91 109 138 132 62 34 159 143 57 96 138 0 51 111 75 53 
102 28 81 98 91 78 130 36 118 189 108 131 62 86 121 184 154 84 140 29 74 170 26 142 37 101 61 71 86 188 37 189 162 40 65 0 172 190 92 
22 153 117 117 169 149 150 70 152 71 36 135 80 121 81 52 194 135 118 123 66 63 83 163 114 185 103 44 118 65 86 42 195 57 57 151 0 180 166 
20 154 71 173 73 84 169 27 44 105 142 116 171 116 83 48 174 107 133 77 78 39 123 91 184 198 190 196 105 23 60 194 96 24 56 47 147 0 163 
111 156 129 49 105 105 26 30 198 90 172 31 85 187 186 52 66 24 58 95 121 159 192 151 88 161 76 123 142 180 61 45 74 116 55 155 32 47 0 

t'''[i][j]=
0 160 161 71 162 80 94 56 89 28 163 85 87 185 59 72 
27 0 98 162 100 178 21 64 151 111 113 177 98 128 34 180 
163 103 0 38 110 138 177 180 64 20 168 53 146 143 153 198 
169 196 171 0 135 136 162 62 151 84 90 173 84 81 134 174 
110 183 125 131 0 80 43 142 104 70 114 107 185 150 86 191 
33 154 92 36 177 0 57 180 73 176 81 109 37 27 151 121 
192 148 40 58 181 117 0 76 28 56 49 149 116 180 166 111 
157 46 189 133 91 185 91 0 175 129 56 199 124 81 45 109 
95 164 188 21 70 160 110 122 0 97 191 38 112 31 149 180 
69 89 30 22 44 188 158 57 119 0 67 184 192 169 76 192 
169 27 166 195 62 200 179 22 76 167 0 73 81 29 146 109 
38 162 140 198 117 151 175 151 148 194 47 0 136 116 139 54 
42 158 180 65 181 111 136 71 193 66 171 113 0 48 43 92 
193 90 68 131 98 78 142 198 35 87 66 21 114 0 109 89 
116 50 149 195 128 103 146 77 35 123 139 126 54 60 0 25 
198 63 50 21 193 154 200 30 146 47 109 121 190 59 42 0 

d''[i][k]=
0 0 0 0 0 0 0 0 0 0 5 0 
0 0 0 0 0 0 0 0 0 0 5 0 
0 0 0 0 0 0 0 0 0 0 5 0 
0 0 0 0 0 0 0 0 0 5 0 0 
0 0 0 0 0 0 0 0 0 6 0 0 
0 0 0 0 0 0 0 0 0 5 0 0 
0 0 0 0 0 0 0 0 0 5 0 0 
0 0 0 0 0 0 0 0 0 5 0 0 
0 0 0 0 0 0 0 0 4 1 0 0 
0 0 0 0 0 0 0 3 2 0 0 0 
0 0 0 0 0 0 1 4 0 0 0 0 
0 0 0 0 0 5 0 0 0 0 0 0 
0 0 0 0 2 3 0 0 0 0 0 0 
0 0 0 0 5 0 0 0 0 0 0 0 
0 0 0 0 5 0 0 0 0 0 0 0 
0 0 0 0 5 0 0 0 0 0 0 0 
0 0 0 0 5 0 0 0 0 0 0 0 
0 0 0 5 0 0 0 0 0 0 0 0 
0 0 0 5 0 0 0 0 0 0 0 0 
0 0 0 5 0 0 0 0 0 0 0 0 
0 0 2 3 0 0 0 0 0 0 0 0 
0 3 2 0 0 0 0 0 0 0 0 0 
0 5 0 0 0 0 0 0 0 0 0 0 
0 5 0 0 0 0 0 0 0 0 0 0 
0 5 0 0 0 0 0 0 0 0 0 0 
3 2 0 0 0 0 0 0 0 0 0 0 
5 0 0 0 0 0 0 0 0 0 0 0 
5 0 0 0 0 0 0 0 0 0 0 0 
0 0 0 5 0 0 0 0 0 0 0 0 
0 0 5 0 0 0 0 0 0 0 0 0 
0 0 0 5 0 0 0 0 0 0 0 0 
0 0 0 0 0 0 5 0 0 0 0 0 
0 0 0 0 0 0 0 5 0 0 0 0 
0 0 0 0 0 0 0 5 0 0 0 0 
0 0 0 0 0 0 0 0 0 0 0 5 
0 0 0 0 0 0 0 0 0 0 0 5 
0 0 0 0 0 0 0 0 0 0 0 5 
0 0 0 0 0 0 0 0 0 0 2 3 

r''[i][k]=
0 0 0 0 0 0 0 0 0 0 0.15 0 
0 0 0 0 0 0 0 0 0 0 0.05 0 
0 0 0 0 0 0 0 0 0 0 0.75 0 
0 0 0 0 0 0 0 0 0 0.15 0 0 
0 0 0 0 0 0 0 0 0 1.08 0 0 
0 0 0 0 0 0 0 0 0 0.4 0 0 
0 0 0 0 0 0 0 0 0 2.2 0 0 
0 0 0 0 0 0 0 0 0 0.05 0 0 
0 0 0 0 0 0 0 0 0.96 0.09 0 0 
0 0 0 0 0 0 0 0.39 0.72 0 0 0 
0 0 0 0 0 0 0.16 1.2 0 0 0 0 
0 0 0 0 0 2 0 0 0 0 0 0 
0 0 0 0 0.22 1.35 0 0 0 0 0 0 
0 0 0 0 1.5 0 0 0 0 0 0 0 
0 0 0 0 1.1 0 0 0 0 0 0 0 
0 0 0 0 1.9 0 0 0 0 0 0 0 
0 0 0 0 3.8 0 0 0 0 0 0 0 
0 0 0 3.75 0 0 0 0 0 0 0 0 
0 0 0 0 0 0 0 0 0 0 0 0 
0 0 0 0.45 0 0 0 0 0 0 0 0 
0 0 0.16 1.26 0 0 0 0 0 0 0 0 
0 0.03 0.5 0 0 0 0 0 0 0 0 0 
0 1 0 0 0 0 0 0 0 0 0 0 
0 0.65 0 0 0 0 0 0 0 0 0 0 
0 0.05 0 0 0 0 0 0 0 0 0 0 
1.98 0.92 0 0 0 0 0 0 0 0 0 0 
1.5 0 0 0 0 0 0 0 0 0 0 0 
1.7 0 0 0 0 0 0 0 0 0 0 0 
0 0 0 0.65 0 0 0 0 0 0 0 0 
0 0 0.55 0 0 0 0 0 0 0 0 0 
0 0 0 0.9 0 0 0 0 0 0 0 0 
0 0 0 0 0 0 0.7 0 0 0 0 0 
0 0 0 0 0 0 0 0.4 0 0 0 0 
0 0 0 0 0 0 0 1.5 0 0 0 0 
0 0 0 0 0 0 0 0 0 0 0 2.05 
0 0 0 0 0 0 0 0 0 0 0 2.1 
0 0 0 0 0 0 0 0 0 0 0 0.7 
0 0 0 0 0 0 0 0 0 0 0.36 0.3 

p[k]=
0.02 0.01 0 0.05 0 0.04 0.04 0.03 0.04 0.05 0.03 0.01 

d'''[i][k]=
0 0 0 0 0 0 0 0 0 0 12 18 
0 0 0 0 0 0 0 0 0 25 5 0 
0 0 0 0 0 0 0 0 3 2 0 0 
0 0 0 0 0 0 0 2 3 0 0 0 
0 0 0 0 0 0 0 5 0 0 0 0 
0 0 0 0 0 0 0 5 0 0 0 0 
0 0 0 0 0 0 0 5 0 0 0 0 
0 0 0 0 0 0 5 0 0 0 0 0 
0 0 0 0 0 4 1 0 0 0 0 0 
0 0 0 0 1 4 0 0 0 0 0 0 
0 0 0 0 5 0 0 0 0 0 0 0 
0 0 0 0 5 0 0 0 0 0 0 0 
0 0 0 10 11 0 0 0 0 0 0 0 
0 3 9 18 0 0 0 0 0 0 0 0 
13 17 0 0 0 0 0 0 0 0 0 0 

r'''[i][k]=
0 0 0 0 0 0 0 0 0 0 2.64 8.64 
0 0 0 0 0 0 0 0 0 14.25 1.35 0 
0 0 0 0 0 0 0 0 0.24 0.12 0 0 
0 0 0 0 0 0 0 0.42 0.06 0 0 0 
0 0 0 0 0 0 0 1.25 0 0 0 0 
0 0 0 0 0 0 0 0.7 0 0 0 0 
0 0 0 0 0 0 0 3.4 0 0 0 0 
0 0 0 0 0 0 0.25 0 0 0 0 0 
0 0 0 0 0 0.6 0.1 0 0 0 0 0 
0 0 0 0 0.8 0.92 0 0 0 0 0 0 
0 0 0 0 1.8 0 0 0 0 0 0 0 
0 0 0 0 1.95 0 0 0 0 0 0 0 
0 0 0 3.3 0.66 0 0 0 0 0 0 0 
0 0.03 0.54 5.04 0 0 0 0 0 0 0 0 
1.3 9.01 0 0 0 0 0 0 0 0 0 0 
