|S|=7
|R|=23
|O|=10
|V|=20
q=150
c=1
Tmax=960
H=1000

e'[i][j]=
0 102 58 73 194 297 475 262 
478 0 280 124 306 211 387 445 
373 333 0 256 111 401 372 182 
228 72 174 0 200 307 48 283 
264 129 343 225 0 155 191 212 
118 388 215 458 226 0 78 438 
308 355 341 366 379 433 0 331 
366 242 333 215 461 74 409 0 

e''[i][j]=
0 353 159 438 277 364 149 242 249 205 416 475 220 381 63 342 281 447 422 344 312 431 285 413 
184 0 105 396 134 397 359 473 89 239 290 180 363 217 186 194 254 292 150 235 58 173 259 340 
365 391 0 328 117 165 215 380 374 188 359 168 286 412 470 305 233 244 158 237 356 61 295 345 
218 66 141 0 96 116 158 392 380 258 118 178 247 400 431 178 58 415 118 314 454 303 308 109 
391 130 108 337 0 202 387 378 354 71 428 160 175 135 92 408 203 56 267 322 76 245 179 95 
311 77 58 478 116 0 435 80 188 322 109 338 301 276 323 318 182 376 320 443 356 181 390 65 
217 133 196 91 445 277 0 97 347 273 374 450 105 60 221 271 95 132 101 350 115 104 146 287 
342 126 347 370 284 342 49 0 230 232 474 397 55 179 80 196 73 107 306 283 344 378 216 445 
409 308 425 333 205 399 127 463 0 176 216 316 103 223 335 321 182 466 197 103 355 275 142 307 
132 426 158 50 149 182 53 232 275 0 349 410 54 444 313 403 373 50 263 469 120 242 406 348 
164 335 300 453 357 467 64 445 261 54 0 179 291 343 376 77 64 261 58 469 150 466 431 452 
210 104 134 460 480 447 450 86 287 446 114 0 269 219 355 122 144 236 186 464 189 60 454 111 
431 56 411 111 422 395 257 425 237 369 260 290 0 244 355 370 298 229 331 189 121 169 170 195 
457 313 351 467 145 287 204 204 90 167 298 280 373 0 171 395 426 282 457 82 359 298 391 337 
134 238 104 472 383 410 154 88 269 217 171 89 335 54 0 252 224 333 305 326 157 198 267 212 
426 197 57 446 129 400 247 297 365 453 219 81 369 478 241 0 305 164 479 428 434 163 112 140 
394 229 308 405 434 154 322 90 267 230 141 268 107 70 275 412 0 389 385 387 67 186 299 435 
182 223 360 132 285 153 366 327 190 357 453 65 432 304 453 352 232 0 245 317 310 235 421 344 
420 196 211 400 142 386 283 96 377 271 436 102 230 445 399 333 204 357 0 296 312 104 195 238 
366 408 174 367 186 276 139 410 315 139 218 437 381 184 447 474 211 250 430 0 420 181 165 131 
235 246 119 437 352 234 251 414 97 330 359 100 151 142 263 466 288 271 53 438 0 331 65 171 
88 182 284 480 267 452 301 177 85 471 391 466 428 479 184 162 173 436 364 162 105 0 72 291 
302 400 367 460 269 226 188 456 194 161 51 224 107 66 306 305 277 224 406 369 277 415 0 205 
302 91 306 445 411 159 139 337 344 101 365 245 436 277 424 49 259 291 217 93 180 438 193 0 

e'''[i][j]=
0 216 54 231 186 211 94 108 61 423 412 
453 0 143 339 315 467 295 192 318 134 369 
255 439 0 201 68 84 443 340 283 180 409 
183 155 462 0 414 424 101 150 183 300 339 
390 274 347 171 0 380 396 402 200 279 112 
129 96 296 447 389 0 152 138 445 82 306 
337 372 220 353 259 351 0 104 468 309 194 
475 74 327 289 266 71 145 0 341 74 279 
204 105 111 312 313 464 179 376 0 455 162 
68 268 366 421 187 140 156 323 284 0 114 
313 79 419 347 480 65 419 372 262 410 0 

t'[i][j]=
0 26 66 90 30 83 60 74 
52 0 95 35 92 61 69 25 
52 43 0 70 24 61 48 54 
30 79 48 0 64 46 34 69 
70 49 22 70 0 51 76 83 
96 59 35 21 59 0 37 28 
56 86 34 45 35 79 0 79 
30 35 73 81 64 54 30 0 

t''[i][j]=
0 79 43 58 60 32 35 41 100 68 62 99 97 43 79 99 78 38 60 29 77 75 26 87 
23 0 61 88 45 48 66 67 27 94 84 26 41 34 61 68 74 91 90 94 87 44 27 21 
75 82 0 57 84 42 61 95 90 71 50 76 28 37 91 53 49 99 65 75 34 46 34 87 
82 94 27 0 44 28 62 24 36 45 74 99 81 98 85 57 45 93 70 77 57 34 69 98 
42 38 57 64 0 37 59 62 80 94 99 71 90 88 63 33 64 89 99 21 48 53 33 94 
84 81 28 32 63 0 29 49 33 53 80 33 61 99 96 71 85 88 74 45 85 35 63 26 
37 98 39 77 27 97 0 84 92 74 53 44 91 75 86 22 30 45 64 23 54 54 97 47 
55 52 47 24 35 46 29 0 61 22 67 32 57 64 85 30 21 87 78 26 89 28 56 64 
75 76 21 43 26 75 21 30 0 32 44 30 73 84 20 54 88 56 25 88 67 36 62 70 
60 52 21 60 51 24 96 54 84 0 29 72 31 71 85 87 67 66 78 71 20 47 24 39 
80 67 94 80 22 37 84 38 64 32 0 52 47 66 44 57 81 53 49 70 54 76 38 89 
20 68 90 39 82 40 26 69 57 85 26 0 75 69 81 98 86 93 38 49 24 32 52 89 
35 95 48 88 61 28 32 73 62 39 90 46 0 65 76 53 49 63 22 92 40 45 33 88 
98 53 54 44 69 36 56 39 80 83 55 100 57 0 96 49 92 75 63 70 50 62 69 99 
52 69 29 99 95 64 47 97 90 39 30 81 97 83 0 67 100 100 48 97 72 47 59 81 
75 93 81 47 68 32 59 23 81 85 33 53 26 71 92 0 66 76 68 28 42 65 93 24 
59 80 77 93 41 44 69 22 38 84 38 61 55 58 31 30 0 73 67 82 73 81 83 97 
57 67 86 79 32 28 46 68 77 75 79 66 28 79 30 51 51 0 74 43 92 24 26 99 
33 41 74 43 56 91 93 27 81 21 77 31 71 52 90 38 22 49 0 55 81 88 22 96 
32 86 29 100 53 84 78 34 67 65 36 22 30 68 46 37 65 37 59 0 45 85 53 24 
29 96 26 57 54 20 54 41 64 71 59 75 80 27 100 95 27 82 46 100 0 87 50 48 
20 38 78 43 27 98 59 86 91 25 60 29 71 71 87 31 76 54 50 92 47 0 90 30 
81 64 53 100 24 41 76 100 100 91 81 59 63 60 31 55 51 55 44 80 46 90 0 97 
40 60 79 85 26 57 55 25 38 85 20 48 55 70 21 21 81 22 43 63 20 31 71 0 

t'''[i][j]=
0 80 55 27 31 85 42 51 22 79 72 
57 0 65 79 51 39 72 60 22 90 42 
95 59 0 33 41 83 81 96 66 72 85 
34 51 90 0 82 43 70 45 23 68 69 
99 87 76 99 0 36 36 61 79 70 56 
28 70 78 99 43 0 20 37 77 80 96 
61 20 71 91 35 53 0 78 27 33 73 
89 99 39 59 58 55 79 0 23 37 21 
58 48 45 23 38 55 64 39 0 79 40 
46 71 29 86 57 42 30 78 29 0 30 
73 33 81 63 38 73 32 100 87 80 0 

d''[i][k]=
0 0 0 0 0 2 3 
0 0 0 0 0 5 0 
0 0 0 0 0 5 0 
0 0 0 0 2 3 0 
0 0 0 1 4 0 0 
0 0 0 5 0 0 0 
0 0 0 5 0 0 0 
0 0 0 5 0 0 0 
0 0 2 3 0 0 0 
0 0 5 0 0 0 0 
0 0 5 0 0 0 0 
0 0 5 0 0 0 0 
0 4 1 0 0 0 0 
0 5 0 0 0 0 0 
0 5 0 0 0 0 0 
2 3 0 0 0 0 0 
5 0 0 0 0 0 0 
5 0 0 0 0 0 0 
5 0 0 0 0 0 0 
0 0 0 0 0 0 5 
0 0 0 0 0 5 0 
0 0 0 0 0 0 5 
0 0 0 0 0 0 5 

r''[i][k]=
0 0 0 0 0 0.02 0.72 
0 0 0 0 0 1.4 0 
0 0 0 0 0 0.05 0 
0 0 0 0 0.4 0.48 0 
0 0 0 0.1 1.52 0 0 
0 0 0 0.95 0 0 0 
0 0 0 2.4 0 0 0 
0 0 0 2.55 0 0 0 
0 0 0.08 0.09 0 0 0 
0 0 1.8 0 0 0 0 
0 0 1.55 0 0 0 0 
0 0 0.35 0 0 0 0 
0 0.2 0.01 0 0 0 0 
0 0.1 0 0 0 0 0 
0 0.3 0 0 0 0 0 
0.68 0 0 0 0 0 0 
0.05 0 0 0 0 0 0 
0.6 0 0 0 0 0 0 
1.5 0 0 0 0 0 0 
0 0 0 0 0 0 0.25 
0 0 0 0 0 0.8 0 
0 0 0 0 0 0 1.45 
0 0 0 0 0 0 0.35 

p[k]=
0.03 0.02 0 0.01 0.02 0.01 0 

d'''[i][k]=
0 0 0 0 0 2 18 
0 0 0 0 2 18 0 
0 0 0 1 4 0 0 
0 0 0 5 0 0 0 
0 0 0 5 0 0 0 
0 0 0 5 0 0 0 
0 0 2 3 0 0 0 
0 0 10 0 0 0 0 
0 14 6 0 0 0 0 
17 3 0 0 0 0 0 

r'''[i][k]=
0 0 0 0 0 0.3 9.9 
0 0 0 0 0.84 1.26 0 
0 0 0 0.16 0.8 0 0 
0 0 0 0.1 0 0 0 
0 0 0 0.45 0 0 0 
0 0 0 1.6 0 0 0 
0 0 1.72 0.15 0 0 0 
0 0 6.6 0 0 0 0 
0 0.56 0.54 0 0 0 0 
3.57 0.81 0 0 0 0 0 
