|S|=7
|R|=23
|O|=10
|V|=20
q=150
c=1
Tmax=960
H=1000

e'[i][j]=
0 256 76 441 333 355 347 451 
321 0 474 156 359 423 104 309 
295 450 0 88 334 236 256 332 
74 451 226 0 177 152 84 244 
338 362 280 185 0 237 347 252 
473 76 277 297 455 0 203 345 
68 215 450 195 130 279 0 106 
60 294 55 267 396 459 353 0 

e''[i][j]=
0 88 199 432 156 451 203 397 107 165 390 237 415 355 160 421 235 454 175 112 360 478 50 357 
382 0 452 456 367 171 472 439 206 377 465 418 236 195 135 175 331 333 226 90 280 420 279 267 
179 322 0 353 391 326 318 476 301 197 329 267 353 318 317 364 114 429 112 469 249 236 460 264 
286 122 182 0 168 463 375 86 222 260 293 282 480 342 237 101 318 414 416 268 371 421 99 220 
78 229 455 189 0 329 293 153 301 73 110 366 339 313 408 190 202 410 287 279 107 131 89 348 
465 54 254 435 446 0 384 438 84 468 198 90 73 66 88 161 420 76 331 76 336 331 224 65 
117 413 443 194 221 68 0 293 134 142 170 134 328 457 242 207 209 96 129 375 80 122 312 114 
407 358 183 167 74 454 51 0 86 394 315 399 283 374 108 150 442 410 289 179 334 237 357 90 
462 332 333 275 104 286 125 282 0 417 210 413 263 49 241 300 157 240 387 265 305 199 261 264 
90 392 414 154 48 116 389 391 65 0 390 233 389 241 80 265 195 212 140 77 416 208 480 149 
91 317 414 443 325 286 301 337 289 368 0 101 126 379 209 188 467 456 98 238 164 82 171 339 
370 245 279 195 307 73 52 455 315 261 228 0 252 447 155 197 145 432 479 337 160 385 135 311 
419 184 463 366 283 168 235 148 402 242 278 147 0 167 216 261 478 137 320 127 171 383 111 265 
77 262 194 260 167 458 278 212 432 283 363 413 211 0 334 244 240 158 301 191 241 93 307 213 
300 78 228 377 373 414 333 349 163 163 366 417 53 462 0 250 67 222 320 68 165 171 374 422 
454 227 168 365 409 282 296 349 387 83 77 326 246 320 319 0 160 168 322 341 349 232 300 82 
364 431 464 227 243 312 274 465 271 206 226 124 146 472 477 78 0 272 343 301 244 117 113 141 
376 265 428 466 174 226 148 301 68 69 334 463 470 361 335 232 358 0 258 136 349 425 192 280 
254 275 337 194 352 469 112 443 437 311 114 61 248 210 226 97 408 469 0 347 443 301 324 464 
129 397 178 262 227 298 137 236 170 97 193 395 249 436 50 289 155 307 436 0 433 111 477 51 
169 114 116 175 270 428 353 102 375 81 204 72 322 400 219 142 265 58 451 375 0 103 210 143 
82 75 224 199 139 174 302 368 233 108 202 164 362 59 453 231 193 133 74 312 226 0 137 295 
256 211 162 444 439 323 109 469 142 445 83 59 418 361 229 139 280 221 77 472 340 266 0 471 
297 53 93 169 293 399 261 377 94 253 463 409 327 347 211 243 242 307 149 311 245 142 260 0 

e'''[i][j]=
0 399 107 384 442 263 289 387 414 462 122 
102 0 90 269 260 312 71 258 148 265 240 
435 225 0 53 230 217 84 73 395 326 240 
168 461 321 0 57 220 321 150 332 161 131 
438 214 121 396 0 278 332 218 412 290 75 
392 194 179 99 284 0 123 473 455 199 109 
232 144 50 123 186 199 0 73 214 476 107 
283 412 171 446 181 402 58 0 99 374 300 
207 181 62 387 400 318 248 106 0 271 130 
247 400 340 159 181 73 159 457 284 0 250 
94 442 471 64 186 398 237 409 142 124 0 

t'[i][j]=
0 45 86 69 77 66 96 58 
69 0 61 54 82 80 82 82 
69 72 0 30 36 25 46 75 
29 99 71 0 70 81 98 33 
38 67 88 75 0 66 85 86 
99 75 97 38 25 0 73 71 
65 48 58 53 30 41 0 57 
21 42 44 51 85 96 80 0 

t''[i][j]=
0 26 86 40 27 94 55 69 46 43 54 52 34 76 65 22 64 80 33 63 84 20 79 31 
55 0 97 59 67 55 91 87 76 55 81 48 43 22 84 35 86 46 80 27 39 35 43 73 
65 66 0 61 66 59 33 29 80 80 99 40 95 99 34 40 73 93 46 71 26 53 94 33 
95 86 61 0 54 69 90 25 93 54 45 52 80 76 26 98 24 92 29 57 59 76 37 58 
49 48 98 99 0 48 51 96 72 43 77 85 29 92 100 31 89 57 22 95 85 86 35 84 
100 32 83 37 59 0 69 88 95 57 59 79 48 54 20 71 77 35 92 43 80 61 70 41 
48 57 31 86 27 25 0 26 24 44 54 49 49 21 60 44 91 43 64 82 68 51 74 99 
83 87 25 89 61 87 70 0 73 54 52 53 74 66 47 79 94 79 72 29 78 57 46 61 
73 98 51 30 80 47 71 31 0 34 92 59 54 87 86 70 78 64 22 27 49 57 30 26 
74 73 85 34 55 28 47 49 58 0 71 56 37 73 72 40 49 67 40 62 69 72 79 61 
85 84 99 60 86 97 80 38 43 75 0 39 49 88 46 27 83 63 67 56 77 83 85 87 
86 41 26 48 95 99 29 22 51 70 70 0 70 28 99 63 29 49 46 34 23 68 79 49 
49 79 81 43 67 58 57 74 22 84 100 70 0 93 66 36 62 80 88 50 60 26 61 70 
81 75 49 78 26 98 71 56 84 61 75 63 20 0 73 45 86 87 47 46 65 55 48 54 
99 53 67 23 46 75 60 85 44 47 73 77 98 74 0 42 40 27 63 96 51 63 86 73 
30 39 22 68 46 81 40 87 97 79 65 97 32 92 85 0 60 92 53 32 24 89 72 27 
68 79 84 94 72 77 94 43 72 38 88 43 42 23 96 68 0 73 98 40 33 20 55 38 
93 25 92 82 92 52 69 88 84 38 30 65 65 36 69 83 70 0 89 37 90 47 52 93 
37 42 91 20 72 95 40 77 79 58 46 92 72 43 35 28 65 59 0 52 31 53 34 44 
96 45 30 88 76 89 51 36 46 83 88 23 89 35 94 92 69 65 85 0 67 23 66 74 
74 55 45 27 80 60 70 50 62 31 81 58 29 92 28 75 23 57 71 49 0 82 83 99 
43 99 65 28 32 39 23 67 30 62 50 52 96 79 62 53 77 21 59 59 70 0 98 20 
70 51 34 30 42 87 22 55 40 59 38 81 66 56 27 20 75 58 26 60 39 94 0 32 
47 56 57 98 21 95 53 78 37 72 83 88 80 69 73 70 45 23 84 21 65 92 37 0 

t'''[i][j]=
0 82 24 77 68 30 100 93 60 26 63 
75 0 85 78 68 67 32 84 63 69 41 
71 25 0 35 93 26 66 20 82 70 65 
62 56 32 0 85 29 32 39 94 78 95 
100 79 35 29 0 36 97 73 57 53 68 
53 68 78 27 23 0 81 92 59 56 39 
74 56 27 44 70 59 0 87 26 74 35 
23 97 32 83 96 32 61 0 86 32 67 
83 96 27 54 90 84 45 87 0 75 22 
63 66 60 58 32 83 68 41 83 0 66 
75 81 79 34 75 79 41 84 71 91 0 

d''[i][k]=
0 0 0 0 0 4 1 
0 0 0 0 2 3 0 
0 0 0 0 5 0 0 
0 0 0 0 5 0 0 
0 0 0 0 5 0 0 
0 0 0 2 3 0 0 
0 0 0 5 0 0 0 
0 0 0 5 0 0 0 
0 0 2 3 0 0 0 
0 0 5 0 0 0 0 
0 0 5 0 0 0 0 
0 0 5 0 0 0 0 
0 4 1 0 0 0 0 
0 5 0 0 0 0 0 
0 5 0 0 0 0 0 
1 5 0 0 0 0 0 
5 0 0 0 0 0 0 
5 0 0 0 0 0 0 
5 0 0 0 0 0 0 
0 0 0 0 0 0 5 
0 0 0 0 0 5 0 
0 0 0 0 0 0 5 
0 0 0 0 0 0 5 

r''[i][k]=
0 0 0 0 0 0.84 0.13 
0 0 0 0 0.42 0.03 0 
0 0 0 0 2.35 0 0 
0 0 0 0 2.9 0 0 
0 0 0 0 0.3 0 0 
0 0 0 1.76 1.23 0 0 
0 0 0 1.9 0 0 0 
0 0 0 1.55 0 0 0 
0 0 0.72 0.06 0 0 0 
0 0 0.1 0 0 0 0 
0 0 1.25 0 0 0 0 
0 0 0.9 0 0 0 0 
0 0.12 0 0 0 0 0 
0 1.25 0 0 0 0 0 
0 0.55 0 0 0 0 0 
0.05 1.05 0 0 0 0 0 
0.4 0 0 0 0 0 0 
0.05 0 0 0 0 0 0 
1.1 0 0 0 0 0 0 
0 0 0 0 0 0 2.15 
0 0 0 0 0 1.55 0 
0 0 0 0 0 0 0.4 
0 0 0 0 0 0 0.45 

p[k]=
0.04 0.02 0 0 0.04 0 0.03 

d'''[i][k]=
0 0 0 0 0 4 16 
0 0 0 0 12 8 0 
0 0 0 0 5 0 0 
0 0 0 2 3 0 0 
0 0 0 5 0 0 0 
0 0 0 5 0 0 0 
0 0 2 3 0 0 0 
0 0 11 0 0 0 0 
0 15 5 0 0 0 0 
16 4 0 0 0 0 0 

r'''[i][k]=
0 0 0 0 0 0.04 7.2 
0 0 0 0 0.84 0.08 0 
0 0 0 0 1.45 0 0 
0 0 0 0.88 0.27 0 0 
0 0 0 0.7 0 0 0 
0 0 0 0 0 0 0 
0 0 0.1 0.12 0 0 0 
0 0 1.32 0 0 0 0 
0 10.8 2.7 0 0 0 0 
0.16 0.2 0 0 0 0 0 
