|S|=7
|R|=23
|O|=10
|V|=20
q=150
c=1
Tmax=960
H=1000

e'[i][j]=
0 105 392 132 174 94 467 143 
194 0 186 97 217 264 51 154 
211 273 0 149 266 407 120 268 
394 429 435 0 435 50 55 353 
116 380 105 50 0 184 398 68 
422 375 203 153 159 0 61 304 
433 413 330 289 392 259 0 116 
325 98 104 189 83 208 374 0 

e''[i][j]=
0 93 63 467 472 49 383 330 78 423 175 181 455 411 388 184 112 131 395 457 90 168 192 427 
116 0 469 70 161 427 48 205 192 51 271 259 114 273 56 203 383 398 273 60 240 87 187 268 
196 228 0 349 369 67 152 177 404 326 403 96 354 213 79 104 421 344 402 214 173 227 172 385 
313 436 375 0 338 198 156 94 328 274 375 103 138 384 203 250 278 366 247 388 436 430 281 113 
338 398 85 439 0 256 73 194 127 138 300 228 474 274 301 163 321 231 295 459 387 218 227 352 
77 249 59 123 171 0 180 163 69 95 296 139 89 233 155 479 437 142 263 177 417 127 289 248 
334 247 405 408 199 82 0 194 70 468 228 294 436 364 316 437 415 132 388 305 335 340 444 159 
77 213 333 100 132 420 87 0 417 381 173 110 268 51 232 151 323 318 439 265 335 442 360 87 
328 287 125 60 73 59 373 225 0 130 324 180 74 139 381 154 404 232 315 334 415 289 72 349 
291 288 325 469 60 188 276 275 305 0 294 269 380 311 149 452 268 61 476 392 130 216 134 55 
126 473 269 346 186 463 124 479 117 333 0 429 451 217 210 168 352 93 447 352 122 278 294 403 
284 74 476 264 307 374 228 295 247 295 66 0 323 227 109 234 158 89 408 266 207 89 178 311 
149 87 57 181 62 389 319 231 90 129 112 157 0 119 276 258 339 279 472 276 108 86 425 341 
304 90 349 419 88 170 210 231 356 340 401 73 218 0 75 279 148 466 425 143 165 249 156 244 
443 103 167 478 434 79 118 115 256 67 347 161 282 94 0 436 138 300 342 329 149 109 307 147 
81 417 470 326 233 412 184 409 386 135 471 470 220 240 154 0 475 420 361 390 176 409 458 438 
75 223 315 366 298 415 377 107 145 270 375 425 140 110 127 459 0 322 210 118 193 302 354 123 
343 187 352 370 424 322 121 101 346 469 416 260 170 97 87 140 354 0 141 98 275 390 311 253 
347 435 434 111 234 117 86 412 476 137 79 346 187 113 186 452 111 469 0 463 413 72 80 278 
184 463 199 454 446 258 332 447 257 380 222 55 136 388 407 99 135 141 420 0 50 278 194 150 
89 180 244 211 80 245 416 191 242 470 449 133 121 374 50 84 67 368 271 391 0 155 289 118 
77 411 304 313 174 245 391 322 406 369 425 424 383 393 461 141 269 110 390 412 146 0 377 340 
352 121 83 427 334 296 196 290 210 167 163 354 298 452 444 423 86 215 293 442 463 350 0 68 
65 304 204 407 342 250 172 406 143 428 319 401 268 151 345 356 85 197 301 169 398 327 344 0 

e'''[i][j]=
0 176 317 99 474 287 174 476 288 284 82 
357 0 430 82 160 332 120 297 295 317 389 
316 360 0 58 166 201 115 205 143 270 463 
317 295 168 0 406 142 231 480 470 219 107 
365 341 183 69 0 300 284 233 169 67 205 
450 87 399 356 276 0 159 109 181 271 424 
159 262 90 314 241 64 0 404 61 103 140 
381 220 275 424 314 147 458 0 255 324 389 
180 400 161 99 307 369 191 445 0 159 306 
77 108 394 278 399 346 219 321 436 0 255 
115 328 377 476 292 332 184 109 321 335 0 

t'[i][j]=
0 70 40 65 87 24 58 36 
83 0 62 65 38 23 90 37 
61 39 0 66 52 96 55 65 
26 55 75 0 22 70 52 95 
32 29 99 29 0 86 56 47 
73 46 23 54 48 0 71 22 
44 36 20 77 29 68 0 84 
77 34 23 72 52 76 56 0 

t''[i][j]=
0 66 87 55 49 55 31 80 92 59 24 87 59 32 71 67 89 86 66 65 37 47 41 25 
30 0 97 43 70 61 41 32 32 31 81 35 70 82 100 26 73 67 55 20 32 60 84 47 
86 67 0 34 36 48 64 97 90 29 89 47 46 53 31 56 90 60 37 21 61 61 66 93 
89 44 92 0 36 85 50 56 70 97 32 33 35 60 77 64 22 80 71 42 67 63 74 87 
94 73 46 46 0 68 34 96 68 88 70 45 58 33 67 69 76 69 50 56 50 89 79 22 
68 43 56 82 100 0 53 56 59 26 55 54 68 73 63 47 71 62 61 77 50 66 73 35 
53 63 46 58 23 69 0 99 69 68 85 69 73 29 72 24 60 42 91 74 52 86 26 38 
57 63 91 81 54 34 68 0 50 49 32 35 75 67 41 62 27 84 62 48 82 32 60 74 
37 83 27 84 39 51 66 74 0 42 31 24 39 75 96 68 80 87 80 66 45 35 92 93 
93 35 83 63 58 24 90 40 60 0 54 82 74 91 35 42 56 24 72 97 68 86 31 62 
68 45 71 75 44 67 83 45 58 86 0 69 26 60 56 90 88 77 99 66 40 99 66 43 
100 84 36 75 57 20 46 76 37 72 56 0 69 44 73 89 95 83 29 40 59 75 77 80 
77 33 48 70 54 35 59 47 91 99 62 30 0 78 85 69 23 89 30 94 93 94 59 85 
37 97 48 21 68 82 90 23 24 84 66 90 86 0 40 24 30 30 69 96 50 32 32 100 
79 52 92 70 26 45 88 95 92 86 73 67 57 47 0 60 53 48 98 28 43 29 47 38 
44 80 28 45 26 35 56 48 54 30 80 20 23 51 99 0 51 61 78 58 84 88 74 39 
49 53 65 20 97 82 67 77 44 50 44 98 27 84 58 100 0 44 79 84 28 24 79 50 
64 99 37 80 94 55 63 20 93 89 34 87 60 33 99 33 48 0 38 84 87 26 61 81 
59 54 36 37 42 21 87 96 58 98 22 43 88 80 87 36 96 38 0 21 25 90 25 85 
67 83 28 43 36 31 76 64 68 63 22 27 37 30 98 47 79 51 46 0 80 87 25 98 
39 100 29 20 21 29 24 29 37 63 69 84 53 43 100 94 26 23 60 26 0 95 99 62 
98 35 45 36 90 82 98 100 55 81 59 51 50 62 44 38 54 69 87 65 72 0 31 94 
80 78 27 76 53 55 45 85 40 85 73 55 40 47 94 73 77 83 70 99 55 45 0 72 
77 52 85 95 29 25 37 64 82 34 29 37 35 26 76 40 52 60 21 89 62 29 48 0 

t'''[i][j]=
0 37 22 28 36 35 30 100 27 67 81 
63 0 33 92 49 78 38 85 33 43 85 
42 32 0 60 72 65 97 87 91 41 74 
33 52 32 0 50 84 41 64 73 43 61 
31 34 91 53 0 22 75 55 92 93 83 
73 31 47 38 66 0 54 70 29 72 40 
70 31 57 97 76 69 0 44 83 30 88 
24 46 30 84 26 87 31 0 98 93 40 
38 47 83 67 75 78 31 60 0 74 36 
87 57 55 68 52 97 90 91 90 0 22 
70 38 86 57 68 92 65 76 92 64 0 

d''[i][k]=
0 0 0 0 0 5 0 
0 0 0 0 0 5 0 
0 0 0 0 6 0 0 
0 0 0 0 5 0 0 
0 0 0 0 5 0 0 
0 0 0 3 2 0 0 
0 0 0 5 0 0 0 
0 0 0 5 0 0 0 
0 0 4 1 0 0 0 
0 0 5 0 0 0 0 
0 0 5 0 0 0 0 
0 1 4 0 0 0 0 
0 5 0 0 0 0 0 
0 5 0 0 0 0 0 
0 5 0 0 0 0 0 
4 1 0 0 0 0 0 
5 0 0 0 0 0 0 
5 0 0 0 0 0 0 
5 0 0 0 0 0 0 
0 0 0 0 0 0 5 
0 0 0 0 0 0 5 
0 0 0 0 0 0 5 
0 0 0 0 0 0 5 

r''[i][k]=
0 0 0 0 0 0.05 0 
0 0 0 0 0 3 0 
0 0 0 0 0.42 0 0 
0 0 0 0 2.15 0 0 
0 0 0 0 0.6 0 0 
0 0 0 0.21 0.84 0 0 
0 0 0 1.8 0 0 0 
0 0 0 1.65 0 0 0 
0 0 0.88 0.01 0 0 0 
0 0 1.2 0 0 0 0 
0 0 4.2 0 0 0 0 
0 0.32 0.12 0 0 0 0 
0 2.6 0 0 0 0 0 
0 4.35 0 0 0 0 0 
0 0.45 0 0 0 0 0 
0.88 0.34 0 0 0 0 0 
1.65 0 0 0 0 0 0 
0.4 0 0 0 0 0 0 
1.15 0 0 0 0 0 0 
0 0 0 0 0 0 0.6 
0 0 0 0 0 0 3.25 
0 0 0 0 0 0 4.35 
0 0 0 0 0 0 2.05 

p[k]=
0.05 0.03 0 0.04 0.03 0.04 0.03 

d'''[i][k]=
0 0 0 0 0 0 20 
0 0 0 0 10 10 0 
0 0 0 0 5 0 0 
0 0 0 2 3 0 0 
0 0 0 5 0 0 0 
0 0 0 5 0 0 0 
0 0 3 2 0 0 0 
0 0 11 0 0 0 0 
0 16 4 0 0 0 0 
19 1 0 0 0 0 0 

r'''[i][k]=
0 0 0 0 0 0 1 
0 0 0 0 1.6 4.3 0 
0 0 0 0 3.2 0 0 
0 0 0 0.12 0.57 0 0 
0 0 0 1.4 0 0 0 
0 0 0 1.1 0 0 0 
0 0 1.08 0.4 0 0 0 
0 0 0.22 0 0 0 0 
0 5.76 0.36 0 0 0 0 
1.33 0.61 0 0 0 0 0 
