|S|=12
|R|=38
|O|=15
|V|=30
q=150
c=1
Tmax=960
H=1000

e'[i][j]=
0 311 303 94 375 528 415 139 352 207 485 179 215 
286 0 554 232 311 432 432 232 318 504 126 342 414 
291 433 0 423 98 155 407 466 335 465 204 541 341 
49 380 126 0 512 422 500 149 428 148 472 500 355 
496 457 335 379 0 137 77 142 444 344 309 103 388 
176 195 102 344 283 0 469 151 333 493 196 460 117 
446 531 139 90 525 128 0 169 77 88 92 224 503 
423 322 160 322 451 289 209 0 446 462 345 476 422 
192 183 452 333 181 57 59 327 0 521 165 135 426 
401 246 295 144 420 205 531 384 213 0 326 470 171 
245 386 377 49 315 429 559 328 485 509 0 205 143 
534 74 292 475 111 134 410 113 194 358 194 0 80 
49 313 531 496 155 546 285 159 276 305 412 173 0 

e''[i][j]=
0 412 483 277 207 417 374 369 327 446 484 473 106 160 327 541 558 482 185 180 487 295 85 395 418 190 76 255 328 203 498 286 275 151 192 292 92 361 550 
334 0 297 256 122 412 135 117 535 370 336 408 103 305 51 89 64 78 102 173 327 483 268 357 523 139 385 175 335 190 60 300 252 359 207 553 248 146 248 
157 107 0 218 273 248 131 63 135 59 153 86 105 517 266 296 392 224 402 362 552 127 552 249 315 558 463 509 349 101 340 392 543 181 197 365 94 157 115 
455 506 159 0 212 330 437 322 558 452 527 554 484 508 378 147 426 519 162 392 111 500 324 253 548 226 434 472 515 106 183 314 429 200 58 54 485 512 177 
48 430 496 441 0 52 50 479 274 124 557 91 371 481 520 117 551 215 545 109 265 304 64 83 122 154 169 325 99 430 285 405 415 426 537 165 293 302 437 
420 251 454 217 247 0 243 349 448 241 345 514 410 255 108 288 226 168 333 350 93 536 402 63 331 154 385 384 54 204 495 124 170 170 460 245 53 302 231 
120 342 286 211 420 495 0 459 269 368 383 361 105 514 254 253 480 494 339 420 111 252 141 57 489 202 402 476 113 481 455 552 89 142 231 534 527 364 398 
89 319 111 332 201 414 61 0 479 335 422 291 237 324 458 282 154 460 462 201 451 97 208 193 280 113 267 170 382 513 313 145 203 161 207 526 279 168 436 
383 321 310 374 437 204 472 200 0 204 311 485 239 187 207 85 270 139 470 271 156 109 241 166 310 443 101 546 78 390 313 305 552 558 254 234 446 409 154 
184 117 56 62 461 88 267 419 384 0 536 212 458 108 71 59 499 95 414 155 124 141 545 506 145 361 304 519 125 428 278 78 278 441 459 433 227 210 92 
136 538 280 170 74 182 71 115 478 336 0 247 522 275 276 290 203 537 99 553 262 199 476 555 457 417 527 457 63 291 259 428 341 294 400 501 193 438 247 
311 513 121 146 488 400 471 334 463 466 182 0 341 128 356 299 185 183 183 506 127 86 118 379 332 320 336 275 219 192 456 351 170 434 551 460 364 346 529 
510 528 293 185 276 171 219 49 101 545 466 139 0 335 560 108 337 77 263 72 146 445 475 213 255 191 401 223 190 410 321 537 177 108 72 560 83 409 324 
473 215 472 425 526 426 300 553 395 463 52 346 390 0 302 364 134 307 112 186 134 340 216 394 56 132 48 259 183 326 338 172 69 498 250 158 264 81 105 
237 213 317 307 533 54 80 424 257 261 458 509 95 48 0 556 460 219 451 343 421 283 282 133 409 522 546 82 75 108 151 148 206 540 361 528 510 529 194 
69 378 348 457 306 231 208 160 344 278 412 313 219 427 73 0 179 264 401 242 408 514 264 503 177 162 488 554 409 423 498 127 230 361 553 353 323 148 543 
64 135 506 532 377 443 497 511 377 518 212 179 356 458 181 258 0 235 487 364 297 460 57 154 93 87 450 483 91 415 307 258 343 230 234 315 295 419 208 
347 448 403 397 399 533 57 440 134 237 234 504 328 283 470 405 444 0 318 347 194 176 493 315 504 336 192 378 490 62 203 341 403 504 109 246 92 131 105 
499 410 361 124 147 263 207 507 244 367 421 249 252 490 191 519 422 553 0 491 555 67 555 280 240 202 472 405 196 504 460 496 397 118 416 121 48 79 183 
441 311 434 358 61 195 420 249 489 152 449 270 398 158 385 220 176 382 491 0 324 495 167 73 467 450 330 404 66 222 307 289 557 260 525 553 543 288 319 
363 388 224 397 162 217 390 121 555 276 542 75 370 166 266 464 276 365 550 463 0 449 554 221 178 344 528 94 150 425 138 152 223 387 391 367 317 366 90 
175 396 81 70 331 231 383 446 253 61 471 131 315 366 238 419 93 302 472 415 81 0 214 199 201 88 477 181 280 107 467 480 499 336 349 387 238 560 142 
393 119 67 512 475 557 553 64 74 144 453 287 86 409 477 148 422 252 185 503 425 369 0 401 112 345 509 229 214 371 240 422 187 368 354 280 388 195 241 
70 353 463 334 523 357 334 269 453 101 447 247 386 365 260 48 153 86 245 299 346 80 213 0 304 379 71 482 404 188 434 63 76 58 429 372 345 556 141 
177 551 405 398 308 361 182 251 151 225 98 202 166 521 252 391 465 210 361 326 152 400 229 206 0 384 204 530 263 234 180 284 220 233 537 194 194 161 217 
554 258 329 106 156 122 308 211 255 480 238 370 245 98 376 80 202 281 384 521 189 113 525 520 459 0 146 194 480 111 542 367 327 79 136 260 252 128 319 
475 96 388 312 63 468 549 496 135 340 260 188 315 214 249 430 347 465 379 470 505 287 196 76 166 173 0 364 328 408 298 90 394 273 371 463 277 542 71 
404 340 158 239 102 173 449 508 340 450 374 219 538 534 438 183 463 178 296 169 71 214 496 394 262 70 402 0 386 418 360 522 338 539 247 327 293 477 371 
132 529 325 522 427 277 487 525 139 244 339 409 220 131 103 117 54 393 95 111 552 495 526 273 368 158 297 362 0 89 374 244 406 414 58 143 124 53 120 
171 122 505 316 407 105 223 122 78 422 552 96 278 543 323 221 469 354 124 119 297 341 386 339 367 535 245 501 274 0 362 443 198 290 460 77 558 282 396 
293 538 265 75 217 265 216 448 137 362 77 71 308 319 196 217 504 136 442 214 423 179 194 449 508 428 332 545 166 450 0 183 49 405 268 516 523 293 529 
305 248 484 452 411 85 90 312 527 96 137 73 224 309 375 132 152 379 167 164 438 270 415 218 502 67 128 55 403 485 267 0 476 277 474 371 63 461 193 
466 374 268 400 363 395 304 541 166 386 72 196 106 412 447 524 135 68 193 97 65 459 414 517 156 487 558 354 58 121 75 279 0 525 416 392 495 501 314 
424 271 84 519 518 532 162 389 531 505 335 547 458 171 234 281 503 327 234 149 51 76 558 315 236 203 70 436 365 509 396 252 324 0 153 143 257 348 431 
407 247 371 147 153 144 357 522 238 388 99 502 101 545 482 196 229 243 387 234 108 414 373 172 196 450 361 225 217 107 116 526 264 486 0 556 81 513 306 
245 418 131 340 64 267 353 190 140 475 490 417 136 421 436 283 543 261 321 265 175 311 336 73 151 252 484 375 213 315 431 383 471 393 461 0 354 285 370 
70 287 231 114 466 120 454 294 283 222 395 435 58 189 423 178 363 513 91 241 232 247 219 210 83 519 65 400 510 479 58 331 307 178 409 83 0 524 282 
165 272 512 420 293 186 185 142 103 228 51 263 369 198 309 202 341 468 520 424 164 343 327 295 429 207 545 153 369 470 359 88 318 110 193 429 239 0 251 
92 437 318 381 512 306 482 377 220 188 144 467 163 259 367 477 132 294 475 190 263 159 63 212 193 231 80 275 157 151 500 208 272 403 106 374 306 259 0 

e'''[i][j]=
0 540 137 222 219 326 529 281 225 116 454 400 294 107 459 178 
354 0 319 105 323 96 479 343 333 293 110 284 312 81 490 69 
50 134 0 388 235 197 231 474 492 112 130 241 517 323 120 323 
553 516 554 0 269 456 552 475 521 514 411 146 425 438 203 256 
547 292 172 447 0 349 488 249 268 368 493 292 214 446 140 59 
318 435 142 103 219 0 131 231 185 113 169 439 76 311 352 543 
286 355 148 93 530 533 0 188 277 374 223 103 76 100 342 450 
422 159 335 52 111 248 475 0 441 100 513 258 266 356 203 501 
161 141 430 412 527 435 297 415 0 216 489 321 183 342 399 310 
400 469 49 485 202 431 58 105 0 0 349 254 209 48 437 403 
321 419 136 228 424 538 448 325 219 328 0 462 377 329 348 161 
99 149 183 282 246 151 362 382 512 380 545 0 173 241 343 91 
181 161 312 522 470 173 97 526 401 150 447 339 0 256 412 465 
99 422 402 552 171 523 329 257 212 395 226 75 554 0 311 118 
501 242 327 432 201 357 421 362 497 100 358 69 129 95 0 543 
278 68 81 93 364 556 391 549 417 128 545 442 462 160 467 0 

t'[i][j]=
0 48 44 112 114 39 120 60 195 145 116 62 122 
61 0 135 82 49 87 86 137 195 50 36 135 27 
58 23 0 141 68 76 30 96 177 152 103 145 73 
176 100 78 0 34 105 183 56 78 106 104 186 199 
22 80 154 80 0 62 173 103 27 144 81 178 154 
58 111 93 29 47 0 77 97 166 159 23 67 52 
184 149 75 57 137 91 0 58 137 144 117 39 49 
35 166 90 65 179 168 176 0 152 127 118 149 51 
184 26 165 129 28 54 77 197 0 184 111 49 63 
143 99 167 95 162 65 184 121 159 0 72 34 53 
78 112 25 122 154 91 21 117 172 69 0 143 43 
131 83 115 55 54 114 100 158 24 126 46 0 131 
81 180 157 173 40 85 69 76 164 78 134 109 0 

t''[i][j]=
0 93 55 47 157 61 64 143 52 107 117 59 146 103 84 145 23 96 164 142 126 69 89 160 79 87 166 111 174 163 172 197 43 77 197 147 112 141 188 
139 0 22 41 186 77 83 102 143 158 84 123 193 126 195 25 27 57 139 140 52 133 125 184 169 92 136 66 102 133 127 65 90 82 24 101 37 137 55 
20 134 0 64 69 115 184 178 32 99 88 147 86 48 73 178 195 113 83 147 138 182 50 133 89 167 188 24 29 74 60 174 111 72 154 50 38 140 142 
163 108 199 0 98 65 126 145 66 184 92 65 76 162 100 24 132 107 130 132 98 192 25 50 38 101 45 113 173 20 199 143 152 53 198 162 107 171 37 
112 127 156 120 0 194 79 67 145 100 163 48 152 36 185 114 185 121 122 190 112 194 196 59 106 92 22 75 29 84 172 116 164 41 46 112 167 147 28 
141 137 159 103 67 0 63 156 33 83 39 85 65 37 34 65 96 195 164 84 59 187 20 133 121 125 33 78 55 71 61 151 170 116 37 132 107 104 41 
159 88 73 133 120 39 0 136 165 157 90 90 185 89 88 190 186 83 26 165 126 48 199 22 85 81 164 127 37 100 73 31 69 78 99 185 197 142 31 
123 191 104 136 86 39 101 0 157 57 138 119 90 138 199 170 146 166 172 54 153 34 103 91 195 127 44 105 157 137 163 58 123 83 127 34 36 67 51 
41 58 187 156 155 75 142 119 0 193 22 62 169 154 40 197 119 93 143 173 84 127 37 152 145 103 74 143 79 24 176 68 45 161 93 65 105 77 142 
191 39 108 131 98 79 165 185 73 0 114 24 27 116 66 27 89 56 180 197 63 48 178 150 44 39 91 187 20 74 152 179 95 187 125 151 111 188 182 
167 190 173 38 136 83 44 138 148 87 0 55 124 71 114 87 195 166 34 127 112 194 103 138 25 80 86 22 113 72 54 156 31 166 174 57 72 114 89 
102 42 87 41 131 98 143 25 85 125 102 0 35 93 39 160 153 60 135 44 55 68 200 196 43 188 114 119 55 23 31 117 148 168 94 157 58 92 166 
93 104 46 101 143 190 94 185 122 157 199 146 0 137 186 33 169 159 66 47 20 119 190 74 134 100 165 104 182 111 80 121 88 194 63 98 60 170 89 
128 95 193 137 172 22 131 26 47 125 184 183 91 0 186 107 156 183 107 141 151 48 58 191 190 66 86 111 53 23 73 26 20 108 140 75 40 174 47 
67 195 138 29 70 127 82 100 152 180 122 151 193 148 0 80 95 96 25 35 181 196 117 181 92 30 154 140 112 54 26 77 134 82 158 115 66 64 120 
155 196 83 75 95 97 22 57 196 31 31 143 88 139 48 0 118 68 27 105 45 98 102 88 131 89 174 95 179 108 134 109 60 86 102 36 45 156 157 
136 127 191 125 161 172 99 157 103 193 138 75 198 48 72 88 0 73 74 138 58 65 124 31 61 195 27 99 120 21 93 91 32 106 72 177 147 176 100 
190 128 119 168 126 28 86 130 43 133 96 45 54 62 98 47 121 0 31 95 174 138 53 101 93 63 36 69 40 85 93 88 165 28 189 150 107 52 131 
120 193 162 174 164 39 101 22 152 182 65 200 22 146 157 176 166 82 0 65 169 190 141 95 151 86 27 112 121 133 55 111 197 24 123 21 168 22 111 
57 116 194 179 85 99 115 180 32 57 138 88 68 111 78 47 143 139 150 0 60 100 145 85 79 20 91 97 69 78 155 43 178 184 120 67 172 58 22 
47 77 161 20 192 26 86 165 131 70 42 153 103 190 34 179 25 195 85 114 0 164 59 143 55 31 200 83 45 113 58 138 69 134 21 24 52 127 24 
50 194 47 80 29 30 71 136 100 162 100 143 193 115 93 143 198 129 168 82 120 0 102 112 200 30 184 97 66 116 96 163 37 28 33 52 164 21 116 
174 20 27 133 101 30 80 69 68 62 79 31 39 72 77 72 119 33 113 84 77 87 0 150 81 177 31 46 49 108 20 142 163 163 196 122 173 33 72 
149 75 187 177 46 180 54 66 73 179 29 139 112 25 43 109 171 87 77 50 111 57 130 0 95 46 109 84 27 170 62 171 163 109 162 175 163 194 59 
123 79 143 90 50 198 131 52 181 76 200 26 192 97 189 122 140 37 188 111 124 124 112 74 0 83 195 38 75 58 153 156 126 64 180 104 188 42 174 
44 84 154 81 174 164 126 139 68 198 128 45 174 25 144 199 56 107 57 169 168 163 52 33 35 0 130 101 91 30 129 103 98 171 41 168 195 195 192 
73 185 103 98 40 54 149 68 191 30 24 198 22 101 188 100 68 93 22 175 82 137 72 62 126 186 0 25 66 51 144 53 112 139 186 139 193 49 164 
124 158 137 44 53 69 198 43 157 27 126 62 152 171 122 69 56 174 58 109 52 20 54 119 135 150 36 0 62 25 54 71 170 48 53 97 107 40 43 
31 34 127 51 169 70 26 42 190 177 57 45 47 55 183 67 146 179 181 168 38 165 86 149 81 142 27 154 0 130 139 87 53 91 92 34 56 66 103 
194 162 88 101 20 123 78 196 161 26 97 152 89 164 199 103 21 117 82 142 138 194 55 118 59 50 189 37 50 0 174 157 153 138 152 104 169 56 75 
182 155 152 172 39 171 190 81 150 117 92 90 169 145 26 167 158 114 34 175 131 185 179 41 197 77 68 30 164 47 0 103 168 34 175 88 174 144 29 
108 102 25 138 85 66 158 109 23 130 173 58 192 123 166 197 164 151 36 70 39 174 87 40 156 56 27 109 43 131 172 0 199 194 65 200 47 107 172 
103 29 87 88 141 63 187 195 120 139 95 101 28 113 155 69 71 35 199 121 36 163 115 51 33 103 34 172 130 42 56 165 0 70 168 184 163 33 54 
138 21 165 112 143 141 68 115 37 165 173 27 34 148 28 123 78 94 75 114 70 57 180 155 177 65 157 195 200 131 116 153 182 0 41 64 87 131 50 
83 169 128 63 147 101 132 153 156 51 89 24 56 67 41 182 54 104 99 49 71 50 148 150 161 106 23 64 155 159 181 154 198 94 0 47 113 110 121 
85 123 127 101 141 142 34 123 43 182 136 146 119 197 56 66 146 150 173 65 123 74 131 175 127 114 39 160 71 127 135 135 177 191 163 0 128 69 118 
162 148 147 193 47 168 178 166 75 190 153 114 62 85 102 194 23 161 107 171 42 154 168 22 113 137 125 168 26 138 146 23 184 39 195 144 0 70 98 
21 20 157 112 155 161 86 57 189 104 69 159 168 181 141 175 89 133 70 176 102 143 197 31 76 62 136 96 28 165 150 144 67 92 59 42 63 0 35 
27 171 136 72 81 77 124 86 194 111 127 84 167 183 45 128 119 188 29 50 61 108 96 124 36 159 102 187 89 111 131 146 82 184 67 146 199 39 0 

t'''[i][j]=
0 198 126 193 133 36 187 80 193 112 73 74 78 105 51 111 
48 0 153 163 20 170 122 136 77 112 25 47 86 140 159 73 
157 43 0 157 33 108 49 178 96 110 76 118 65 160 76 39 
171 196 97 0 164 34 148 118 38 169 173 66 186 29 185 27 
199 188 194 140 0 66 189 193 104 166 145 45 37 46 80 106 
74 54 90 39 105 0 83 139 170 60 155 79 199 88 25 89 
183 153 24 160 188 73 0 188 191 168 124 127 71 128 190 121 
175 152 126 80 49 65 190 0 175 109 84 113 26 123 57 43 
184 32 39 117 32 156 77 61 0 88 158 103 142 39 200 41 
63 88 179 37 190 190 165 87 106 0 105 74 53 102 36 56 
23 81 65 128 37 98 68 103 76 117 0 139 106 41 117 74 
77 98 67 185 33 183 129 36 94 135 112 0 67 54 99 100 
63 97 32 183 165 64 190 100 144 143 138 140 0 49 154 124 
99 66 78 171 109 66 131 127 71 113 57 44 125 0 56 174 
102 200 163 21 146 57 134 106 139 154 196 22 174 196 0 56 
147 57 106 114 181 154 189 139 129 41 159 192 196 104 117 0 

d''[i][k]=
0 0 0 0 0 0 0 0 0 2 7 0 
0 0 0 0 0 0 0 0 0 7 0 0 
0 0 0 0 0 0 0 0 0 5 0 0 
0 0 0 0 0 0 0 0 0 5 0 0 
0 0 0 0 0 0 0 0 0 6 0 0 
0 0 0 0 0 0 0 0 7 1 0 0 
0 0 0 0 0 0 0 0 6 0 0 0 
0 0 0 0 0 0 0 0 7 0 0 0 
0 0 0 0 0 0 0 0 9 0 0 0 
0 0 0 0 0 0 0 5 1 0 0 0 
0 0 0 0 0 0 9 0 0 0 0 0 
0 0 0 0 0 0 6 0 0 0 0 0 
0 0 0 0 0 1 7 0 0 0 0 0 
0 0 0 0 0 7 0 0 0 0 0 0 
0 0 0 0 0 9 0 0 0 0 0 0 
0 0 0 0 7 2 0 0 0 0 0 0 
0 0 0 0 6 0 0 0 0 0 0 0 
0 0 0 0 6 0 0 0 0 0 0 0 
0 0 0 6 0 0 0 0 0 0 0 0 
0 0 2 6 0 0 0 0 0 0 0 0 
0 5 6 0 0 0 0 0 0 0 0 0 
0 9 0 0 0 0 0 0 0 0 0 0 
0 6 0 0 0 0 0 0 0 0 0 0 
0 7 0 0 0 0 0 0 0 0 0 0 
5 2 0 0 0 0 0 0 0 0 0 0 
6 0 0 0 0 0 0 0 0 0 0 0 
8 0 0 0 0 0 0 0 0 0 0 0 
9 0 0 0 0 0 0 0 0 0 0 0 
0 0 0 6 0 0 0 0 0 0 0 0 
0 0 0 7 0 0 0 0 0 0 0 0 
0 0 7 0 0 0 0 0 0 0 0 0 
0 0 0 0 0 0 0 5 0 0 0 0 
0 0 0 0 0 0 7 0 0 0 0 0 
0 0 0 0 0 0 0 6 0 0 0 0 
0 0 0 0 0 0 0 0 0 0 7 0 
0 0 0 0 0 0 0 0 0 0 4 3 
0 0 0 0 0 0 0 0 0 0 0 5 
0 0 0 0 0 0 0 0 0 0 5 0 

r''[i][k]=
0 0 0 0 0 0 0 0 0 0.08 0.07 0 
0 0 0 0 0 0 0 0 0 2.1 0 0 
0 0 0 0 0 0 0 0 0 1.35 0 0 
0 0 0 0 0 0 0 0 0 2.25 0 0 
0 0 0 0 0 0 0 0 0 0.36 0 0 
0 0 0 0 0 0 0 0 4.55 0.15 0 0 
0 0 0 0 0 0 0 0 2.1 0 0 0 
0 0 0 0 0 0 0 0 2.94 0 0 0 
0 0 0 0 0 0 0 0 0 0 0 0 
0 0 0 0 0 0 0 3.15 0.12 0 0 0 
0 0 0 0 0 0 0.99 0 0 0 0 0 
0 0 0 0 0 0 0.24 0 0 0 0 0 
0 0 0 0 0 0.07 4.55 0 0 0 0 0 
0 0 0 0 0 2.03 0 0 0 0 0 0 
0 0 0 0 0 1.53 0 0 0 0 0 0 
0 0 0 0 3.78 1.66 0 0 0 0 0 0 
0 0 0 0 2.22 0 0 0 0 0 0 0 
0 0 0 0 2.88 0 0 0 0 0 0 0 
0 0 0 0.66 0 0 0 0 0 0 0 0 
0 0 0.22 0.66 0 0 0 0 0 0 0 0 
0 2.4 1.98 0 0 0 0 0 0 0 0 0 
0 2.25 0 0 0 0 0 0 0 0 0 0 
0 4.26 0 0 0 0 0 0 0 0 0 0 
0 0.14 0 0 0 0 0 0 0 0 0 0 
1.65 0.04 0 0 0 0 0 0 0 0 0 0 
1.26 0 0 0 0 0 0 0 0 0 0 0 
1.36 0 0 0 0 0 0 0 0 0 0 0 
1.53 0 0 0 0 0 0 0 0 0 0 0 
0 0 0 0.78 0 0 0 0 0 0 0 0 
0 0 0 0.56 0 0 0 0 0 0 0 0 
0 0 2.03 0 0 0 0 0 0 0 0 0 
0 0 0 0 0 0 0 2.4 0 0 0 0 
0 0 0 0 0 0 0.28 0 0 0 0 0 
0 0 0 0 0 0 0 1.68 0 0 0 0 
0 0 0 0 0 0 0 0 0 0 3.71 0 
0 0 0 0 0 0 0 0 0 0 1.04 0.45 
0 0 0 0 0 0 0 0 0 0 0 0.4 
0 0 0 0 0 0 0 0 0 0 2.4 0 

p[k]=
0.03 0.03 0.05 0.03 0.04 0.02 0.05 0.02 0.03 0.03 0.02 0.01 

d'''[i][k]=
0 0 0 0 0 0 0 0 0 0 22 8 
0 0 0 0 0 0 0 0 0 4 1 0 
0 0 0 0 0 0 0 0 0 5 0 0 
0 0 0 0 0 0 0 0 0 5 0 0 
0 0 0 0 0 0 0 0 0 5 0 0 
0 0 0 0 0 0 0 0 0 5 0 0 
0 0 0 0 0 0 0 0 3 2 0 0 
0 0 0 0 0 0 0 0 5 0 0 0 
0 0 0 0 0 0 0 0 22 0 0 0 
0 0 0 0 0 0 14 16 0 0 0 0 
0 0 0 0 0 15 15 0 0 0 0 0 
0 0 0 7 19 4 0 0 0 0 0 0 
0 0 12 18 0 0 0 0 0 0 0 0 
0 27 3 0 0 0 0 0 0 0 0 0 
28 2 0 0 0 0 0 0 0 0 0 0 

r'''[i][k]=
0 0 0 0 0 0 0 0 0 0 18.48 1.76 
0 0 0 0 0 0 0 0 0 0.36 0.2 0 
0 0 0 0 0 0 0 0 0 1.75 0 0 
0 0 0 0 0 0 0 0 0 1.45 0 0 
0 0 0 0 0 0 0 0 0 0.9 0 0 
0 0 0 0 0 0 0 0 0 1.8 0 0 
0 0 0 0 0 0 0 0 0.27 1.1 0 0 
0 0 0 0 0 0 0 0 2.5 0 0 0 
0 0 0 0 0 0 0 0 9.46 0 0 0 
0 0 0 0 0 0 1.26 1.28 0 0 0 0 
0 0 0 0 0 2.4 7.8 0 0 0 0 0 
0 0 0 1.47 0 0.96 0 0 0 0 0 0 
0 0 4.68 7.2 0 0 0 0 0 0 0 0 
0 4.32 1.71 0 0 0 0 0 0 0 0 0 
6.16 0.8 0 0 0 0 0 0 0 0 0 0 
