|S|=12
|R|=38
|O|=15
|V|=30
q=150
c=1
Tmax=960
H=1000

e'[i][j]=
0 238 183 86 530 235 418 442 477 539 368 277 164 
232 0 69 516 284 542 381 408 425 80 453 388 277 
168 303 0 370 109 509 461 488 391 312 96 107 489 
345 436 248 0 508 526 517 108 479 282 283 123 158 
456 338 130 190 0 539 88 131 318 81 370 127 330 
477 233 88 244 82 0 290 534 534 78 161 303 323 
285 182 124 530 267 378 0 398 97 347 333 322 120 
330 298 458 112 512 530 507 0 229 225 454 143 193 
537 84 408 262 268 338 366 550 0 413 418 110 239 
375 135 455 216 341 422 342 228 108 0 163 472 205 
178 323 107 132 266 371 348 301 457 131 0 462 215 
511 468 306 247 277 243 56 525 242 165 519 0 471 
248 242 513 333 494 333 453 63 216 161 345 463 0 

e''[i][j]=
0 169 223 201 151 89 285 265 496 123 219 72 256 364 526 121 469 158 284 392 215 264 328 125 90 401 88 527 483 60 455 77 374 139 276 179 381 202 547 
107 0 439 94 66 261 173 239 157 358 274 275 283 371 56 411 342 478 346 175 347 232 534 263 305 386 214 517 425 342 154 357 361 376 184 545 294 192 274 
153 323 0 273 123 267 136 119 182 194 373 247 246 372 382 536 119 475 289 292 406 186 420 384 475 546 142 364 155 114 501 139 328 475 388 417 304 513 216 
287 457 522 0 361 264 529 184 83 91 114 288 158 372 327 389 456 212 437 122 532 428 324 197 97 60 244 52 415 166 150 72 466 227 74 234 483 444 520 
121 272 418 326 0 343 532 212 130 304 285 69 332 74 272 377 440 365 283 491 433 215 472 77 412 489 321 92 118 456 75 110 187 290 247 416 470 181 350 
333 380 335 481 62 0 265 325 52 380 88 369 466 462 199 131 321 421 314 273 488 272 172 309 301 455 83 147 152 507 207 363 104 235 342 508 138 208 401 
146 286 363 428 234 413 0 403 145 551 398 126 248 99 552 358 549 166 62 172 389 467 153 421 349 418 491 180 175 450 394 489 301 200 315 360 216 138 247 
111 179 492 395 277 487 140 0 142 174 520 321 135 161 405 55 201 552 528 446 99 278 296 63 164 447 259 140 245 388 392 356 433 66 506 67 292 267 60 
306 502 457 517 377 421 362 199 0 459 514 151 297 516 334 242 331 224 545 254 446 365 150 157 327 474 413 485 346 298 142 117 356 239 327 62 434 188 197 
392 426 514 103 251 60 525 448 350 0 137 94 532 208 498 332 134 520 545 509 204 119 204 413 442 49 152 277 142 95 282 129 382 217 315 332 75 277 358 
523 279 281 369 345 232 521 494 356 163 0 304 101 231 538 69 66 113 496 323 370 494 125 103 92 134 322 364 257 315 125 281 516 206 445 200 351 269 258 
484 245 53 482 242 142 241 406 210 195 420 0 322 379 363 427 56 469 274 71 421 98 519 349 491 318 87 180 347 298 545 373 528 436 269 383 532 384 548 
350 367 305 525 480 114 227 555 315 154 262 529 0 319 495 457 147 202 465 253 64 60 348 310 359 364 179 64 394 179 206 78 380 377 437 271 549 75 243 
514 460 387 165 108 56 356 163 104 548 170 391 86 0 446 132 183 88 262 550 507 353 97 469 537 349 146 511 189 64 119 79 275 556 173 391 357 505 329 
57 133 304 433 397 448 371 206 54 67 257 184 439 552 0 65 397 71 193 446 116 492 217 175 198 72 509 261 489 50 335 356 273 260 326 288 217 58 253 
462 351 287 393 278 161 163 116 301 55 285 216 443 300 279 0 101 246 525 69 277 151 324 324 213 120 245 457 405 379 380 448 400 137 327 257 422 507 285 
384 105 466 312 152 62 402 352 311 532 169 559 426 384 359 333 0 427 554 336 385 356 514 69 450 207 260 455 110 298 479 256 319 113 337 378 361 417 536 
364 328 207 510 152 95 155 298 162 412 72 207 409 435 555 360 51 0 389 425 404 300 239 192 370 180 556 216 190 491 242 504 164 192 123 292 288 164 428 
357 307 143 175 63 448 475 235 342 143 275 503 186 549 426 147 542 367 0 316 456 117 505 370 274 376 507 413 342 252 381 536 509 476 301 540 250 425 133 
378 529 204 484 310 181 356 472 147 273 72 533 179 333 555 77 478 542 464 0 85 431 501 515 529 511 405 465 527 96 270 200 325 77 526 287 77 379 170 
243 258 124 329 410 282 165 379 357 257 279 57 409 91 202 220 94 544 138 341 0 49 428 159 435 553 95 373 263 179 279 425 473 106 408 533 351 158 516 
223 65 338 164 416 416 344 195 308 461 359 95 227 74 525 204 416 157 313 50 294 0 356 524 271 305 150 408 431 344 346 248 55 67 416 454 226 534 78 
517 64 512 126 457 163 114 218 336 128 486 257 204 394 303 68 453 102 291 531 78 113 0 538 98 452 179 495 375 262 129 54 335 474 391 84 560 417 116 
264 377 482 243 347 120 292 397 521 143 67 483 114 486 557 542 69 283 396 249 169 526 450 0 326 253 392 165 60 79 322 546 503 483 336 539 334 511 189 
368 531 74 88 217 485 120 213 130 64 266 333 508 511 501 312 163 507 57 184 515 353 127 409 0 196 99 81 495 74 252 59 100 134 553 137 339 219 78 
454 147 94 232 434 270 175 307 148 370 427 97 326 540 436 442 148 495 326 216 303 342 306 184 418 0 272 64 515 388 147 546 317 297 448 344 81 341 554 
242 512 199 399 194 151 353 104 419 49 88 327 155 461 293 524 204 228 193 181 174 554 444 315 69 523 0 84 174 157 184 135 250 80 270 220 434 134 317 
470 308 309 385 329 318 391 234 531 262 507 210 198 265 319 318 247 326 501 266 443 96 77 167 243 408 513 0 59 383 336 336 400 365 524 68 541 315 560 
216 516 427 206 178 168 323 166 442 117 317 200 361 465 154 312 200 542 518 77 408 529 228 221 251 424 457 464 0 333 509 197 299 228 515 168 530 527 418 
183 134 262 323 543 220 523 201 328 458 423 510 346 281 523 367 298 525 400 333 483 133 196 57 68 296 427 352 542 0 479 457 114 540 49 418 390 361 380 
97 386 293 347 499 498 96 337 282 108 392 313 458 514 197 332 238 355 313 267 375 254 493 244 525 256 481 293 113 164 0 368 397 157 510 323 368 136 247 
326 158 86 289 269 522 422 115 184 463 84 336 418 161 537 168 124 142 502 401 96 127 479 81 321 297 476 77 557 495 315 0 111 384 87 511 496 515 383 
353 488 226 523 419 531 68 190 341 415 490 467 453 279 168 54 69 54 285 506 168 110 174 256 250 50 111 211 422 520 197 536 0 102 341 112 379 472 367 
332 349 91 375 175 547 488 542 133 263 228 192 162 198 376 60 76 282 538 553 50 519 281 408 512 62 238 50 536 509 240 192 179 0 419 60 397 517 100 
456 286 234 120 182 480 144 488 200 327 533 353 525 439 62 57 225 430 171 514 343 377 125 139 334 284 306 228 408 419 94 318 213 309 0 56 302 219 171 
73 393 274 161 510 440 141 370 437 388 478 394 132 215 321 186 235 228 531 151 436 548 169 331 322 413 228 544 196 259 532 239 172 334 447 0 496 431 129 
102 99 81 352 197 468 489 302 132 198 421 154 102 96 437 337 354 346 276 49 74 327 252 114 289 548 234 60 382 53 187 438 286 356 359 299 0 79 463 
381 100 108 377 205 62 327 87 124 443 385 349 421 196 396 126 326 319 236 86 288 244 553 485 535 89 353 335 50 392 394 399 194 261 344 522 154 0 240 
363 435 159 512 393 515 62 482 418 518 491 118 119 414 231 199 511 331 82 229 160 158 520 501 63 451 262 477 328 384 272 92 336 340 334 192 541 217 0 

e'''[i][j]=
0 333 185 357 85 390 246 125 556 376 410 413 440 496 227 141 
163 0 202 162 376 235 77 395 307 541 323 354 249 320 338 500 
294 370 0 456 92 68 527 431 432 434 542 557 96 127 539 129 
71 100 69 0 533 341 340 313 228 114 131 331 141 104 403 316 
514 405 439 544 0 469 327 511 387 131 242 310 127 512 142 116 
55 335 282 119 553 0 302 342 355 436 410 65 333 475 292 321 
61 374 393 255 260 313 0 470 472 393 379 351 494 134 374 84 
145 48 334 369 69 72 531 0 49 214 342 303 306 511 110 373 
392 404 269 558 473 530 61 373 0 431 62 393 145 169 423 106 
268 237 80 112 364 62 63 267 0 0 502 454 465 90 448 305 
286 188 145 478 508 321 504 285 298 261 0 444 124 298 95 299 
558 242 401 184 491 177 241 438 491 371 548 0 321 424 365 324 
428 112 308 267 545 338 393 73 94 144 377 93 0 269 81 362 
528 159 203 370 177 390 285 83 505 470 309 158 178 0 107 246 
457 209 473 391 401 517 485 548 446 83 355 426 396 266 0 320 
440 443 502 150 518 482 445 255 323 271 166 202 117 95 500 0 

t'[i][j]=
0 107 195 29 184 117 160 138 30 142 82 138 165 
63 0 33 139 49 193 64 69 53 100 47 128 37 
121 145 0 165 186 106 138 145 74 47 83 184 152 
105 196 169 0 124 71 52 111 46 95 164 160 43 
126 192 35 89 0 20 78 154 103 58 116 148 124 
167 76 143 149 177 0 70 61 94 139 177 64 74 
76 190 171 102 168 94 0 100 45 162 68 164 180 
150 124 57 44 48 59 76 0 190 181 157 86 144 
193 94 113 179 191 153 24 138 0 84 176 196 141 
120 136 144 173 83 50 39 189 197 0 180 152 154 
133 156 98 119 182 98 186 84 195 131 0 108 159 
57 164 95 93 153 87 76 148 34 162 118 0 146 
53 41 151 55 144 164 111 189 29 78 72 185 0 

t''[i][j]=
0 92 189 48 98 61 141 81 49 180 116 93 83 194 177 70 137 146 63 177 113 66 33 110 79 87 173 143 181 198 128 112 103 38 98 124 133 27 86 
80 0 84 97 79 68 183 97 80 26 46 92 42 183 140 84 178 21 139 36 34 45 89 129 29 47 95 153 193 28 103 141 53 159 75 171 48 165 171 
98 196 0 60 29 115 111 74 90 166 79 157 73 166 35 20 101 117 138 33 110 71 111 136 127 102 145 129 119 25 39 123 101 47 139 23 46 74 30 
198 27 103 0 38 35 106 25 93 191 123 156 66 35 193 126 164 31 64 73 157 104 88 179 93 169 192 76 60 127 167 59 167 44 125 25 189 28 163 
111 55 114 62 0 196 161 36 89 133 86 155 83 59 159 156 181 196 119 36 170 155 169 138 187 74 122 157 116 181 65 98 90 158 139 183 31 66 129 
192 94 89 106 33 0 76 187 141 82 198 61 66 121 174 182 127 31 109 65 145 67 37 175 198 167 27 165 119 192 159 61 153 168 33 182 169 79 81 
196 165 41 82 37 45 0 119 158 69 30 126 115 117 171 118 116 20 175 67 169 144 101 82 104 126 32 90 39 25 147 29 88 162 31 182 180 61 86 
115 195 123 192 188 25 31 0 177 176 162 70 176 67 151 90 151 105 102 148 168 92 200 168 105 143 86 151 128 127 192 177 178 98 75 126 78 48 67 
48 95 56 108 66 139 76 140 0 61 36 73 146 188 114 137 196 112 132 70 171 46 70 191 45 73 147 65 55 193 150 81 49 159 127 172 86 80 191 
108 141 120 42 193 136 80 40 70 0 189 22 193 147 129 72 69 182 52 39 25 36 172 81 21 136 61 200 27 30 173 85 65 50 139 74 85 139 57 
25 159 185 51 84 167 101 40 134 144 0 200 158 196 73 81 144 45 122 147 126 134 179 118 198 153 143 195 153 66 32 98 145 148 60 157 186 199 151 
196 160 37 149 38 53 110 46 26 21 167 0 196 197 34 69 183 152 61 111 104 44 116 86 53 81 145 40 27 74 67 115 110 60 110 76 179 93 197 
169 22 184 158 48 63 71 74 33 23 165 49 0 27 52 81 27 114 80 128 64 126 96 151 117 98 83 49 194 143 154 132 137 120 182 20 48 36 76 
139 75 114 83 88 64 79 143 71 195 27 62 130 0 118 199 161 135 61 135 26 92 182 136 77 125 76 172 177 70 178 70 136 71 66 97 25 148 199 
168 59 95 148 154 175 100 90 152 64 95 29 158 101 0 82 117 147 75 72 192 167 165 83 187 191 107 118 183 185 184 196 88 79 94 155 189 129 103 
24 86 21 137 112 178 181 24 39 78 180 125 187 140 85 0 161 186 134 89 133 153 54 182 85 96 146 28 60 27 149 97 145 37 136 43 24 163 139 
22 182 150 133 69 78 97 179 115 119 177 170 89 77 170 147 0 106 94 76 23 191 108 181 148 100 104 134 45 172 90 85 43 39 144 110 130 135 37 
186 176 191 170 50 114 161 36 189 123 118 190 26 63 75 96 184 0 36 70 61 106 155 99 144 87 117 186 36 120 83 144 193 79 53 53 70 54 71 
120 56 40 102 149 160 121 32 163 31 194 30 35 179 62 48 69 32 0 133 20 40 132 116 89 187 46 53 56 63 196 121 133 54 126 105 48 123 52 
82 131 72 51 39 166 104 113 96 112 35 65 127 179 198 101 69 154 167 0 104 130 55 58 140 184 109 161 33 82 87 171 107 164 139 151 23 149 194 
74 68 112 200 173 200 25 60 52 196 62 147 70 61 60 53 102 81 158 54 0 69 87 40 74 82 92 126 189 78 98 162 158 197 144 50 149 163 114 
119 69 153 75 145 62 113 61 173 64 53 60 149 22 52 199 135 157 70 167 34 0 64 26 188 111 167 192 55 137 143 42 77 158 178 186 113 189 24 
160 192 119 23 149 38 143 156 192 83 170 27 163 63 25 63 116 96 38 51 32 111 0 64 192 93 40 110 180 172 195 115 149 22 51 91 150 168 51 
169 196 48 159 159 33 62 171 33 118 117 128 21 101 93 180 39 156 95 82 59 62 141 0 35 82 89 127 79 68 200 151 166 91 162 24 109 145 121 
174 47 167 138 30 39 152 162 145 139 173 114 45 96 76 105 113 109 102 106 62 129 93 120 0 163 142 176 127 178 135 21 76 93 106 23 171 24 45 
190 37 184 142 115 46 104 142 86 111 51 89 84 121 115 161 148 114 181 83 43 63 168 115 85 0 82 60 171 61 48 147 131 167 181 87 86 66 91 
180 145 196 103 150 181 45 69 85 139 99 73 141 151 124 166 164 195 109 92 84 118 114 147 140 184 0 160 104 32 66 92 58 36 51 198 176 188 162 
45 196 199 31 34 58 136 112 20 66 44 187 82 200 52 86 31 24 113 43 47 151 93 193 186 109 169 0 175 148 94 52 142 21 97 54 108 184 92 
139 153 189 52 136 52 81 194 26 94 179 47 66 46 68 132 76 70 187 157 115 64 166 95 160 137 72 180 0 35 196 44 27 32 181 29 94 35 156 
164 66 158 180 164 94 193 109 60 185 175 136 104 185 186 41 196 104 118 136 160 110 130 72 90 24 120 83 30 0 85 136 176 159 187 46 128 100 110 
118 140 183 33 120 122 64 66 58 24 67 56 71 147 192 138 87 94 55 58 176 20 146 104 47 39 37 195 82 176 0 199 72 55 75 76 132 188 115 
64 153 147 87 20 60 97 22 121 171 111 113 185 78 67 168 72 155 186 143 57 174 196 106 50 71 198 194 115 190 55 0 134 69 61 164 91 153 105 
75 67 43 69 56 150 178 95 126 53 128 120 42 48 107 96 131 102 144 142 36 46 115 129 124 145 51 115 123 130 73 134 0 139 83 32 134 112 120 
22 124 49 26 95 34 192 188 125 143 174 112 153 112 181 62 75 128 40 174 155 166 104 27 46 169 106 83 101 48 63 137 91 0 78 111 53 157 85 
168 49 92 116 77 65 171 58 35 198 92 22 21 156 182 177 111 131 104 66 80 57 96 192 23 135 184 111 124 128 133 182 46 39 0 179 25 193 35 
182 47 85 74 42 28 173 145 29 160 174 116 77 57 34 25 89 72 98 121 99 82 190 189 105 29 136 172 177 53 126 200 161 179 31 0 76 167 148 
77 113 164 114 147 45 176 121 160 87 100 163 47 51 21 190 147 83 145 26 56 50 38 114 35 139 190 100 151 102 115 186 138 68 120 63 0 136 160 
81 144 167 97 190 116 111 159 79 151 188 132 137 72 52 125 146 149 27 183 187 133 106 154 124 88 72 149 69 184 61 42 172 135 127 54 100 0 21 
77 172 57 133 140 172 190 126 123 26 57 195 59 146 173 33 193 87 69 32 139 184 148 141 41 98 192 66 33 90 93 20 149 46 167 37 119 103 0 

t'''[i][j]=
0 85 100 126 107 91 98 141 100 56 138 71 93 176 165 49 
144 0 86 66 160 48 104 142 28 159 113 177 77 88 59 64 
185 23 0 89 57 97 75 25 156 89 190 85 105 46 138 166 
64 144 69 0 96 189 183 92 75 152 62 65 143 161 122 114 
80 131 164 56 0 136 66 84 113 91 38 197 50 175 29 94 
57 32 81 159 146 0 190 192 111 200 154 57 182 182 76 33 
78 142 158 151 100 160 0 175 177 47 185 91 175 46 34 73 
118 173 47 106 82 183 33 0 150 43 168 170 86 160 116 62 
98 166 170 82 117 157 58 91 0 110 143 165 75 96 33 93 
45 149 138 184 164 66 83 69 172 0 30 116 96 196 188 174 
120 62 92 40 105 157 42 81 71 47 0 137 80 142 69 140 
27 104 78 97 103 148 145 196 96 124 60 0 106 127 32 24 
196 111 21 199 85 23 163 44 198 90 82 118 0 96 47 108 
131 150 74 128 22 78 137 30 178 177 102 141 40 0 121 122 
182 149 192 104 33 37 96 96 129 64 78 148 24 166 0 158 
160 138 32 118 151 145 128 22 112 111 59 28 131 32 94 0 

d''[i][k]=
0 0 0 0 0 0 0 0 0 5 0 0 
0 0 0 0 0 0 0 0 0 6 0 0 
0 0 0 0 0 0 0 0 4 2 0 0 
0 0 0 0 0 0 0 0 7 0 0 0 
0 0 0 0 0 0 0 0 6 0 0 0 
0 0 0 0 0 0 0 0 6 0 0 0 
0 0 0 0 0 0 0 0 6 0 0 0 
0 0 0 0 0 0 3 2 1 0 0 0 
0 0 0 0 0 0 6 0 0 0 0 0 
0 0 0 0 0 0 9 0 0 0 0 0 
0 0 0 0 0 0 7 0 0 0 0 0 
0 0 0 0 0 2 5 0 0 0 0 0 
0 0 0 0 0 6 0 0 0 0 0 0 
0 0 0 0 0 5 0 0 0 0 0 0 
0 0 0 0 2 4 0 0 0 0 0 0 
0 0 0 0 7 0 0 0 0 0 0 0 
0 0 0 0 5 0 0 0 0 0 0 0 
0 0 0 0 5 0 0 0 0 0 0 0 
0 0 0 2 6 0 0 0 0 0 0 0 
0 0 0 6 0 0 0 0 0 0 0 0 
0 0 0 6 0 0 0 0 0 0 0 0 
0 0 4 3 0 0 0 0 0 0 0 0 
0 1 5 0 0 0 0 0 0 0 0 0 
0 6 0 0 0 0 0 0 0 0 0 0 
0 8 0 0 0 0 0 0 0 0 0 0 
0 7 0 0 0 0 0 0 0 0 0 0 
3 3 0 0 0 0 0 0 0 0 0 0 
5 0 0 0 0 0 0 0 0 0 0 0 
0 0 0 6 0 0 0 0 0 0 0 0 
0 0 9 0 0 0 0 0 0 0 0 0 
0 0 0 6 0 0 0 0 0 0 0 0 
0 0 0 0 0 0 0 6 0 0 0 0 
0 0 0 0 0 0 0 9 0 0 0 0 
0 0 0 0 0 0 0 7 0 0 0 0 
0 0 0 0 0 0 0 0 0 0 0 5 
0 0 0 0 0 0 0 0 0 3 4 0 
0 0 0 0 0 0 0 0 0 0 7 0 
0 0 0 0 0 0 0 0 0 6 0 0 

r''[i][k]=
0 0 0 0 0 0 0 0 0 1.4 0 0 
0 0 0 0 0 0 0 0 0 3.42 0 0 
0 0 0 0 0 0 0 0 0 1.14 0 0 
0 0 0 0 0 0 0 0 3.78 0 0 0 
0 0 0 0 0 0 0 0 0.66 0 0 0 
0 0 0 0 0 0 0 0 0.3 0 0 0 
0 0 0 0 0 0 0 0 0.06 0 0 0 
0 0 0 0 0 0 0.36 0.14 0.13 0 0 0 
0 0 0 0 0 0 1.8 0 0 0 0 0 
0 0 0 0 0 0 0.81 0 0 0 0 0 
0 0 0 0 0 0 1.89 0 0 0 0 0 
0 0 0 0 0 1.16 1.85 0 0 0 0 0 
0 0 0 0 0 1.2 0 0 0 0 0 0 
0 0 0 0 0 0.65 0 0 0 0 0 0 
0 0 0 0 0.24 0.24 0 0 0 0 0 0 
0 0 0 0 2.66 0 0 0 0 0 0 0 
0 0 0 0 0.5 0 0 0 0 0 0 0 
0 0 0 0 0 0 0 0 0 0 0 0 
0 0 0 0.2 4.02 0 0 0 0 0 0 0 
0 0 0 1.2 0 0 0 0 0 0 0 0 
0 0 0 1.32 0 0 0 0 0 0 0 0 
0 0 0 0.69 0 0 0 0 0 0 0 0 
0 0.97 1.55 0 0 0 0 0 0 0 0 0 
0 3.66 0 0 0 0 0 0 0 0 0 0 
0 5.92 0 0 0 0 0 0 0 0 0 0 
0 1.12 0 0 0 0 0 0 0 0 0 0 
0.45 1.47 0 0 0 0 0 0 0 0 0 0 
0.75 0 0 0 0 0 0 0 0 0 0 0 
0 0 0 3.36 0 0 0 0 0 0 0 0 
0 0 1.08 0 0 0 0 0 0 0 0 0 
0 0 0 0.24 0 0 0 0 0 0 0 0 
0 0 0 0 0 0 0 4.44 0 0 0 0 
0 0 0 0 0 0 0 0.18 0 0 0 0 
0 0 0 0 0 0 0 3.5 0 0 0 0 
0 0 0 0 0 0 0 0 0 0 0 0.1 
0 0 0 0 0 0 0 0 0 0.48 0.48 0 
0 0 0 0 0 0 0 0 0 0 5.32 0 
0 0 0 0 0 0 0 0 0 1.32 0 0 

p[k]=
0.03 0 0.01 0.04 0.01 0.03 0.02 0 0.03 0.01 0.04 0.02 

d'''[i][k]=
0 0 0 0 0 0 0 0 0 14 11 5 
0 0 0 0 0 0 0 0 22 8 0 0 
0 0 0 0 0 0 0 22 8 0 0 0 
0 0 0 0 0 0 3 2 0 0 0 0 
0 0 0 0 0 0 5 0 0 0 0 0 
0 0 0 0 0 0 5 0 0 0 0 0 
0 0 0 0 0 0 5 0 0 0 0 0 
0 0 0 0 0 0 5 0 0 0 0 0 
0 0 0 0 0 0 5 0 0 0 0 0 
0 0 0 0 0 3 2 0 0 0 0 0 
0 0 0 0 0 5 0 0 0 0 0 0 
0 0 0 0 15 9 0 0 0 0 0 0 
0 0 0 20 10 0 0 0 0 0 0 0 
0 3 18 9 0 0 0 0 0 0 0 0 
8 22 0 0 0 0 0 0 0 0 0 0 

r'''[i][k]=
0 0 0 0 0 0 0 0 0 3.64 2.97 0.35 
0 0 0 0 0 0 0 0 4.4 0.8 0 0 
0 0 0 0 0 0 0 5.94 3.84 0 0 0 
0 0 0 0 0 0 0.87 0.46 0 0 0 0 
0 0 0 0 0 0 3.75 0 0 0 0 0 
0 0 0 0 0 0 2.45 0 0 0 0 0 
0 0 0 0 0 0 0.2 0 0 0 0 0 
0 0 0 0 0 0 0.05 0 0 0 0 0 
0 0 0 0 0 0 1.95 0 0 0 0 0 
0 0 0 0 0 0.24 0.18 0 0 0 0 0 
0 0 0 0 0 3.25 0 0 0 0 0 0 
0 0 0 0 1.95 2.7 0 0 0 0 0 0 
0 0 0 2.4 2.2 0 0 0 0 0 0 0 
0 0.84 0.18 5.85 0 0 0 0 0 0 0 0 
0.72 0.22 0 0 0 0 0 0 0 0 0 0 
