|S|=4
|R|=6
|O|=5
|V|=10
q=70
c=1
Tmax=960
H=1000

e'[i][j]=
0 400 109 234 499 
383 0 460 139 330 
359 503 0 539 402 
438 509 193 0 179 
180 547 485 326 0 

e''[i][j]=
0 133 203 285 259 461 373 
560 0 266 451 103 425 366 
162 328 0 323 182 224 217 
417 360 173 0 129 55 518 
142 205 303 421 0 255 532 
377 86 412 279 437 0 342 
104 225 124 59 100 300 0 

e'''[i][j]=
0 358 378 271 474 480 
219 0 325 432 164 452 
451 382 0 237 82 68 
394 537 489 0 526 272 
411 62 241 124 0 531 
291 530 144 501 190 0 

t'[i][j]=
0 29 104 124 53 
48 0 28 179 26 
127 120 0 123 59 
167 33 189 0 127 
60 84 75 42 0 

t''[i][j]=
0 161 118 99 199 165 20 
138 0 68 78 66 88 31 
119 31 0 95 192 114 44 
159 149 28 0 44 67 184 
194 49 57 83 0 194 41 
158 51 164 132 29 0 34 
104 26 35 162 48 187 0 

t'''[i][j]=
0 77 114 90 69 191 
121 0 183 26 64 38 
107 96 0 51 186 25 
176 150 195 0 55 138 
50 76 77 26 0 50 
60 123 137 183 106 0 

d''[i][k]=
1 6 3 4 
13 0 0 0 
14 0 0 0 
15 0 0 0 
0 0 16 0 
0 0 0 14 

r''[i][k]=
0.02 1.62 0.03 1.08 
2.73 0 0 0 
2.52 0 0 0 
6 0 0 0 
0 0 1.44 0 
0 0 0 0.42 

p[k]=
0.02 0.04 0.01 0.01 

d'''[i][k]=
0 0 3 18 
0 0 10 0 
1 6 6 0 
21 0 0 0 
21 0 0 0 

r'''[i][k]=
0 0 0.12 0 
0 0 3.9 0 
0.38 0.66 0.3 0 
7.14 0 0 0 
17.64 0 0 0 
