|S|=4
|R|=6
|O|=5
|V|=10
q=70
c=1
Tmax=960
H=1000

e'[i][j]=
0 221 240 548 59 
51 0 112 67 429 
102 429 0 252 346 
455 215 507 0 549 
67 150 233 375 0 

e''[i][j]=
0 146 151 248 92 415 319 
175 0 312 480 325 533 462 
530 291 0 146 442 234 357 
449 329 476 0 297 503 243 
156 257 75 445 0 90 191 
382 176 53 184 383 0 59 
97 116 84 169 464 280 0 

e'''[i][j]=
0 398 402 400 191 365 
90 0 112 490 357 178 
81 451 0 207 117 418 
248 136 524 0 69 186 
556 98 498 355 0 134 
206 430 429 173 143 0 

t'[i][j]=
0 63 124 135 71 
162 0 91 157 105 
126 97 0 43 63 
156 182 194 0 107 
148 54 123 163 0 

t''[i][j]=
0 195 62 66 73 68 163 
36 0 181 195 56 35 137 
60 159 0 179 188 108 32 
163 101 196 0 131 83 161 
121 170 142 34 0 178 40 
74 165 178 140 59 0 25 
144 172 176 120 142 88 0 

t'''[i][j]=
0 86 138 200 117 133 
199 0 32 169 28 39 
135 172 0 177 110 114 
186 63 147 0 91 101 
108 86 88 81 0 143 
175 199 33 34 108 0 

d''[i][k]=
0 10 8 0 
9 10 0 0 
17 0 0 0 
21 0 0 0 
0 0 21 0 
0 0 6 7 

r''[i][k]=
0 0 0.56 0 
2.52 7.4 0 0 
5.27 0 0 0 
14.91 0 0 0 
0 0 3.78 0 
0 0 0.96 6.23 

p[k]=
0.05 0.03 0.04 0.04 

d'''[i][k]=
0 0 17 7 
0 6 18 0 
0 13 0 0 
23 1 0 0 
24 0 0 0 

r'''[i][k]=
0 0 4.76 6.09 
0 0.06 14.04 0 
0 2.86 0 0 
4.37 0.47 0 0 
13.2 0 0 0 
