|S|=12
|R|=38
|O|=15
|V|=30
q=150
c=1
Tmax=960
H=1000

e'[i][j]=
0 243 392 524 458 104 244 387 503 150 502 321 288 
333 0 255 370 522 508 504 548 522 426 518 375 69 
171 523 0 128 121 199 329 459 226 423 399 133 447 
485 492 202 0 359 397 146 85 143 481 441 437 220 
468 104 433 556 0 250 552 355 554 403 443 208 94 
383 496 242 338 331 0 315 105 139 513 115 287 69 
96 461 238 152 530 527 0 411 471 196 207 382 524 
452 170 539 399 548 316 281 0 264 387 202 171 364 
167 68 438 116 136 67 63 357 0 53 384 240 506 
276 58 251 306 426 235 349 398 385 0 437 538 557 
92 298 402 170 162 159 504 454 473 362 0 283 529 
371 182 393 432 103 385 382 288 532 78 162 0 350 
105 527 205 193 111 65 222 111 95 519 543 55 0 

e''[i][j]=
0 123 177 185 427 484 71 557 133 397 223 553 107 109 75 259 183 540 123 254 364 526 177 130 506 438 302 556 89 82 203 62 544 192 215 160 336 371 386 
76 0 152 196 58 456 263 560 58 213 175 519 129 229 520 533 353 97 559 392 407 350 483 457 86 89 515 341 337 304 366 420 183 55 66 72 354 392 259 
291 125 0 181 86 560 301 132 173 184 90 284 263 281 301 185 122 138 182 332 320 232 91 135 62 234 518 378 109 176 182 51 67 477 313 255 93 198 74 
261 392 161 0 413 229 74 102 108 215 204 78 75 513 216 63 511 225 253 550 259 409 485 350 193 168 150 388 441 529 214 478 163 143 194 448 77 536 166 
518 472 395 438 0 271 125 82 275 164 363 93 241 113 192 98 464 464 327 138 348 416 502 100 308 80 505 420 378 93 178 244 286 360 149 524 112 143 533 
431 50 106 439 421 0 424 441 119 542 333 52 364 174 378 231 244 255 410 301 163 115 395 73 213 49 500 537 66 100 344 461 417 288 277 207 148 353 222 
452 197 264 528 177 418 0 469 53 176 423 234 522 141 503 539 255 207 280 130 120 94 297 208 483 489 547 326 271 132 99 490 418 50 461 101 113 380 133 
426 545 458 350 73 444 227 0 412 55 143 164 301 440 477 208 365 126 509 437 421 415 128 552 379 483 189 434 235 326 523 293 529 218 506 264 146 493 468 
316 110 310 482 334 398 126 544 0 158 439 234 404 409 194 135 414 202 557 201 379 266 378 66 54 65 132 168 131 472 224 352 279 404 477 248 497 57 93 
380 481 149 180 332 73 390 455 214 0 344 460 66 366 181 72 310 104 502 227 317 264 402 76 105 437 379 384 128 288 336 519 494 85 154 339 508 263 551 
399 74 451 486 557 511 220 411 200 232 0 197 412 148 556 552 172 355 260 106 365 188 489 49 311 259 336 105 560 368 69 139 539 337 440 458 200 414 472 
444 328 157 65 271 273 167 254 392 182 259 0 458 453 52 190 412 57 410 274 278 324 531 533 492 214 76 556 534 481 464 427 358 177 258 380 218 210 445 
397 273 515 94 165 106 78 102 458 396 352 98 0 466 276 505 290 105 252 265 93 457 258 521 559 176 507 500 329 75 277 103 376 401 430 186 204 108 238 
127 351 253 183 536 221 414 267 158 467 560 433 522 0 190 170 72 369 227 408 505 508 533 280 181 286 131 73 529 393 232 101 102 184 285 121 166 393 220 
145 477 161 206 513 109 412 149 291 551 232 156 237 388 0 385 265 468 332 482 419 86 498 179 73 140 52 485 115 364 232 357 81 59 557 439 173 335 394 
387 517 330 203 176 243 164 522 381 148 529 456 465 411 143 0 432 148 107 545 511 263 438 364 118 467 324 254 113 246 299 265 304 426 223 516 415 285 181 
187 417 523 354 319 402 378 444 127 242 366 302 504 251 414 91 0 136 408 81 469 53 441 156 148 139 425 222 299 140 129 184 109 255 165 474 74 129 222 
247 144 491 400 208 88 558 102 518 304 289 458 457 272 72 166 345 0 107 435 219 243 285 502 560 455 463 434 342 517 275 150 145 545 487 354 535 258 96 
182 173 311 315 451 323 97 147 63 228 79 259 199 265 245 223 147 273 0 124 223 293 175 205 117 525 321 304 118 270 112 455 514 354 428 495 303 364 113 
412 372 504 288 56 280 350 372 399 419 194 92 357 60 209 373 368 86 207 0 113 284 484 169 510 411 304 558 140 166 314 525 291 388 513 240 338 368 108 
284 83 86 69 119 229 88 326 181 455 115 361 263 227 326 518 357 371 214 104 0 347 490 307 181 390 392 265 308 104 277 262 53 153 545 354 483 355 282 
229 245 530 416 205 517 491 198 364 104 182 276 377 368 324 507 76 426 367 78 474 0 300 114 390 234 416 235 357 516 546 336 133 384 212 374 551 522 524 
483 371 464 114 329 506 491 467 123 502 344 102 264 185 143 267 219 105 92 534 193 76 0 258 94 84 175 296 468 329 292 331 281 293 105 452 106 380 149 
150 314 198 249 112 356 319 78 494 455 286 92 75 443 220 50 507 227 275 363 170 457 125 0 512 553 68 506 270 343 465 297 404 296 336 523 174 406 334 
67 546 471 173 332 153 244 143 382 435 505 356 258 492 382 104 494 354 399 537 542 456 454 487 0 317 183 324 73 88 135 398 244 180 187 438 348 137 332 
379 239 98 297 481 91 152 331 96 121 435 361 234 51 124 209 56 246 126 276 212 407 167 366 264 0 390 336 311 453 353 374 290 129 313 249 505 299 454 
516 143 512 64 129 404 110 301 287 548 185 196 520 162 95 547 543 523 353 238 529 78 134 355 394 78 0 468 413 382 214 260 357 312 463 359 433 320 334 
455 269 314 127 347 514 423 264 430 420 281 55 534 75 337 164 230 249 76 449 126 104 236 408 83 443 55 0 231 308 520 522 532 416 227 492 256 243 107 
321 427 545 259 175 269 49 100 344 156 198 249 449 172 139 76 278 111 459 304 196 551 84 206 527 512 54 154 0 125 152 106 247 152 78 367 450 423 433 
494 158 238 393 75 382 272 442 256 163 497 514 132 384 304 203 496 117 308 319 219 446 473 242 116 176 530 527 472 0 517 467 326 411 487 372 222 440 211 
90 323 295 526 370 138 533 487 427 534 369 264 433 520 514 199 538 265 232 506 514 323 125 224 202 161 229 235 476 240 0 396 442 283 261 121 415 553 498 
461 377 128 335 141 220 94 436 224 373 395 413 213 220 94 508 285 276 86 179 449 213 51 465 257 266 405 426 258 128 336 0 542 556 107 491 402 541 59 
512 204 107 403 113 521 473 270 55 75 393 385 186 528 485 58 404 212 537 381 94 138 153 80 402 511 186 270 243 109 254 138 0 311 420 205 125 431 84 
109 171 137 485 122 471 166 420 349 52 240 178 315 147 412 403 288 88 456 141 452 185 106 259 520 147 111 523 416 348 205 347 540 0 168 423 187 420 330 
508 77 431 240 333 267 479 353 118 122 256 377 354 462 106 243 309 518 499 545 313 310 457 524 391 301 282 134 99 326 119 468 58 256 0 152 433 435 472 
459 93 119 329 99 305 398 418 220 412 389 233 376 368 133 112 450 384 324 219 422 333 154 59 314 522 556 314 453 437 51 344 320 498 143 0 503 396 277 
498 399 473 530 470 58 185 520 164 100 145 333 367 448 461 141 488 224 171 187 84 149 142 309 264 318 119 523 54 392 305 222 518 143 173 109 0 79 165 
136 462 324 304 208 511 88 118 357 306 309 195 416 183 421 321 552 156 214 300 252 390 115 123 377 559 544 96 156 245 504 187 49 517 280 454 181 0 342 
468 253 61 200 494 164 125 242 70 460 438 133 360 491 495 272 331 462 476 97 279 301 487 457 328 126 336 322 358 102 51 205 224 243 296 365 494 218 0 

e'''[i][j]=
0 384 206 454 109 265 135 459 252 422 228 558 480 297 290 301 
159 0 225 305 107 317 474 70 553 259 286 105 54 265 258 277 
335 487 0 395 428 300 141 353 165 340 200 176 479 187 538 338 
238 67 235 0 220 559 495 514 82 463 192 374 125 264 350 392 
170 196 216 465 0 483 348 467 168 132 48 442 125 502 485 265 
250 145 90 218 473 0 258 286 333 106 220 170 85 295 304 202 
163 127 259 407 236 102 0 382 542 423 193 316 174 481 159 176 
351 480 124 478 242 111 339 0 77 163 182 292 250 78 513 265 
489 103 427 97 263 332 198 388 0 267 155 429 89 120 125 299 
553 76 323 545 218 174 375 421 0 0 398 396 178 551 259 202 
55 75 419 328 413 207 275 497 351 330 0 347 83 479 260 356 
441 471 194 81 370 157 525 190 304 157 507 0 286 143 549 333 
235 507 194 390 121 281 252 409 228 384 421 283 0 307 175 456 
55 436 143 272 416 490 54 434 217 409 399 192 468 0 302 150 
318 198 423 78 279 228 202 280 372 510 73 472 509 188 0 186 
163 518 244 504 474 434 477 522 140 108 232 427 437 391 286 0 

t'[i][j]=
0 138 171 111 175 55 176 154 27 159 188 85 181 
118 0 150 186 173 200 149 104 52 58 132 44 140 
87 170 0 77 94 90 152 165 67 101 91 200 65 
165 163 123 0 93 77 153 104 182 124 83 198 88 
137 74 130 133 0 115 93 103 160 44 108 106 161 
76 184 126 126 42 0 67 109 89 152 93 171 166 
144 37 35 118 25 90 0 124 161 199 65 107 60 
35 20 64 87 100 54 72 0 72 162 37 94 76 
157 36 196 44 171 198 98 162 0 84 141 132 174 
29 107 132 51 130 152 191 72 87 0 147 106 91 
116 160 23 173 55 164 110 138 147 142 0 134 66 
141 160 75 85 198 55 171 71 131 133 178 0 145 
104 20 98 29 76 30 139 187 25 135 63 83 0 

t''[i][j]=
0 147 92 154 47 195 200 70 53 53 134 35 170 168 197 102 97 161 180 178 73 134 189 41 34 73 82 173 132 143 130 128 49 176 92 71 37 133 90 
99 0 64 136 43 80 28 67 89 156 104 65 66 105 182 52 46 89 82 100 151 36 97 29 35 199 100 193 70 105 84 30 66 134 171 172 36 69 29 
190 34 0 156 171 187 77 178 171 60 43 163 150 62 151 188 189 98 102 83 42 140 191 23 133 83 26 127 131 120 197 136 60 96 42 108 95 22 184 
76 197 36 0 122 145 177 139 193 40 166 45 70 181 139 196 45 178 179 101 31 187 121 150 87 115 36 66 49 168 24 174 53 161 188 166 115 83 48 
95 72 153 111 0 155 63 44 25 76 31 52 102 161 167 69 91 103 113 164 193 96 184 55 145 36 167 39 166 113 43 162 76 96 172 164 63 152 176 
25 79 48 104 95 0 79 24 58 75 165 107 52 171 161 147 75 30 181 39 137 157 114 156 196 114 65 196 193 47 149 163 90 24 149 96 139 63 94 
121 185 49 110 196 71 0 182 62 143 118 24 178 98 66 79 196 59 97 39 31 40 83 153 96 66 66 111 65 138 157 99 66 80 82 73 46 57 31 
78 153 199 135 181 142 58 0 148 171 117 182 22 67 145 192 135 118 139 83 78 178 103 187 26 154 187 87 188 131 114 100 61 67 113 169 53 60 98 
32 45 22 56 71 75 105 102 0 193 130 170 87 79 128 197 142 60 153 28 35 99 127 52 129 69 143 99 147 177 109 85 115 82 38 153 81 32 152 
61 142 168 28 184 195 50 34 123 0 64 150 41 72 20 200 22 28 118 68 147 30 118 160 124 141 133 195 109 23 102 160 142 58 154 157 31 75 141 
94 105 161 83 149 140 84 54 109 160 0 63 60 116 34 176 93 80 173 176 165 26 21 115 24 194 65 199 194 142 200 145 84 54 133 99 187 39 159 
150 49 163 27 36 121 41 85 109 39 26 0 132 80 151 57 170 25 72 94 168 148 95 123 136 35 199 163 149 147 78 136 41 113 129 42 122 112 48 
166 51 180 138 85 24 69 167 197 47 124 42 0 129 87 105 147 95 195 94 41 54 163 200 181 85 153 61 119 183 137 153 56 178 46 50 167 178 142 
20 81 198 133 28 87 141 85 128 56 142 38 105 0 31 114 161 166 184 46 39 149 78 124 146 94 191 156 63 183 40 37 134 89 57 67 68 177 126 
47 156 177 183 195 85 142 177 118 112 95 55 93 66 0 112 161 94 121 29 89 143 156 105 23 82 158 47 172 60 45 133 153 152 116 192 123 191 53 
33 36 147 49 183 25 140 91 175 151 39 193 104 86 98 0 135 156 116 70 60 91 88 159 167 99 42 57 122 187 64 102 85 88 187 156 82 153 187 
149 20 114 51 106 45 104 36 122 190 183 100 99 107 150 146 0 63 112 157 123 108 27 100 133 51 172 35 132 169 113 135 66 81 31 157 179 138 200 
71 72 161 116 73 28 38 71 138 41 163 152 169 64 170 171 86 0 178 198 91 70 132 116 78 176 108 175 138 127 45 47 84 110 161 110 131 88 46 
48 108 180 53 74 135 119 37 185 113 165 32 102 82 29 87 62 172 0 125 49 23 148 143 115 121 44 36 150 192 60 141 142 72 54 39 27 103 191 
178 193 161 92 53 132 54 59 161 120 122 194 59 197 107 22 94 69 36 0 31 57 193 188 187 136 119 42 49 100 72 151 21 156 110 28 65 159 72 
73 183 156 111 101 83 177 154 70 127 128 170 152 70 114 134 70 83 114 131 0 178 66 158 43 48 102 77 61 199 42 25 137 71 44 106 174 78 91 
170 168 105 49 87 59 31 49 158 114 129 158 107 69 186 37 52 51 161 103 85 0 164 153 165 44 113 77 84 43 133 148 150 186 78 23 160 156 172 
182 101 34 77 54 184 166 158 188 175 47 159 170 122 159 200 22 106 150 73 31 155 0 185 24 173 62 137 197 75 171 102 33 90 98 117 113 129 55 
106 27 66 124 165 181 136 127 194 103 83 25 104 39 27 123 133 134 162 101 168 72 77 0 94 169 111 148 139 155 50 121 106 135 66 40 24 163 126 
187 175 98 158 101 108 128 41 81 131 20 165 115 155 29 140 42 62 186 55 193 192 144 46 0 163 89 125 110 185 150 30 64 37 156 61 137 135 127 
171 120 162 88 107 145 118 51 141 90 200 79 187 196 127 112 40 30 61 48 101 82 63 106 51 0 124 64 197 173 71 30 59 76 86 144 193 179 141 
79 130 139 109 187 159 159 116 117 67 123 102 197 99 167 120 172 64 178 99 97 21 98 98 105 128 0 144 74 140 21 145 54 196 40 151 92 27 108 
188 99 77 55 24 160 200 124 45 54 184 197 176 31 119 115 181 116 77 114 153 46 89 140 32 136 56 0 123 40 121 60 112 149 171 169 187 66 25 
156 35 105 133 67 123 154 33 125 151 40 174 54 107 34 94 139 199 131 113 179 94 125 133 148 139 129 96 0 162 164 200 62 174 116 125 136 134 34 
138 171 30 51 130 141 55 27 77 146 131 78 121 181 55 85 194 85 75 73 168 164 73 129 95 126 166 174 164 0 49 36 154 168 23 112 129 29 135 
89 197 177 171 114 27 137 76 159 101 135 67 58 35 56 188 73 73 78 108 31 179 43 114 37 60 39 116 21 129 0 83 163 104 73 81 140 183 129 
79 130 38 180 115 55 143 92 181 48 24 80 186 193 131 179 52 41 63 110 117 188 83 120 41 146 143 166 104 164 85 0 82 155 111 56 70 188 43 
72 178 37 87 136 145 23 102 180 49 106 175 132 49 146 152 194 147 151 169 43 93 41 23 173 70 80 76 161 171 154 82 0 163 134 45 87 135 193 
93 105 62 44 37 149 159 78 35 110 142 161 143 76 53 115 181 90 40 30 41 95 80 160 179 85 105 162 111 199 67 132 88 0 44 24 50 137 180 
153 34 139 121 129 41 179 54 46 190 163 82 73 126 83 63 48 151 188 107 92 44 54 155 176 193 20 183 158 46 128 42 89 92 0 35 28 126 76 
89 129 88 164 97 55 93 45 115 39 176 164 74 131 134 156 26 120 112 113 169 42 32 166 51 88 41 82 126 184 161 166 148 63 133 0 136 63 142 
200 29 62 106 94 39 70 67 30 71 165 175 118 50 164 70 23 66 146 157 195 49 137 120 48 138 27 55 164 161 102 120 71 72 76 153 0 166 74 
83 198 68 100 200 49 60 60 106 177 189 73 121 62 58 161 168 90 165 32 138 140 140 56 170 126 146 108 59 73 150 132 126 42 128 141 89 0 172 
92 95 195 96 39 186 96 175 36 147 30 23 81 28 130 150 167 80 105 199 111 24 198 42 181 81 151 66 106 70 95 122 88 128 197 31 113 128 0 

t'''[i][j]=
0 113 133 96 156 74 131 171 75 164 117 69 63 51 73 70 
125 0 178 31 34 178 158 86 39 71 126 119 93 96 150 163 
130 93 0 194 198 71 72 106 119 86 97 145 52 58 89 139 
40 196 135 0 54 154 198 139 161 81 112 134 116 96 186 24 
176 181 72 165 0 96 43 120 63 185 64 31 81 63 158 117 
104 132 44 135 195 0 126 53 117 195 188 36 104 109 124 139 
72 109 128 185 136 73 0 158 119 154 184 41 153 83 198 153 
136 126 30 104 69 20 115 0 162 185 69 57 74 104 144 157 
24 86 94 187 39 54 82 124 0 164 48 121 63 71 44 97 
86 31 123 120 69 113 27 114 92 0 88 128 26 132 85 81 
35 49 174 55 117 100 150 104 52 60 0 46 68 87 112 146 
59 121 32 155 71 38 61 174 38 135 96 0 51 111 23 135 
34 188 155 152 122 111 102 149 136 83 135 70 0 69 175 188 
135 176 127 185 79 84 159 40 200 153 89 117 75 0 49 51 
149 94 69 110 146 111 33 156 141 113 118 179 170 169 0 49 
95 138 102 158 166 107 173 195 38 163 142 121 107 83 186 0 

d''[i][k]=
0 5 0 0 0 0 0 0 0 0 0 0 
0 5 0 0 0 0 0 0 0 0 0 0 
0 5 0 0 0 0 0 0 0 0 0 0 
4 1 0 0 0 0 0 0 0 0 0 0 
5 0 0 0 0 0 0 0 0 0 0 0 
5 0 0 0 0 0 0 0 0 0 0 0 
5 0 0 0 0 0 0 0 0 0 0 0 
5 0 0 0 0 0 0 0 0 0 0 0 
1 0 0 0 0 0 4 0 0 0 0 0 
0 0 0 0 0 0 5 0 0 0 0 0 
0 0 0 0 0 0 5 0 0 0 0 0 
0 0 0 0 0 0 5 0 0 0 0 0 
0 0 0 0 0 0 5 0 0 0 0 0 
0 0 0 0 0 5 0 0 0 0 0 0 
0 0 0 0 5 0 0 0 0 0 0 0 
0 0 0 0 5 0 0 0 0 0 0 0 
0 0 0 0 5 0 0 0 0 0 0 0 
0 0 0 0 4 0 0 0 0 0 1 0 
0 0 0 0 0 0 0 0 0 0 5 0 
0 0 0 0 0 0 0 0 0 1 5 0 
0 0 0 0 0 0 0 0 0 6 0 0 
0 0 0 0 0 0 0 0 0 6 0 0 
0 0 0 0 0 0 0 0 2 4 0 0 
0 0 0 0 0 0 0 0 5 0 0 0 
0 0 0 0 0 0 0 0 5 0 0 0 
0 0 0 0 0 0 0 0 5 0 0 0 
0 0 0 0 0 0 0 0 5 0 0 0 
0 0 0 0 0 0 0 0 5 0 0 0 
0 0 0 0 0 0 0 0 0 0 5 0 
0 0 0 0 0 0 0 0 0 0 1 5 
0 0 0 0 0 0 0 0 0 0 0 5 
0 0 0 0 0 0 0 5 0 0 0 0 
0 0 0 0 0 0 0 5 0 0 0 0 
0 0 0 0 0 0 5 0 0 0 0 0 
0 0 0 5 0 0 0 0 0 0 0 0 
0 0 4 2 0 0 0 0 0 0 0 0 
0 5 0 0 0 0 0 0 0 0 0 0 
0 1 4 0 0 0 0 0 0 0 0 0 

r''[i][k]=
0 0.8 0 0 0 0 0 0 0 0 0 0 
0 0.2 0 0 0 0 0 0 0 0 0 0 
0 0.2 0 0 0 0 0 0 0 0 0 0 
2.12 0.02 0 0 0 0 0 0 0 0 0 0 
1.3 0 0 0 0 0 0 0 0 0 0 0 
0.4 0 0 0 0 0 0 0 0 0 0 0 
0.15 0 0 0 0 0 0 0 0 0 0 0 
2.1 0 0 0 0 0 0 0 0 0 0 0 
0.2 0 0 0 0 0 0.32 0 0 0 0 0 
0 0 0 0 0 0 2.15 0 0 0 0 0 
0 0 0 0 0 0 0.5 0 0 0 0 0 
0 0 0 0 0 0 1.1 0 0 0 0 0 
0 0 0 0 0 0 1.25 0 0 0 0 0 
0 0 0 0 0 0.1 0 0 0 0 0 0 
0 0 0 0 0.55 0 0 0 0 0 0 0 
0 0 0 0 0 0 0 0 0 0 0 0 
0 0 0 0 0.15 0 0 0 0 0 0 0 
0 0 0 0 0.16 0 0 0 0 0 0.26 0 
0 0 0 0 0 0 0 0 0 0 3.6 0 
0 0 0 0 0 0 0 0 0 0.27 2.95 0 
0 0 0 0 0 0 0 0 0 4.74 0 0 
0 0 0 0 0 0 0 0 0 1.98 0 0 
0 0 0 0 0 0 0 0 0.92 0.84 0 0 
0 0 0 0 0 0 0 0 2.1 0 0 0 
0 0 0 0 0 0 0 0 0 0 0 0 
0 0 0 0 0 0 0 0 2.05 0 0 0 
0 0 0 0 0 0 0 0 1.3 0 0 0 
0 0 0 0 0 0 0 0 1.95 0 0 0 
0 0 0 0 0 0 0 0 0 0 1.65 0 
0 0 0 0 0 0 0 0 0 0 0.49 2.3 
0 0 0 0 0 0 0 0 0 0 0 1.1 
0 0 0 0 0 0 0 4.1 0 0 0 0 
0 0 0 0 0 0 0 0.1 0 0 0 0 
0 0 0 0 0 0 1.2 0 0 0 0 0 
0 0 0 0.15 0 0 0 0 0 0 0 0 
0 0 2.12 0.28 0 0 0 0 0 0 0 0 
0 1.65 0 0 0 0 0 0 0 0 0 0 
0 0.26 0.12 0 0 0 0 0 0 0 0 0 

p[k]=
0.04 0.02 0.04 0.01 0.04 0.01 0.04 0.02 0.01 0.02 0.02 0.03 

d'''[i][k]=
0 0 0 0 0 0 0 0 0 3 17 10 
0 0 0 0 0 0 0 0 16 14 0 0 
0 0 0 0 0 0 0 0 5 0 0 0 
0 0 0 0 0 0 0 0 5 0 0 0 
0 0 0 0 0 0 0 4 1 0 0 0 
0 0 0 0 0 0 0 5 0 0 0 0 
0 0 0 0 0 0 4 1 0 0 0 0 
0 0 0 0 0 0 5 0 0 0 0 0 
0 0 0 0 0 0 5 0 0 0 0 0 
0 0 0 0 0 0 5 0 0 0 0 0 
0 0 0 0 0 0 5 0 0 0 0 0 
0 0 0 0 0 0 5 0 0 0 0 0 
0 0 0 2 19 5 0 0 0 0 0 0 
0 17 8 5 0 0 0 0 0 0 0 0 
25 5 0 0 0 0 0 0 0 0 0 0 

r'''[i][k]=
0 0 0 0 0 0 0 0 0 1.89 4.76 2.6 
0 0 0 0 0 0 0 0 6.56 0.98 0 0 
0 0 0 0 0 0 0 0 1.3 0 0 0 
0 0 0 0 0 0 0 0 0.55 0 0 0 
0 0 0 0 0 0 0 0.76 0.71 0 0 0 
0 0 0 0 0 0 0 0.5 0 0 0 0 
0 0 0 0 0 0 0.56 0.13 0 0 0 0 
0 0 0 0 0 0 0.1 0 0 0 0 0 
0 0 0 0 0 0 1 0 0 0 0 0 
0 0 0 0 0 0 2.9 0 0 0 0 0 
0 0 0 0 0 0 1.25 0 0 0 0 0 
0 0 0 0 0 0 1.8 0 0 0 0 0 
0 0 0 0.46 2.66 3.1 0 0 0 0 0 0 
0 9.18 0.32 0.55 0 0 0 0 0 0 0 0 
4.25 1.1 0 0 0 0 0 0 0 0 0 0 
