|S|=7
|R|=23
|O|=10
|V|=20
q=150
c=1
Tmax=960
H=1000

e'[i][j]=
0 369 456 196 115 55 92 332 
178 0 173 103 411 356 468 255 
424 168 0 112 341 185 378 279 
150 194 54 0 106 422 419 432 
190 374 159 112 0 404 184 329 
277 343 437 88 160 0 258 344 
157 412 279 273 413 405 0 131 
84 193 234 367 477 143 284 0 

e''[i][j]=
0 337 391 428 124 167 189 342 117 363 390 387 222 299 158 85 438 104 213 68 208 361 271 57 
285 0 84 328 337 277 102 447 312 317 349 305 323 148 472 256 368 94 378 397 468 326 209 348 
362 414 0 456 310 478 153 112 188 217 266 225 461 132 274 64 237 335 249 428 330 74 457 388 
60 234 142 0 181 253 460 166 255 207 361 282 410 276 401 393 129 115 165 185 246 60 217 68 
221 91 364 320 0 197 354 50 287 62 245 216 393 345 381 419 450 349 340 299 179 441 336 474 
118 229 435 68 153 0 232 329 85 322 283 128 200 350 284 404 320 123 242 330 154 292 324 152 
450 388 189 330 187 245 0 78 329 89 344 472 111 216 328 229 377 126 275 105 141 308 224 166 
377 156 114 398 437 352 97 0 200 196 386 145 476 96 181 352 305 434 299 57 138 275 138 305 
124 408 165 92 211 153 164 176 0 104 100 448 449 438 65 370 294 243 444 273 165 338 131 383 
151 240 292 403 320 377 260 441 428 0 72 315 338 134 63 173 471 335 138 215 378 420 157 403 
94 186 261 426 320 366 170 214 368 330 0 213 72 174 400 84 214 82 416 225 309 71 451 465 
220 391 127 238 63 367 208 276 175 455 275 0 302 170 332 330 442 186 173 469 334 143 427 242 
183 388 77 460 390 363 383 276 214 352 83 208 0 401 298 392 288 294 383 480 87 230 335 137 
381 273 353 153 453 427 261 135 471 270 264 323 426 0 477 401 472 466 98 90 400 191 207 304 
451 259 424 358 273 406 296 260 298 127 221 264 287 121 0 235 121 432 321 73 449 289 231 347 
227 368 216 434 63 232 231 360 463 433 213 361 312 404 220 0 237 54 142 356 85 115 319 421 
323 395 365 470 281 272 444 319 323 385 93 347 214 170 281 316 0 120 460 302 297 361 98 68 
466 161 341 288 87 275 236 76 421 338 177 72 143 322 294 332 176 0 185 386 452 177 132 377 
236 159 433 91 163 70 276 225 162 164 303 141 447 296 97 229 58 112 0 147 220 361 436 131 
145 397 120 194 342 381 449 345 185 212 255 267 119 228 88 194 413 401 399 0 49 147 219 64 
256 265 381 418 269 261 48 470 107 314 282 248 299 345 155 211 228 317 317 51 0 74 81 174 
119 260 368 93 182 268 49 442 319 85 393 249 454 369 122 193 305 409 362 250 468 0 131 193 
381 275 326 259 166 257 345 192 456 479 99 160 215 172 474 221 155 471 396 93 272 252 0 100 
233 461 264 258 93 175 209 128 275 222 239 128 270 400 190 380 154 480 365 373 185 165 338 0 

e'''[i][j]=
0 337 156 281 213 334 64 103 163 364 138 
165 0 260 234 294 316 92 239 213 449 251 
315 53 0 395 131 143 217 411 354 280 192 
301 138 440 0 193 71 260 313 408 479 300 
247 169 147 165 0 393 412 160 284 272 421 
368 88 118 72 440 0 103 364 196 330 330 
404 347 248 143 147 243 0 312 290 441 396 
412 327 103 244 220 369 275 0 321 367 51 
459 255 177 361 446 199 121 122 0 272 153 
192 363 295 413 139 374 143 231 457 0 385 
178 107 429 297 314 252 104 369 296 195 0 

t'[i][j]=
0 76 38 24 48 75 50 65 
94 0 93 23 55 23 29 21 
59 61 0 88 35 62 72 46 
26 73 42 0 79 20 72 35 
99 32 47 48 0 20 82 86 
79 74 69 79 29 0 65 87 
21 89 99 92 82 69 0 79 
64 49 95 87 33 97 67 0 

t''[i][j]=
0 97 33 83 35 32 86 90 64 41 48 77 76 30 67 42 60 63 33 66 99 72 68 49 
87 0 52 81 51 26 33 42 28 47 38 82 68 40 28 74 67 57 67 75 68 74 69 33 
56 79 0 25 39 96 66 69 71 25 20 88 100 21 56 43 73 82 30 47 22 62 73 40 
25 53 95 0 63 40 80 50 50 39 72 84 97 64 78 95 81 73 96 86 48 98 33 33 
88 79 83 61 0 61 44 40 26 30 33 86 30 80 33 73 38 67 67 90 79 82 20 20 
21 75 96 49 21 0 22 81 26 67 47 22 77 27 89 50 85 24 53 83 77 49 36 72 
20 71 87 64 25 67 0 78 72 73 69 73 24 24 49 85 47 52 24 65 70 83 59 93 
72 87 99 94 94 67 61 0 36 22 45 90 87 98 22 23 57 28 28 28 50 60 45 46 
28 37 42 55 94 52 77 32 0 51 29 59 90 95 61 74 46 68 90 32 26 97 25 62 
91 89 53 75 78 98 97 93 85 0 77 69 56 68 96 87 46 37 70 46 99 25 51 55 
23 59 54 49 30 32 46 92 44 56 0 70 62 22 84 71 28 84 22 51 83 38 77 20 
37 95 90 59 45 38 35 86 27 56 82 0 96 46 78 85 89 80 41 42 94 62 66 49 
20 62 22 70 65 21 49 83 92 41 71 64 0 84 28 20 59 100 36 41 43 41 67 99 
85 26 96 35 76 95 55 98 32 29 98 73 56 0 85 68 69 26 64 58 49 41 96 84 
92 60 85 94 28 96 58 82 64 36 48 100 54 50 0 53 92 74 59 100 93 23 31 53 
100 50 43 65 20 78 46 21 42 50 68 51 46 21 68 0 72 64 31 60 87 27 92 80 
36 60 68 42 90 83 31 75 100 96 74 45 75 28 22 29 0 58 68 23 43 62 70 87 
46 37 94 63 77 47 34 50 84 91 35 24 89 79 28 34 24 0 31 37 64 60 77 48 
21 89 48 99 74 89 78 47 30 57 38 49 32 34 88 95 68 44 0 22 87 22 54 58 
67 68 38 74 89 61 85 87 37 89 57 28 76 60 27 63 93 27 74 0 92 36 20 33 
71 53 34 75 72 70 24 29 83 87 47 51 29 68 100 69 30 20 43 44 0 46 31 47 
96 73 23 43 97 91 49 70 93 60 62 92 55 95 83 98 36 90 66 57 31 0 88 92 
52 52 44 35 55 42 80 35 90 70 96 28 76 63 92 66 81 85 86 46 52 68 0 80 
77 88 39 90 95 98 52 88 67 83 78 88 47 71 23 97 49 64 24 45 99 50 22 0 

t'''[i][j]=
0 68 45 50 55 66 30 56 66 33 26 
89 0 34 87 99 50 85 66 56 44 23 
72 38 0 98 85 74 68 33 32 66 35 
28 97 56 0 83 73 63 63 22 71 58 
97 54 81 95 0 65 87 60 51 89 60 
100 54 26 63 57 0 25 30 27 68 96 
81 74 37 30 46 56 0 64 25 83 84 
96 40 75 28 57 58 21 0 59 21 52 
94 94 26 20 62 85 94 37 0 34 52 
97 93 82 99 46 69 49 47 54 0 30 
53 28 89 76 69 60 58 66 36 58 0 

d''[i][k]=
0 0 0 0 0 0 5 
0 0 0 0 0 5 0 
0 0 0 0 0 5 0 
0 0 0 0 4 1 0 
0 0 0 0 5 0 0 
0 0 0 0 5 0 0 
0 0 0 1 4 0 0 
0 0 0 6 0 0 0 
0 0 0 5 0 0 0 
0 0 0 5 0 0 0 
0 0 6 0 0 0 0 
0 0 5 0 0 0 0 
0 0 5 0 0 0 0 
0 2 3 0 0 0 0 
0 5 0 0 0 0 0 
0 5 0 0 0 0 0 
0 5 0 0 0 0 0 
5 0 0 0 0 0 0 
5 0 0 0 0 0 0 
0 0 0 0 0 0 5 
0 0 0 0 0 0 5 
0 0 0 0 0 5 0 
0 0 0 0 0 0 5 

r''[i][k]=
0 0 0 0 0 0 1.7 
0 0 0 0 0 0.7 0 
0 0 0 0 0 0.4 0 
0 0 0 0 0.48 0.49 0 
0 0 0 0 2.4 0 0 
0 0 0 0 1.05 0 0 
0 0 0 0.18 2.68 0 0 
0 0 0 2.34 0 0 0 
0 0 0 0.35 0 0 0 
0 0 0 0 0 0 0 
0 0 0.06 0 0 0 0 
0 0 2.35 0 0 0 0 
0 0 1.2 0 0 0 0 
0 0.36 0.09 0 0 0 0 
0 1.4 0 0 0 0 0 
0 0.65 0 0 0 0 0 
0 2.1 0 0 0 0 0 
1.05 0 0 0 0 0 0 
0.15 0 0 0 0 0 0 
0 0 0 0 0 0 1.1 
0 0 0 0 0 0 3.75 
0 0 0 0 0 2.8 0 
0 0 0 0 0 0 3.2 

p[k]=
0.01 0.01 0.02 0.02 0.03 0.02 0.03 

d'''[i][k]=
0 0 0 0 0 0 20 
0 0 0 0 0 5 0 
0 0 0 0 0 5 0 
0 0 0 0 0 5 0 
0 0 0 0 4 1 0 
0 0 0 0 5 0 0 
0 0 0 3 9 0 0 
0 0 6 14 0 0 0 
0 7 13 0 0 0 0 
10 10 0 0 0 0 0 

r'''[i][k]=
0 0 0 0 0 0 8 
0 0 0 0 0 0.45 0 
0 0 0 0 0 0.2 0 
0 0 0 0 0 3.6 0 
0 0 0 0 0.92 0.07 0 
0 0 0 0 0.75 0 0 
0 0 0 0.57 0.36 0 0 
0 0 0 1.12 0 0 0 
0 1.61 0 0 0 0 0 
0.2 6.4 0 0 0 0 0 
