|S|=7
|R|=23
|O|=10
|V|=20
q=150
c=1
Tmax=960
H=1000

e'[i][j]=
0 434 364 121 342 203 138 156 
454 0 273 349 182 337 152 67 
371 435 0 176 412 235 118 225 
259 88 324 0 435 143 385 164 
129 436 208 479 0 231 185 362 
264 262 461 384 445 0 269 318 
269 260 238 257 190 53 0 467 
99 50 162 252 181 311 436 0 

e''[i][j]=
0 85 306 444 450 286 227 278 170 259 237 182 370 421 410 209 429 68 418 116 319 404 114 158 
442 0 75 60 429 232 476 445 140 364 430 132 321 273 460 89 182 295 277 184 127 381 57 233 
293 66 0 411 153 468 440 111 110 388 135 199 232 435 425 65 328 329 114 97 463 182 93 321 
234 300 129 0 250 414 176 157 73 354 147 380 117 333 108 102 318 312 162 376 121 386 244 319 
161 341 413 429 0 172 444 279 148 62 281 285 228 130 202 292 329 409 331 414 135 404 444 449 
423 127 116 121 427 0 104 398 268 299 111 251 360 163 264 473 335 322 119 434 472 290 244 404 
363 156 407 242 480 337 0 317 157 160 201 347 224 226 130 164 475 280 471 232 252 94 355 367 
268 327 248 292 319 106 375 0 222 61 200 456 229 420 95 201 48 339 245 401 437 58 135 261 
105 231 179 126 127 262 425 385 0 170 283 266 257 50 324 418 376 321 136 250 111 354 335 426 
190 219 276 206 339 80 147 462 480 0 365 424 113 480 355 365 171 470 140 426 312 441 402 321 
183 459 434 372 469 342 431 284 439 253 0 413 280 320 215 206 209 89 296 63 431 353 403 123 
411 120 437 85 175 177 251 429 358 136 391 0 154 303 291 110 466 454 321 279 281 319 123 348 
260 112 443 235 151 279 337 373 236 433 129 49 0 265 234 455 430 198 427 209 158 53 107 310 
117 286 65 344 315 262 153 382 406 70 476 130 199 0 255 322 357 291 225 334 189 368 329 180 
315 372 88 102 67 229 49 422 307 470 459 466 68 138 0 176 144 55 91 378 163 215 461 423 
116 386 268 304 119 451 262 123 121 410 84 152 126 431 323 0 468 250 306 134 468 235 231 195 
176 445 281 458 308 452 399 257 251 315 189 337 49 91 275 442 0 253 478 112 356 117 212 147 
294 207 132 76 265 297 474 230 225 343 422 299 161 466 411 148 461 0 112 389 235 167 333 183 
312 456 82 447 330 225 378 85 118 447 139 294 111 330 69 208 127 251 0 391 177 220 253 239 
466 285 346 379 453 165 479 293 222 179 428 463 335 187 213 52 61 242 437 0 63 188 247 63 
473 134 145 344 388 472 438 335 287 210 287 394 144 208 468 273 257 264 53 424 0 286 61 338 
135 283 459 386 289 466 95 80 422 293 219 224 288 265 475 158 437 328 365 466 370 0 395 70 
120 158 116 256 300 93 364 154 275 367 351 312 392 374 204 276 166 106 410 411 282 414 0 323 
302 306 60 444 243 286 325 375 432 299 311 257 166 389 446 61 127 176 199 219 92 438 248 0 

e'''[i][j]=
0 460 169 49 406 255 326 328 88 268 211 
216 0 59 401 422 66 274 476 315 250 185 
330 144 0 118 359 265 279 368 76 194 138 
147 222 371 0 185 344 199 359 439 204 372 
476 197 417 225 0 107 283 55 180 62 399 
363 280 51 101 466 0 469 49 333 215 446 
262 408 242 76 143 318 0 469 102 480 84 
84 268 434 177 276 398 236 0 85 379 480 
458 51 449 102 146 365 336 463 0 379 136 
312 116 314 460 237 301 102 58 179 0 134 
225 267 271 96 466 367 324 425 340 106 0 

t'[i][j]=
0 74 97 86 84 61 89 100 
24 0 64 26 27 58 53 80 
51 83 0 60 50 50 69 42 
59 71 91 0 85 30 92 89 
42 26 46 73 0 98 34 59 
79 28 72 66 63 0 30 88 
36 42 80 99 45 67 0 75 
86 63 34 98 81 66 95 0 

t''[i][j]=
0 85 51 37 79 80 70 100 95 45 45 54 94 42 90 70 37 51 37 70 86 22 34 35 
23 0 59 59 33 38 21 89 20 84 49 78 85 56 33 88 83 42 22 23 32 34 64 54 
26 89 0 89 77 44 28 39 45 79 93 41 89 36 41 29 80 91 95 91 71 85 59 90 
56 81 74 0 40 31 74 35 45 53 36 99 100 40 75 99 85 65 63 96 48 44 39 43 
98 100 36 43 0 62 28 80 69 73 40 95 82 98 70 44 66 54 69 70 55 31 94 94 
32 45 52 80 42 0 58 62 70 67 28 28 69 55 54 20 73 60 38 50 26 61 36 63 
57 63 75 99 51 78 0 93 98 23 90 48 52 65 46 58 76 81 46 23 61 35 63 57 
20 97 41 46 45 38 50 0 71 24 94 54 23 99 23 72 75 31 38 94 43 30 89 20 
41 35 80 36 62 78 81 67 0 36 91 78 47 66 100 60 79 89 85 27 26 29 23 21 
96 65 95 88 97 27 65 41 93 0 91 42 54 91 91 86 21 22 55 24 50 79 37 20 
58 67 25 51 36 66 61 58 77 93 0 37 87 27 89 67 80 21 94 29 80 37 60 71 
44 93 32 57 49 38 37 59 51 65 50 0 59 98 85 92 90 48 95 89 39 38 63 51 
99 85 46 20 76 96 62 22 48 32 41 58 0 57 60 82 90 64 87 84 71 57 89 71 
80 54 82 22 92 57 97 82 29 64 96 77 31 0 34 81 99 39 30 87 75 64 21 41 
79 52 41 53 39 89 83 84 45 90 55 20 51 30 0 26 68 88 87 22 42 84 23 50 
32 73 25 25 28 24 20 46 42 72 64 26 63 33 62 0 88 48 25 21 36 22 48 57 
71 35 77 100 22 40 67 82 87 59 87 67 83 98 43 57 0 39 61 78 94 70 43 90 
87 71 60 53 69 51 95 54 61 73 49 68 46 34 76 25 90 0 69 50 28 23 53 68 
41 51 72 58 82 91 53 93 65 40 100 53 92 75 71 49 21 42 0 55 39 85 38 27 
89 56 67 86 51 86 81 53 53 58 52 55 22 59 54 42 47 100 38 0 57 99 97 88 
76 59 41 39 89 83 28 71 39 100 52 91 46 89 54 65 100 52 81 74 0 61 56 64 
63 100 42 76 43 35 36 93 65 93 50 44 67 26 55 86 82 33 37 87 35 0 90 99 
31 56 84 65 70 85 60 57 65 37 76 81 28 43 87 73 39 83 98 72 28 71 0 59 
39 20 84 68 49 76 36 78 76 85 97 32 89 87 97 38 29 74 28 27 73 46 30 0 

t'''[i][j]=
0 30 65 49 62 22 58 35 99 88 22 
99 0 88 100 48 97 61 99 86 73 63 
24 62 0 57 57 38 34 65 44 28 69 
21 52 77 0 70 100 79 43 66 36 76 
59 42 61 93 0 70 41 42 60 63 84 
79 79 48 62 90 0 92 59 73 34 64 
27 55 61 79 31 60 0 92 72 61 80 
63 81 55 74 59 98 58 0 82 98 68 
29 21 37 32 50 80 53 62 0 61 72 
76 68 39 36 31 38 61 43 83 0 64 
66 94 48 96 93 87 79 55 91 88 0 

d''[i][k]=
0 0 0 0 0 5 0 
0 0 0 0 0 5 0 
0 0 0 0 3 2 0 
0 0 0 0 7 0 0 
0 0 0 0 5 0 0 
0 0 0 3 2 0 0 
0 0 0 5 0 0 0 
0 0 0 5 0 0 0 
0 0 1 4 0 0 0 
0 0 5 0 0 0 0 
0 0 5 0 0 0 0 
0 0 5 0 0 0 0 
0 1 4 0 0 0 0 
0 5 0 0 0 0 0 
0 6 0 0 0 0 0 
0 5 0 0 0 0 0 
5 0 0 0 0 0 0 
5 0 0 0 0 0 0 
6 0 0 0 0 0 0 
0 0 0 0 0 0 6 
0 0 0 0 0 5 0 
0 0 0 0 0 0 5 
0 0 0 0 0 3 3 

r''[i][k]=
0 0 0 0 0 1.05 0 
0 0 0 0 0 0.6 0 
0 0 0 0 0.48 0.66 0 
0 0 0 0 1.33 0 0 
0 0 0 0 3.35 0 0 
0 0 0 1.02 0.14 0 0 
0 0 0 0.5 0 0 0 
0 0 0 0.15 0 0 0 
0 0 0.13 0.76 0 0 0 
0 0 0.1 0 0 0 0 
0 0 3.75 0 0 0 0 
0 0 1.05 0 0 0 0 
0 0.05 2.56 0 0 0 0 
0 1.8 0 0 0 0 0 
0 0.36 0 0 0 0 0 
0 0.8 0 0 0 0 0 
0.05 0 0 0 0 0 0 
3.65 0 0 0 0 0 0 
0.78 0 0 0 0 0 0 
0 0 0 0 0 0 0.24 
0 0 0 0 0 2.5 0 
0 0 0 0 0 0 0.3 
0 0 0 0 0 1.44 0.63 

p[k]=
0.01 0.02 0.03 0.03 0.02 0.05 0 

d'''[i][k]=
0 0 0 0 0 6 14 
0 0 0 0 6 14 0 
0 0 0 0 5 0 0 
0 0 0 0 5 0 0 
0 0 0 4 1 0 0 
0 0 0 5 0 0 0 
0 0 0 5 0 0 0 
0 0 13 3 0 0 0 
0 13 7 0 0 0 0 
16 4 0 0 0 0 0 

r'''[i][k]=
0 0 0 0 0 0.3 8.12 
0 0 0 0 2.46 3.22 0 
0 0 0 0 0.1 0 0 
0 0 0 0 0.2 0 0 
0 0 0 0.04 0.44 0 0 
0 0 0 0.2 0 0 0 
0 0 0 0.05 0 0 0 
0 0 4.81 0.12 0 0 0 
0 0.26 0.63 0 0 0 0 
3.84 0.16 0 0 0 0 0 
