|S|=12
|R|=38
|O|=15
|V|=30
q=150
c=1
Tmax=960
H=1000

e'[i][j]=
0 81 349 423 386 219 319 354 419 132 288 455 313 
337 0 437 411 508 295 126 294 513 357 448 103 325 
490 64 0 545 359 197 222 110 241 123 285 267 147 
470 544 299 0 176 180 432 345 344 200 194 414 258 
75 479 150 167 0 99 79 198 193 540 263 157 264 
107 451 402 471 84 0 412 391 56 173 116 333 258 
463 244 359 190 375 432 0 218 197 94 507 124 309 
81 48 467 482 365 185 475 0 152 177 184 145 531 
274 117 351 309 100 343 75 515 0 509 278 302 482 
277 126 400 105 172 231 369 85 409 0 378 94 133 
445 223 496 508 542 377 392 70 168 226 0 424 116 
335 260 502 140 351 455 520 88 473 298 165 0 473 
199 428 192 474 316 295 136 558 436 172 380 432 0 

e''[i][j]=
0 103 507 248 480 173 224 396 174 340 484 143 487 82 395 189 266 512 471 443 547 328 213 165 304 80 211 390 302 454 343 195 81 349 52 285 459 193 338 
339 0 465 68 169 164 147 522 260 306 484 301 205 462 162 451 491 71 410 369 241 471 74 181 350 284 542 520 499 546 80 421 250 319 485 240 354 465 303 
176 457 0 362 428 396 384 264 341 266 249 236 434 207 65 452 397 342 334 75 396 437 184 295 137 185 115 434 51 410 157 309 223 495 165 110 235 424 77 
451 148 226 0 331 343 81 396 511 251 497 125 537 469 267 300 475 307 217 419 174 342 310 86 60 282 222 329 491 175 175 463 308 400 472 89 337 220 269 
55 349 70 446 0 413 350 391 251 359 552 108 385 292 245 156 311 433 93 172 462 406 55 512 497 365 72 432 464 554 336 467 388 554 212 55 197 304 466 
253 321 205 411 521 0 296 417 387 425 380 550 141 287 417 266 451 276 440 133 102 448 126 68 151 520 352 59 250 104 216 453 161 418 239 126 267 314 353 
232 217 135 354 120 517 0 188 429 235 132 196 93 499 86 503 239 112 215 343 156 234 170 71 153 84 49 193 153 368 478 234 188 124 220 186 155 74 234 
199 297 527 239 498 68 318 0 410 314 242 356 86 88 445 124 403 283 534 418 521 195 426 141 167 142 410 196 507 143 230 379 305 273 239 316 527 540 510 
269 223 188 445 120 463 99 447 0 530 479 400 91 497 140 334 315 530 233 429 232 415 515 271 391 220 92 500 322 503 365 538 296 183 456 505 374 180 413 
201 505 552 337 49 55 490 195 397 0 367 309 156 120 221 115 125 315 368 245 414 182 346 507 457 48 53 121 440 413 430 459 499 421 340 384 275 247 351 
367 229 212 193 252 549 430 112 129 111 0 157 96 177 363 228 547 242 200 539 104 409 149 111 276 49 324 197 340 344 547 358 340 74 306 213 190 425 229 
226 301 224 206 300 233 314 136 61 247 125 0 411 174 514 93 141 325 285 495 155 217 82 307 166 109 73 467 118 476 108 448 113 488 342 235 76 420 464 
465 341 535 415 266 307 559 254 337 61 396 241 0 528 500 65 72 488 487 287 166 377 288 312 554 486 448 350 263 362 327 113 104 388 210 371 315 474 190 
450 153 418 390 319 121 357 276 459 477 454 461 526 0 544 145 306 390 516 391 498 127 48 276 480 119 408 243 445 290 440 455 549 209 162 273 422 356 201 
460 94 180 439 157 514 157 314 303 246 212 466 240 277 0 403 382 462 182 276 141 323 358 113 153 144 151 283 349 528 160 184 468 97 446 541 139 409 373 
186 264 94 466 426 240 548 559 126 200 338 262 321 263 440 0 434 209 481 63 378 231 232 419 245 321 52 308 221 347 183 163 214 49 205 529 487 191 468 
153 339 439 164 280 91 144 131 266 272 461 535 359 304 507 463 0 555 254 380 389 148 369 486 506 106 259 371 234 321 373 424 516 264 149 61 298 224 396 
328 350 187 96 94 538 423 340 270 560 300 220 378 446 483 508 149 0 434 209 457 448 500 416 218 293 58 404 385 186 453 416 135 94 362 70 523 52 112 
261 360 144 93 143 65 103 68 426 545 222 182 88 71 555 120 522 520 0 308 344 323 417 371 259 493 244 295 99 322 558 210 206 238 301 558 514 141 544 
378 416 542 161 72 520 427 129 317 351 472 116 430 140 408 557 244 63 125 0 165 324 366 335 408 341 414 399 106 189 220 352 397 334 51 373 435 320 498 
463 81 316 531 171 257 473 286 64 507 508 407 283 343 236 65 230 413 251 152 0 226 179 63 376 59 462 176 538 400 128 277 151 251 96 135 186 420 186 
516 501 278 385 418 353 307 431 102 472 329 372 130 440 153 446 419 144 532 455 317 0 52 490 290 181 304 269 162 107 354 95 137 100 479 493 326 423 363 
414 296 131 509 305 370 458 313 489 113 300 155 464 159 167 64 101 331 148 114 233 52 0 368 109 362 210 253 384 413 415 318 238 493 350 290 518 349 323 
407 442 171 548 190 182 523 492 81 520 224 474 296 55 505 103 484 103 235 473 336 165 468 0 194 225 83 400 338 156 346 73 290 488 177 227 207 95 134 
215 217 463 304 358 100 386 350 437 98 469 334 447 179 347 320 175 61 209 117 220 506 413 519 0 149 399 150 272 296 501 317 231 404 218 469 97 89 239 
219 151 500 244 512 529 435 183 94 55 103 250 198 419 158 116 210 241 374 104 362 401 149 55 451 0 256 507 396 141 60 288 76 69 76 406 420 551 104 
145 136 156 260 275 186 385 239 246 505 366 85 338 71 510 165 545 368 480 334 386 411 197 126 516 525 0 395 447 175 194 241 72 209 95 167 268 331 496 
342 160 175 98 148 260 536 549 452 507 278 325 62 518 333 116 222 326 334 179 109 137 131 547 295 366 528 0 183 391 343 333 404 330 450 375 108 322 381 
293 541 439 466 277 372 486 261 348 541 336 58 490 494 216 521 71 553 351 501 421 547 89 219 449 238 439 451 0 321 258 552 321 363 48 334 338 330 209 
363 398 401 551 498 181 278 300 345 334 299 509 359 309 247 272 87 367 269 291 442 487 259 538 468 449 514 555 481 0 247 451 436 134 122 80 328 217 139 
542 396 300 77 274 352 154 192 127 384 309 162 95 108 510 112 297 291 234 162 210 467 397 379 353 54 333 98 452 239 0 390 99 130 286 360 141 494 164 
183 350 318 70 305 373 182 173 54 293 444 119 325 522 550 294 213 341 204 450 429 372 312 104 125 272 68 309 85 83 385 0 133 114 329 503 97 466 89 
109 114 490 528 349 551 313 506 166 167 358 144 416 95 449 416 278 533 509 88 552 518 523 64 505 209 241 522 218 463 225 74 0 396 287 331 231 369 342 
510 162 326 413 445 468 188 377 100 310 511 342 555 455 554 48 552 296 141 208 446 293 54 361 336 330 332 484 80 171 521 117 225 0 376 497 151 543 413 
335 233 301 138 424 250 301 119 139 523 383 280 406 171 185 197 164 243 390 199 303 535 520 325 444 200 268 297 315 141 395 387 403 340 0 218 553 281 189 
283 106 163 279 59 117 300 554 414 123 183 385 306 487 220 382 448 143 141 83 127 228 225 280 472 367 187 110 144 501 145 92 498 427 96 0 418 316 301 
386 168 479 557 222 560 52 539 90 399 546 106 352 89 467 106 412 156 433 249 157 397 141 369 316 143 429 243 428 317 57 529 487 226 123 200 0 95 130 
394 143 476 158 227 309 89 81 92 266 467 195 539 410 452 467 128 333 522 386 145 505 195 164 336 271 321 396 337 251 48 518 460 520 69 388 379 0 490 
537 555 314 273 545 224 69 115 55 327 552 283 146 109 163 402 313 377 526 331 225 442 480 203 166 190 163 364 167 409 68 75 275 261 483 438 376 293 0 

e'''[i][j]=
0 221 524 487 486 545 434 334 145 498 454 253 535 108 253 52 
557 0 307 51 131 532 277 403 219 145 427 492 153 142 285 279 
195 66 0 178 62 288 109 347 56 321 153 511 472 403 462 110 
308 265 294 0 322 349 74 150 396 259 167 200 365 378 200 522 
326 452 399 95 0 94 56 220 399 285 448 412 246 362 242 311 
189 155 520 529 402 0 148 175 244 464 119 446 148 150 462 514 
325 361 203 494 323 476 0 140 483 66 237 284 149 526 500 368 
145 394 76 172 391 75 93 0 89 362 204 547 403 161 54 548 
406 493 323 401 100 295 524 344 0 142 420 365 132 172 515 50 
396 503 538 422 457 50 475 232 0 0 424 198 277 287 428 192 
167 314 538 366 276 210 113 385 406 154 0 338 469 53 208 376 
211 51 515 278 142 554 348 451 432 511 108 0 340 261 417 430 
94 413 451 201 173 531 224 210 502 233 520 333 0 313 380 218 
365 165 293 249 272 431 225 189 261 463 262 163 403 0 398 429 
406 103 154 324 346 342 77 336 366 156 507 349 254 504 0 158 
512 487 73 509 245 375 470 355 332 489 82 549 488 435 280 0 

t'[i][j]=
0 200 31 60 87 53 91 67 139 102 138 30 89 
28 0 143 76 37 137 187 59 147 160 196 55 94 
139 175 0 28 25 85 88 25 36 162 182 159 105 
176 76 68 0 186 165 129 34 130 37 153 86 56 
54 60 146 172 0 90 50 77 199 61 89 158 105 
129 43 161 32 41 0 143 190 165 122 168 145 100 
149 32 110 111 166 195 0 137 142 198 67 187 84 
102 125 144 189 118 194 144 0 34 177 134 139 171 
55 148 116 31 200 55 163 113 0 21 32 92 110 
54 55 117 100 133 41 86 161 113 0 90 92 137 
98 153 181 28 171 85 45 66 33 46 0 197 138 
186 134 122 134 44 80 93 150 103 123 103 0 152 
41 134 29 186 74 32 167 167 161 48 83 80 0 

t''[i][j]=
0 38 157 127 97 126 26 49 164 21 152 96 117 70 160 179 97 39 196 66 79 158 162 97 65 63 56 180 173 152 104 102 24 154 132 175 79 180 64 
180 0 145 57 192 78 145 156 114 137 137 56 161 63 118 44 129 148 127 139 116 185 62 68 96 74 78 185 96 44 155 162 187 41 52 181 84 174 54 
177 41 0 140 143 144 36 195 97 169 78 117 156 185 200 174 80 161 77 186 185 95 134 25 85 172 80 107 62 96 166 20 45 41 85 132 152 139 37 
100 151 93 0 93 99 25 164 194 144 119 153 27 29 182 36 93 182 77 63 67 43 30 116 128 105 115 129 180 116 88 155 153 110 100 150 69 59 82 
34 145 111 73 0 91 145 166 21 35 94 116 140 99 97 180 58 88 62 126 155 90 141 96 26 174 89 123 115 186 183 44 134 146 115 89 30 62 145 
175 178 30 102 147 0 73 46 144 157 160 42 179 36 184 80 26 100 31 85 23 89 67 74 195 65 135 178 140 45 103 159 47 196 64 173 95 94 195 
102 184 123 31 59 189 0 104 158 196 29 139 46 24 121 133 48 194 111 92 121 167 70 196 101 51 109 63 167 159 134 26 114 90 62 131 102 157 174 
30 65 185 141 46 132 83 0 105 192 127 103 145 104 150 80 130 113 138 112 94 80 136 80 171 82 88 166 97 67 78 73 117 96 44 135 194 196 187 
67 168 65 182 117 106 166 102 0 180 22 55 56 35 192 199 140 188 168 71 131 80 22 41 69 199 96 70 115 133 162 101 57 173 147 60 31 172 114 
161 79 29 70 64 156 22 61 47 0 167 52 135 63 181 130 51 62 64 131 51 117 180 130 130 194 93 93 97 111 179 168 197 149 176 70 154 22 159 
101 52 42 143 152 163 20 165 126 186 0 197 29 87 139 105 50 180 173 181 68 92 96 97 68 35 144 165 90 58 74 77 125 120 148 105 110 72 139 
88 134 181 63 129 99 23 142 47 91 185 0 59 92 30 98 110 157 146 80 69 30 94 149 137 101 86 66 199 36 85 31 52 104 25 28 81 95 154 
178 137 195 70 84 57 198 45 55 60 52 94 0 69 150 106 179 99 164 48 162 66 47 130 43 98 85 83 59 95 74 37 191 63 140 95 122 50 56 
145 53 63 171 176 176 38 39 48 80 156 97 124 0 64 49 68 147 188 117 200 185 78 177 73 28 105 55 61 22 25 126 65 142 87 70 143 24 39 
49 174 85 58 181 93 146 168 30 143 142 180 155 150 0 144 139 92 198 127 97 28 166 28 61 28 152 45 153 97 198 157 123 200 181 157 139 84 94 
97 114 189 163 169 32 37 114 82 135 52 66 119 21 103 0 72 166 145 78 24 153 77 158 97 176 79 44 34 132 87 95 94 166 126 106 92 174 43 
172 108 59 65 83 95 108 161 46 24 60 186 37 123 158 182 0 145 38 103 69 149 31 63 35 44 74 176 97 75 40 174 161 22 115 104 145 46 45 
138 84 34 151 135 177 112 99 69 57 26 112 193 115 84 127 78 0 167 63 86 127 56 177 179 121 47 121 160 147 37 148 138 124 40 143 91 85 170 
164 161 154 50 182 27 132 60 45 33 62 166 127 161 170 72 92 189 0 50 162 87 131 54 90 91 197 181 139 50 99 94 83 66 198 20 58 92 157 
26 69 148 125 91 178 167 44 20 44 84 89 184 143 142 156 57 107 172 0 148 51 158 138 168 196 41 151 122 122 100 90 89 104 190 130 170 181 20 
44 159 80 71 132 185 59 83 64 73 149 124 33 145 23 59 154 151 110 76 0 160 191 37 53 52 98 164 43 127 93 71 187 175 33 68 93 60 186 
167 156 114 150 118 102 51 143 172 138 39 142 113 133 198 74 191 175 191 93 63 0 48 147 155 139 114 198 47 198 187 92 97 156 130 126 96 79 110 
46 111 74 45 87 33 84 52 65 165 147 114 125 200 94 142 180 172 146 151 138 128 0 105 65 175 123 185 36 110 121 193 153 61 192 190 83 178 65 
104 151 53 179 50 199 60 45 145 32 90 181 170 173 168 101 73 154 124 98 55 135 135 0 26 30 140 53 136 135 44 180 99 129 150 194 82 60 114 
40 171 72 110 160 113 134 28 84 81 56 186 34 69 164 73 29 111 122 84 158 113 76 73 0 198 176 97 99 121 173 155 83 113 167 47 39 75 32 
122 54 71 178 44 159 165 92 56 77 184 86 37 147 160 65 48 38 195 171 152 105 69 38 132 0 184 139 183 21 93 135 139 138 182 61 57 143 162 
91 159 146 35 69 111 180 195 176 53 117 185 108 42 155 157 104 97 66 133 121 73 133 104 77 134 0 141 137 132 105 157 70 93 166 44 155 131 123 
54 34 88 158 24 151 101 172 30 145 43 78 117 126 124 64 95 76 93 21 100 28 92 58 82 191 174 0 56 74 115 151 42 78 199 129 128 92 174 
66 117 110 25 85 147 108 72 166 27 151 183 58 48 108 28 74 146 164 139 138 138 84 150 30 166 187 135 0 136 87 200 84 160 32 166 38 68 116 
23 76 181 156 125 188 34 122 189 157 171 108 133 67 45 44 80 152 107 161 85 151 76 93 108 143 53 134 149 0 194 93 200 26 90 156 94 120 93 
160 70 77 145 187 182 198 44 68 26 111 186 138 124 96 53 190 26 146 152 81 79 64 51 104 150 78 79 45 93 0 103 90 63 168 196 40 187 133 
33 68 45 66 105 42 191 64 182 56 107 32 31 161 83 130 188 121 127 133 96 185 29 147 166 44 114 88 181 80 195 0 80 94 152 135 150 75 98 
49 31 160 137 33 180 148 180 51 108 91 57 36 90 44 26 130 116 134 179 155 100 61 45 27 76 57 27 38 68 73 68 0 62 110 61 174 107 102 
197 46 57 166 29 162 162 152 68 97 26 52 95 74 54 81 136 122 78 151 30 140 62 177 144 139 27 24 200 144 115 160 106 0 189 129 68 200 60 
172 75 146 185 115 137 103 163 50 165 44 196 167 61 194 88 126 98 110 69 77 37 93 145 94 161 124 85 199 176 69 178 168 92 0 97 24 168 30 
82 136 178 41 195 89 174 109 83 157 176 121 165 109 101 77 73 23 175 68 55 161 64 197 81 101 67 78 171 148 67 160 184 130 63 0 165 79 154 
141 172 181 41 64 32 20 175 47 35 183 156 81 163 113 181 193 180 161 150 158 43 126 138 93 47 41 178 109 49 112 91 28 29 43 105 0 144 65 
35 42 92 105 76 170 53 124 136 29 115 83 161 165 114 96 97 65 86 101 31 163 104 188 96 156 105 99 174 162 33 178 72 165 114 73 62 0 143 
130 40 182 68 161 104 33 146 186 199 111 166 200 49 155 34 68 164 142 174 167 91 81 155 99 86 130 89 73 195 96 62 89 116 32 106 23 84 0 

t'''[i][j]=
0 42 137 72 99 82 126 49 130 118 95 161 55 141 180 161 
82 0 36 95 96 142 173 101 34 171 159 60 193 21 174 61 
30 63 0 114 79 194 101 65 111 48 72 153 101 198 68 109 
166 78 161 0 172 186 165 59 23 188 138 33 113 131 20 39 
109 30 167 83 0 163 196 75 194 47 22 54 173 42 86 36 
138 76 140 22 89 0 135 156 74 106 120 104 130 93 41 197 
160 199 27 41 155 69 0 130 175 75 64 83 30 125 142 199 
194 122 195 56 102 153 33 0 128 128 100 104 107 85 62 33 
128 182 78 72 23 37 93 157 0 188 57 23 35 100 147 31 
25 73 62 190 159 127 107 23 188 0 85 180 71 91 153 102 
183 147 50 46 122 33 164 114 142 25 0 104 122 72 50 52 
20 195 66 196 133 187 132 101 197 46 164 0 102 165 144 174 
136 131 174 108 31 62 56 110 122 168 25 150 0 151 163 26 
172 88 29 53 46 118 40 194 97 48 145 107 186 0 39 116 
177 71 134 39 186 88 161 34 54 112 54 195 174 77 0 27 
156 120 49 99 131 45 102 181 172 170 165 156 161 131 118 0 

d''[i][k]=
0 0 0 0 0 0 0 0 0 0 6 0 
0 0 0 0 0 0 0 0 0 0 6 0 
0 0 0 0 0 0 0 0 0 0 7 0 
0 0 0 0 0 0 0 0 0 2 4 0 
0 0 0 0 0 0 0 0 3 4 0 0 
0 0 0 0 0 0 0 0 7 0 0 0 
0 0 0 0 0 0 0 0 5 0 0 0 
0 0 0 0 0 0 0 0 5 0 0 0 
0 0 0 0 0 0 0 5 1 0 0 0 
0 0 0 0 0 0 0 5 0 0 0 0 
0 0 0 0 0 0 13 0 0 0 0 0 
0 0 0 0 0 0 6 0 0 0 0 0 
0 0 0 0 0 7 1 0 0 0 0 0 
0 0 0 0 0 5 0 0 0 0 0 0 
0 0 0 0 0 7 0 0 0 0 0 0 
0 0 0 0 1 5 0 0 0 0 0 0 
0 0 0 0 7 0 0 0 0 0 0 0 
0 0 0 0 5 0 0 0 0 0 0 0 
0 0 0 0 5 0 0 0 0 0 0 0 
0 0 0 0 7 0 0 0 0 0 0 0 
0 0 3 0 3 0 0 0 0 0 0 0 
0 0 6 0 0 0 0 0 0 0 0 0 
0 1 5 0 0 0 0 0 0 0 0 0 
0 7 0 0 0 0 0 0 0 0 0 0 
0 5 0 0 0 0 0 0 0 0 0 0 
0 5 0 0 0 0 0 0 0 0 0 0 
1 4 0 0 0 0 0 0 0 0 0 0 
8 0 0 0 0 0 0 0 0 0 0 0 
0 0 4 2 0 0 0 0 0 0 0 0 
0 0 0 7 0 0 0 0 0 0 0 0 
0 0 0 0 0 0 7 0 0 0 0 0 
0 0 0 0 0 0 0 7 0 0 0 0 
0 0 0 0 0 0 0 5 0 0 0 0 
0 0 0 0 0 0 0 5 0 0 0 0 
0 0 0 0 0 0 0 0 0 0 0 6 
0 0 0 0 0 0 0 0 0 0 0 9 
0 0 0 0 0 0 0 0 0 0 6 0 
0 0 0 0 0 0 0 0 0 0 0 5 

r''[i][k]=
0 0 0 0 0 0 0 0 0 0 2.16 0 
0 0 0 0 0 0 0 0 0 0 1.86 0 
0 0 0 0 0 0 0 0 0 0 3.01 0 
0 0 0 0 0 0 0 0 0 0.06 2.8 0 
0 0 0 0 0 0 0 0 0.21 2.64 0 0 
0 0 0 0 0 0 0 0 0.84 0 0 0 
0 0 0 0 0 0 0 0 0.4 0 0 0 
0 0 0 0 0 0 0 0 1.5 0 0 0 
0 0 0 0 0 0 0 0.6 0.72 0 0 0 
0 0 0 0 0 0 0 1.95 0 0 0 0 
0 0 0 0 0 0 0.65 0 0 0 0 0 
0 0 0 0 0 0 1.08 0 0 0 0 0 
0 0 0 0 0 0.84 0.29 0 0 0 0 0 
0 0 0 0 0 1.15 0 0 0 0 0 0 
0 0 0 0 0 0.28 0 0 0 0 0 0 
0 0 0 0 0.34 1.1 0 0 0 0 0 0 
0 0 0 0 4.27 0 0 0 0 0 0 0 
0 0 0 0 1.05 0 0 0 0 0 0 0 
0 0 0 0 0.15 0 0 0 0 0 0 0 
0 0 0 0 0.84 0 0 0 0 0 0 0 
0 0 0.63 0 1.74 0 0 0 0 0 0 0 
0 0 2.04 0 0 0 0 0 0 0 0 0 
0 0.53 1.3 0 0 0 0 0 0 0 0 0 
0 0 0 0 0 0 0 0 0 0 0 0 
0 1.1 0 0 0 0 0 0 0 0 0 0 
0 0.75 0 0 0 0 0 0 0 0 0 0 
0.06 3.52 0 0 0 0 0 0 0 0 0 0 
0.88 0 0 0 0 0 0 0 0 0 0 0 
0 0 2.2 0.04 0 0 0 0 0 0 0 0 
0 0 0 2.38 0 0 0 0 0 0 0 0 
0 0 0 0 0 0 4.48 0 0 0 0 0 
0 0 0 0 0 0 0 2.8 0 0 0 0 
0 0 0 0 0 0 0 0.2 0 0 0 0 
0 0 0 0 0 0 0 0.95 0 0 0 0 
0 0 0 0 0 0 0 0 0 0 0 2.7 
0 0 0 0 0 0 0 0 0 0 0 6.75 
0 0 0 0 0 0 0 0 0 0 1.2 0 
0 0 0 0 0 0 0 0 0 0 0 0.65 

p[k]=
0.03 0 0.01 0.01 0.04 0.04 0.04 0.01 0.01 0.03 0.02 0.02 

d'''[i][k]=
0 0 0 0 0 0 0 0 0 0 10 20 
0 0 0 0 0 0 0 0 5 6 19 0 
0 0 0 0 0 0 0 14 16 0 0 0 
0 0 0 0 0 0 0 5 0 0 0 0 
0 0 0 0 0 0 0 5 0 0 0 0 
0 0 0 0 0 0 2 3 0 0 0 0 
0 0 0 0 0 0 5 0 0 0 0 0 
0 0 0 0 0 0 5 0 0 0 0 0 
0 0 0 0 0 0 5 0 0 0 0 0 
0 0 0 0 0 0 5 0 0 0 0 0 
0 0 0 0 0 0 5 0 0 0 0 0 
0 0 0 0 0 20 0 0 0 0 0 0 
0 0 0 0 26 4 0 0 0 0 0 0 
0 1 18 9 2 0 0 0 0 0 0 0 
9 21 0 0 0 0 0 0 0 0 0 0 

r'''[i][k]=
0 0 0 0 0 0 0 0 0 0 0.4 6.6 
0 0 0 0 0 0 0 0 0.05 0 2.47 0 
0 0 0 0 0 0 0 6.3 5.6 0 0 0 
0 0 0 0 0 0 0 1 0 0 0 0 
0 0 0 0 0 0 0 0 0 0 0 0 
0 0 0 0 0 0 0.46 1.2 0 0 0 0 
0 0 0 0 0 0 2.95 0 0 0 0 0 
0 0 0 0 0 0 0.35 0 0 0 0 0 
0 0 0 0 0 0 0.95 0 0 0 0 0 
0 0 0 0 0 0 0.8 0 0 0 0 0 
0 0 0 0 0 0 0.6 0 0 0 0 0 
0 0 0 0 0 2 0 0 0 0 0 0 
0 0 0 0 16.38 0.4 0 0 0 0 0 0 
0 0.15 1.26 1.53 0.3 0 0 0 0 0 0 0 
0.72 9.87 0 0 0 0 0 0 0 0 0 0 
