|S|=12
|R|=38
|O|=15
|V|=30
q=150
c=1
Tmax=960
H=1000

e'[i][j]=
0 503 159 221 463 324 257 552 48 409 458 75 131 
460 0 510 122 370 428 127 440 202 66 369 284 177 
421 184 0 510 216 386 125 415 74 342 87 467 421 
298 186 84 0 384 57 166 301 327 298 219 214 180 
218 240 166 458 0 471 107 254 379 381 249 281 366 
323 502 183 75 381 0 433 274 287 182 323 50 375 
279 457 537 322 419 237 0 345 211 415 427 380 348 
326 274 229 485 286 67 477 0 248 391 103 407 71 
548 393 175 128 98 465 437 330 0 360 111 418 233 
92 280 491 386 551 551 370 137 348 0 265 548 220 
93 297 151 247 509 197 100 448 279 338 0 265 544 
380 491 425 304 345 503 314 109 183 90 283 0 210 
257 140 188 122 388 449 358 104 132 270 420 413 0 

e''[i][j]=
0 195 384 81 414 215 554 328 118 368 54 199 530 282 188 410 320 361 463 487 102 453 280 491 488 356 217 412 76 403 199 64 438 182 139 401 204 142 244 
220 0 539 59 204 60 356 179 253 268 522 264 380 471 548 370 539 363 185 86 109 541 155 382 137 290 309 117 417 456 480 319 201 179 285 410 439 137 458 
150 349 0 526 405 369 411 68 560 511 398 554 368 80 403 242 232 196 97 155 427 233 346 417 307 453 157 414 315 539 324 249 297 312 53 411 308 275 380 
510 296 344 0 298 490 388 548 60 534 84 415 243 554 319 250 416 48 413 458 194 529 257 380 452 297 153 321 452 317 78 57 190 75 261 192 327 284 382 
340 481 251 470 0 323 559 318 106 287 133 211 487 118 126 90 369 104 112 142 410 338 77 462 161 457 158 117 333 359 116 99 422 309 54 176 525 532 208 
339 333 322 139 324 0 432 479 289 139 363 93 466 437 381 216 420 484 179 476 268 216 163 333 236 91 115 98 93 309 506 155 371 337 356 191 471 441 412 
185 520 83 124 253 353 0 251 50 257 121 391 407 494 333 541 217 420 314 211 444 467 83 282 267 282 77 368 70 331 153 94 160 396 202 435 253 453 179 
555 539 226 404 413 221 538 0 501 284 106 301 364 299 223 377 223 287 423 297 141 417 175 225 457 447 315 346 556 180 327 161 129 116 475 448 235 307 528 
368 371 525 126 174 244 499 234 0 160 174 162 441 231 427 232 551 187 436 372 384 67 498 319 536 289 330 351 152 515 254 120 419 155 497 244 483 487 487 
449 451 438 238 441 230 429 339 376 0 445 494 338 100 540 203 76 286 51 137 365 193 249 433 428 368 317 418 420 398 521 82 389 219 420 335 319 455 455 
539 435 293 450 462 77 232 54 221 116 0 365 307 557 540 557 279 491 340 488 73 49 215 478 95 166 237 300 237 194 509 94 474 55 137 297 181 384 527 
505 80 74 430 346 112 364 255 94 317 357 0 177 449 223 374 545 265 76 325 415 116 280 234 168 548 231 506 353 272 442 324 441 106 156 84 300 131 278 
419 328 104 268 509 273 90 547 67 191 178 107 0 428 417 240 466 331 223 223 332 418 434 157 373 497 93 325 474 168 69 156 419 508 66 292 439 76 167 
204 202 533 357 458 381 240 301 64 95 197 229 362 0 266 158 130 190 226 61 560 359 452 188 490 85 451 92 122 558 184 431 141 467 165 393 365 493 466 
330 55 60 209 349 241 93 422 437 314 418 379 196 446 0 461 95 121 343 411 296 558 182 353 359 508 186 144 324 335 182 354 489 271 374 537 49 76 107 
273 367 62 168 127 466 212 284 342 534 397 407 288 484 155 0 424 403 554 489 349 436 381 350 463 438 495 300 376 448 455 550 343 317 127 432 326 209 208 
213 240 531 98 325 560 477 116 293 173 113 394 236 182 555 316 0 229 80 433 439 220 311 81 405 444 112 326 404 385 474 192 506 151 490 172 481 112 367 
509 489 515 320 501 50 541 321 129 550 345 362 352 531 359 146 346 0 477 74 121 507 345 72 73 548 500 74 283 475 268 559 479 49 400 63 509 454 197 
243 311 371 361 89 122 390 363 79 460 312 157 108 549 350 209 416 119 0 536 212 392 273 210 361 353 553 332 380 67 231 82 382 49 262 367 481 528 211 
112 339 514 507 171 110 451 334 511 156 386 325 453 104 86 444 155 365 301 0 480 158 87 456 544 349 60 322 458 148 388 196 535 91 366 156 238 58 538 
52 166 433 401 364 150 209 227 535 355 289 307 124 220 413 465 360 188 323 347 0 329 462 307 476 168 482 457 366 506 278 532 134 537 55 112 147 415 90 
523 198 309 461 390 308 310 223 354 284 109 455 181 138 343 447 152 268 74 216 118 0 158 236 113 357 150 512 502 246 201 222 524 201 359 409 421 424 140 
226 106 215 448 191 129 296 498 78 293 311 191 366 128 335 543 465 350 77 303 470 180 0 94 94 138 352 178 470 299 456 194 413 204 251 538 484 502 438 
449 332 257 449 184 203 554 181 54 524 201 188 456 226 186 292 165 253 65 438 160 141 476 0 367 404 220 541 141 122 515 275 186 90 228 125 454 505 109 
60 191 380 343 464 425 357 133 120 324 496 300 295 312 205 305 100 228 532 145 131 351 419 335 0 416 67 411 132 69 85 559 331 140 341 179 211 100 508 
189 515 341 521 440 474 441 553 315 411 278 291 107 336 371 112 53 163 202 324 151 450 79 219 337 0 490 316 341 467 219 136 110 539 515 134 458 511 373 
466 531 234 147 544 302 422 322 307 149 436 115 452 101 322 453 217 198 412 479 73 214 93 243 518 475 0 521 212 371 270 124 422 308 352 151 138 191 128 
64 124 187 377 214 177 211 148 516 559 96 389 496 431 132 472 482 127 497 527 50 478 74 426 362 516 415 0 150 401 355 137 508 409 360 383 320 398 340 
521 396 63 358 558 302 451 528 263 233 189 401 471 119 266 242 421 449 549 326 230 170 537 133 216 261 74 149 0 418 91 386 253 418 243 89 425 416 464 
91 150 441 171 152 194 420 357 468 194 325 105 97 80 362 217 428 363 434 505 181 536 262 233 64 239 170 470 443 0 250 347 313 374 529 488 361 154 401 
281 328 247 473 51 422 121 73 152 509 488 520 388 387 190 213 126 106 437 538 48 287 421 253 185 366 234 513 446 219 0 79 294 82 372 256 258 560 399 
352 308 544 541 272 76 395 205 48 122 258 243 305 355 66 420 509 556 258 329 204 390 73 493 278 261 497 431 348 386 550 0 250 432 147 247 488 417 337 
82 416 179 97 270 388 529 196 318 132 56 177 381 161 468 109 189 526 79 214 369 510 155 198 83 189 407 150 311 462 263 101 0 347 366 460 164 492 189 
310 446 81 422 290 161 330 256 236 231 195 204 301 97 411 535 179 228 194 328 245 106 147 431 534 246 495 104 421 105 293 256 425 0 48 157 147 396 93 
487 85 535 380 88 319 231 232 136 142 58 369 161 212 176 347 487 401 87 64 439 119 171 247 360 94 458 543 245 55 72 151 195 413 0 496 399 553 216 
495 404 523 250 506 226 272 103 340 535 494 509 253 135 229 218 278 416 276 69 152 185 210 64 261 494 180 136 92 357 200 314 322 491 436 0 362 78 238 
498 233 486 67 409 390 311 158 107 212 183 549 286 392 490 237 319 178 89 145 252 528 310 295 111 280 545 465 523 194 435 476 198 461 49 323 0 56 59 
66 526 440 222 143 152 510 52 346 271 247 384 506 193 489 48 378 212 280 302 479 419 173 94 473 361 360 257 534 558 457 293 236 449 144 532 379 0 367 
557 457 471 483 289 86 322 209 317 342 448 300 432 198 388 512 423 204 199 518 300 130 480 403 139 184 267 527 451 116 544 152 117 302 355 289 159 90 0 

e'''[i][j]=
0 229 473 170 557 469 287 345 504 86 264 542 287 389 438 190 
521 0 556 59 463 371 435 484 232 270 230 300 299 423 175 532 
385 348 0 292 560 322 424 190 465 542 93 359 457 372 71 109 
150 413 131 0 141 84 213 358 176 48 81 330 295 186 470 361 
553 384 395 242 0 509 552 344 306 456 293 427 504 61 165 329 
325 287 547 221 517 0 76 234 441 394 368 172 488 107 112 203 
542 162 494 468 358 77 0 123 156 142 308 491 511 345 492 246 
176 409 296 215 419 272 373 0 183 449 145 92 504 508 91 434 
166 132 54 320 149 85 543 49 0 243 538 420 539 488 50 167 
533 329 559 234 472 508 356 91 0 0 270 473 232 183 360 310 
248 109 192 115 316 122 547 428 499 106 0 231 535 175 276 233 
319 148 139 352 283 388 266 463 431 238 429 0 58 289 168 192 
412 389 258 251 88 268 309 540 514 181 331 61 0 517 101 127 
53 118 290 83 393 431 498 515 355 441 471 181 472 0 370 91 
402 433 547 178 558 102 280 447 271 238 490 278 543 165 0 359 
280 113 102 260 194 531 399 73 444 85 399 382 103 266 178 0 

t'[i][j]=
0 93 117 61 125 117 181 121 72 138 163 56 31 
117 0 63 124 137 92 106 184 175 62 134 118 35 
106 31 0 82 144 117 116 162 62 57 71 49 25 
122 33 110 0 34 79 120 183 154 87 56 157 191 
192 64 83 159 0 138 107 48 165 35 66 34 197 
169 153 53 188 103 0 124 190 106 99 121 98 151 
146 24 137 62 137 45 0 81 181 26 25 164 26 
49 25 25 134 33 187 129 0 105 158 193 82 105 
179 24 44 160 147 45 152 62 0 193 187 189 168 
188 55 33 67 200 81 55 26 91 0 120 49 187 
64 174 83 151 84 181 40 119 152 144 0 192 34 
145 158 170 188 151 26 155 25 130 34 67 0 153 
36 121 126 168 135 162 179 73 54 196 159 197 0 

t''[i][j]=
0 39 87 151 189 83 173 104 51 114 80 188 133 37 192 148 32 38 52 174 98 177 118 81 75 90 60 60 123 101 54 63 85 78 54 63 48 94 193 
40 0 76 22 123 25 33 132 181 57 65 56 38 59 184 102 114 186 44 20 30 27 113 125 42 23 43 200 160 43 138 38 185 104 199 69 164 73 21 
157 101 0 185 33 97 36 190 65 190 124 57 77 195 75 23 73 40 166 185 168 31 73 93 196 192 162 28 154 156 38 43 135 73 167 21 135 128 37 
21 138 54 0 141 195 96 93 197 188 177 140 199 174 153 183 85 135 115 172 29 89 66 81 25 149 89 89 176 103 34 198 141 103 195 115 192 144 43 
169 89 47 102 0 79 197 189 123 150 130 148 181 43 35 42 115 107 144 172 142 102 46 26 81 200 176 188 32 31 128 101 75 144 84 136 34 83 181 
164 112 133 31 34 0 25 129 164 113 91 165 200 131 38 120 145 25 108 84 117 189 149 113 176 198 191 102 30 155 94 166 148 80 63 136 20 142 32 
192 156 38 139 103 196 0 123 136 192 111 159 192 128 133 90 37 175 191 81 46 148 129 102 131 193 109 77 80 99 34 140 63 57 168 162 54 50 125 
69 105 128 56 161 36 122 0 181 106 32 97 179 62 123 20 38 31 51 133 185 200 151 122 111 136 121 196 191 131 27 21 26 134 119 32 136 142 153 
173 61 25 168 52 53 179 24 0 45 185 163 165 90 184 55 59 44 105 54 149 190 158 178 43 194 187 148 56 101 170 140 161 169 63 189 72 119 63 
197 170 135 165 43 38 106 94 33 0 113 192 153 101 145 182 162 144 196 123 74 43 25 61 183 176 129 70 114 192 66 42 73 126 166 165 139 70 150 
158 114 84 175 188 185 43 184 133 68 0 196 154 108 175 198 177 31 121 119 120 58 43 30 63 180 60 172 81 62 64 94 137 165 34 143 143 31 126 
81 108 52 81 33 60 94 85 54 38 191 0 26 73 195 37 170 124 197 52 158 81 102 115 43 34 76 41 141 196 153 152 23 189 127 65 118 157 45 
69 20 123 169 93 122 22 131 102 119 198 26 0 121 95 190 51 138 77 154 56 191 172 181 95 34 23 75 103 68 174 98 71 49 29 114 142 159 145 
182 81 47 138 43 168 105 67 48 68 80 53 180 0 114 139 129 103 168 189 66 123 113 100 39 44 85 68 96 119 134 28 55 190 130 164 47 84 38 
59 145 147 67 193 35 163 77 59 188 39 161 66 122 0 191 167 65 115 21 180 162 158 69 21 37 200 43 146 176 163 58 151 53 131 109 190 157 114 
46 166 41 130 24 113 120 200 184 78 168 126 76 39 108 0 126 145 139 49 54 119 148 37 28 154 154 174 52 77 102 76 21 37 97 86 44 60 185 
55 91 191 182 195 162 37 51 139 150 127 82 86 155 151 88 0 186 107 174 94 157 76 44 125 180 101 57 164 114 31 154 189 127 117 180 82 182 62 
129 104 168 116 34 118 93 89 88 137 178 176 64 46 109 181 166 0 93 25 147 94 184 39 125 179 73 186 82 40 178 90 138 74 60 73 158 161 44 
26 188 149 46 136 193 63 97 179 116 180 199 165 59 108 60 66 117 0 98 181 85 32 163 104 41 167 149 20 192 70 44 93 127 142 33 162 104 169 
188 192 89 179 120 140 136 186 138 160 128 192 163 84 85 119 193 153 184 0 101 36 71 84 109 135 187 46 90 41 176 49 34 127 23 178 193 135 179 
62 131 51 56 145 129 171 68 96 122 176 53 127 63 200 122 185 72 63 41 0 119 141 154 62 187 58 53 28 65 26 172 200 53 59 125 95 67 192 
70 118 139 198 77 175 122 113 42 140 110 29 175 58 64 40 103 150 157 54 169 0 148 78 102 144 110 73 80 92 31 159 194 182 199 49 165 183 98 
122 165 185 86 120 97 100 75 114 174 106 90 21 160 118 144 116 69 71 59 103 55 0 68 62 99 36 67 144 75 196 170 96 29 161 92 65 47 20 
40 116 146 198 169 169 161 60 94 148 98 155 105 188 150 105 147 147 34 26 157 82 142 0 134 100 163 83 158 84 42 22 200 117 164 116 110 91 197 
134 20 72 48 111 33 35 46 106 183 98 139 41 38 198 169 44 176 152 86 50 60 72 195 0 68 164 128 65 95 98 131 107 66 134 135 164 64 38 
67 42 130 35 159 70 163 52 138 84 126 171 88 147 184 178 42 191 63 41 23 32 185 49 137 0 81 45 167 180 163 126 110 135 92 177 158 159 117 
96 98 154 23 90 150 127 71 33 161 26 78 49 65 103 51 108 91 200 145 126 54 54 193 63 126 0 178 62 136 62 20 43 29 191 127 132 93 153 
37 46 136 193 196 190 199 140 111 24 166 23 54 66 130 41 52 21 165 109 106 178 107 103 63 178 129 0 127 47 190 70 118 46 167 72 192 118 113 
111 40 51 35 126 128 154 142 137 139 126 180 81 84 85 111 74 199 52 59 78 199 123 28 103 165 101 144 0 78 107 40 154 67 74 110 121 151 178 
61 149 137 176 24 189 134 170 162 183 34 100 126 37 186 78 122 45 157 157 139 141 158 200 186 51 156 50 194 0 84 145 109 81 99 127 160 109 39 
185 76 91 47 42 169 91 142 139 44 74 38 139 61 115 107 136 128 158 141 188 186 33 111 39 49 138 56 22 108 0 29 122 131 189 49 122 106 157 
97 93 155 62 57 159 168 21 149 129 129 88 192 192 174 95 76 34 126 77 75 43 54 158 37 125 176 155 28 27 107 0 109 113 194 174 63 158 130 
94 65 113 80 155 154 186 151 35 44 192 77 186 22 132 62 100 104 95 49 36 172 169 39 29 21 80 113 170 149 111 28 0 146 82 21 81 28 142 
194 159 90 141 56 59 139 156 98 27 113 124 30 128 53 104 150 106 75 114 90 36 156 189 118 29 85 66 153 200 135 154 168 0 146 192 160 184 52 
66 50 32 197 84 112 116 24 93 41 49 153 191 138 64 27 122 49 195 83 119 71 72 100 189 27 186 100 57 138 102 197 65 61 0 40 144 30 121 
188 190 147 78 83 156 65 127 72 182 158 159 120 195 160 48 146 182 148 189 92 129 25 51 81 126 86 61 158 193 170 114 168 59 188 0 144 148 197 
82 65 129 111 183 200 53 153 130 67 133 183 140 36 66 195 71 96 103 95 43 94 153 197 21 125 162 135 175 156 23 156 158 155 33 83 0 52 38 
139 30 110 34 27 139 94 81 86 35 122 135 44 196 103 88 66 127 109 155 57 91 24 38 102 68 195 51 79 70 118 184 30 77 146 195 151 0 120 
25 37 114 75 141 47 59 146 173 169 44 165 151 93 110 29 181 111 119 85 93 77 180 39 123 120 125 184 161 191 113 124 116 33 147 94 164 60 0 

t'''[i][j]=
0 55 111 107 179 44 24 122 157 21 113 102 117 71 146 76 
53 0 134 101 152 100 195 93 178 43 61 174 174 171 59 37 
64 43 0 59 30 21 63 20 144 171 49 189 171 117 149 141 
195 195 48 0 75 108 192 92 170 125 184 146 131 118 176 55 
107 142 74 172 0 21 58 132 81 159 113 99 149 86 151 191 
28 191 155 57 172 0 54 62 39 156 22 36 88 21 109 62 
109 86 24 200 45 97 0 158 112 142 107 59 176 44 62 73 
169 92 37 148 133 133 80 0 81 198 37 175 136 132 129 174 
70 178 73 114 111 200 27 30 0 42 44 49 145 188 143 150 
20 100 179 129 116 32 86 32 109 0 23 51 70 21 39 102 
84 87 130 80 28 111 194 28 130 143 0 26 89 183 34 89 
92 87 172 181 145 90 57 47 132 70 31 0 163 58 137 123 
30 56 54 160 179 194 179 101 141 197 179 97 0 133 150 166 
185 178 62 78 153 153 66 135 194 31 170 98 123 0 161 90 
60 186 43 173 88 109 162 103 191 91 155 46 135 163 0 114 
128 160 78 46 138 31 85 150 57 92 81 160 142 166 51 0 

d''[i][k]=
0 0 0 0 0 0 0 0 0 0 5 1 
0 0 0 0 0 0 0 0 0 0 6 0 
0 0 0 0 0 0 0 0 0 3 2 0 
0 0 0 0 0 0 0 0 0 6 0 0 
0 0 0 0 0 0 0 0 6 0 0 0 
0 0 0 0 0 0 2 0 4 0 0 0 
0 0 0 0 0 0 5 0 0 0 0 0 
0 0 0 0 0 0 5 0 0 0 0 0 
0 0 0 0 0 0 5 0 0 0 0 0 
0 0 0 0 0 4 1 0 0 0 0 0 
0 0 0 0 0 5 0 0 0 0 0 0 
0 0 0 0 0 5 0 0 0 0 0 0 
0 0 0 0 0 6 0 0 0 0 0 0 
0 0 0 0 3 6 0 0 0 0 0 0 
0 0 0 0 5 0 0 0 0 0 0 0 
0 0 0 4 1 0 0 0 0 0 0 0 
0 0 0 7 0 0 0 0 0 0 0 0 
0 0 0 5 0 0 0 0 0 0 0 0 
0 0 8 0 0 0 0 0 0 0 0 0 
0 3 2 0 0 0 0 0 0 0 0 0 
0 6 0 0 0 0 0 0 0 0 0 0 
0 5 0 0 0 0 0 0 0 0 0 0 
0 5 0 0 0 0 0 0 0 0 0 0 
0 6 0 0 0 0 0 0 0 0 0 0 
3 3 0 0 0 0 0 0 0 0 0 0 
6 0 0 0 0 0 0 0 0 0 0 0 
5 0 0 0 0 0 0 0 0 0 0 0 
6 0 0 0 0 0 0 0 0 0 0 0 
0 0 0 5 0 0 0 0 0 0 0 0 
0 0 5 0 0 0 0 0 0 0 0 0 
0 0 0 5 0 0 0 0 0 0 0 0 
0 0 4 1 0 0 0 0 0 0 0 0 
0 0 0 0 0 0 0 5 0 0 0 0 
0 0 0 0 0 0 0 5 0 0 0 0 
0 0 0 0 0 0 2 5 0 0 0 0 
0 0 0 0 0 0 0 0 0 0 0 5 
0 0 0 0 0 0 0 0 0 0 0 6 
0 0 0 0 0 0 0 0 0 0 0 6 

r''[i][k]=
0 0 0 0 0 0 0 0 0 0 0 0.2 
0 0 0 0 0 0 0 0 0 0 2.04 0 
0 0 0 0 0 0 0 0 0 0.33 0.46 0 
0 0 0 0 0 0 0 0 0 2.52 0 0 
0 0 0 0 0 0 0 0 3.12 0 0 0 
0 0 0 0 0 0 0.36 0 1.04 0 0 0 
0 0 0 0 0 0 0.2 0 0 0 0 0 
0 0 0 0 0 0 1.2 0 0 0 0 0 
0 0 0 0 0 0 2.35 0 0 0 0 0 
0 0 0 0 0 0.16 0.2 0 0 0 0 0 
0 0 0 0 0 0.05 0 0 0 0 0 0 
0 0 0 0 0 0.2 0 0 0 0 0 0 
0 0 0 0 0 1.8 0 0 0 0 0 0 
0 0 0 0 0.81 0.3 0 0 0 0 0 0 
0 0 0 0 1.2 0 0 0 0 0 0 0 
0 0 0 0 0.31 0 0 0 0 0 0 0 
0 0 0 1.33 0 0 0 0 0 0 0 0 
0 0 0 0.8 0 0 0 0 0 0 0 0 
0 0 4.48 0 0 0 0 0 0 0 0 0 
0 0.27 0.22 0 0 0 0 0 0 0 0 0 
0 2.1 0 0 0 0 0 0 0 0 0 0 
0 0.45 0 0 0 0 0 0 0 0 0 0 
0 1.3 0 0 0 0 0 0 0 0 0 0 
0 0.06 0 0 0 0 0 0 0 0 0 0 
0.75 0.12 0 0 0 0 0 0 0 0 0 0 
3.12 0 0 0 0 0 0 0 0 0 0 0 
0.25 0 0 0 0 0 0 0 0 0 0 0 
0.78 0 0 0 0 0 0 0 0 0 0 0 
0 0 0 0.15 0 0 0 0 0 0 0 0 
0 0 1.4 0 0 0 0 0 0 0 0 0 
0 0 0 2.3 0 0 0 0 0 0 0 0 
0 0 0.48 0.42 0 0 0 0 0 0 0 0 
0 0 0 0 0 0 0 0.75 0 0 0 0 
0 0 0 0 0 0 0 3.15 0 0 0 0 
0 0 0 0 0 0 0.02 0.4 0 0 0 0 
0 0 0 0 0 0 0 0 0 0 0 2 
0 0 0 0 0 0 0 0 0 0 0 2.04 
0 0 0 0 0 0 0 0 0 0 0 1.14 

p[k]=
0.02 0.03 0.02 0.02 0.05 0.01 0.02 0.01 0.04 0.03 0.03 0.04 

d'''[i][k]=
0 0 0 0 0 0 0 0 0 0 12 18 
0 0 0 0 0 0 0 0 0 4 1 0 
0 0 0 0 0 0 0 0 0 5 0 0 
0 0 0 0 0 0 0 0 5 0 0 0 
0 0 0 0 0 0 0 0 5 0 0 0 
0 0 0 0 0 0 0 5 0 0 0 0 
0 0 0 0 0 0 0 5 0 0 0 0 
0 0 0 0 0 0 0 5 0 0 0 0 
0 0 0 0 0 0 5 0 0 0 0 0 
0 0 0 0 0 0 5 0 0 0 0 0 
0 0 0 0 0 9 10 0 0 0 0 0 
0 0 0 4 9 17 0 0 0 0 0 0 
0 0 7 23 0 0 0 0 0 0 0 0 
0 18 12 0 0 0 0 0 0 0 0 0 
20 10 0 0 0 0 0 0 0 0 0 0 

r'''[i][k]=
0 0 0 0 0 0 0 0 0 0 7.08 0.54 
0 0 0 0 0 0 0 0 0 0.4 0.52 0 
0 0 0 0 0 0 0 0 0 2.45 0 0 
0 0 0 0 0 0 0 0 0 0 0 0 
0 0 0 0 0 0 0 0 0.6 0 0 0 
0 0 0 0 0 0 0 0.3 0 0 0 0 
0 0 0 0 0 0 0 0.2 0 0 0 0 
0 0 0 0 0 0 0 0.3 0 0 0 0 
0 0 0 0 0 0 0.6 0 0 0 0 0 
0 0 0 0 0 0 1 0 0 0 0 0 
0 0 0 0 0 0.27 3.7 0 0 0 0 0 
0 0 0 1.96 3.15 2.55 0 0 0 0 0 0 
0 0 0.28 5.98 0 0 0 0 0 0 0 0 
0 6.3 3.36 0 0 0 0 0 0 0 0 0 
5 1.7 0 0 0 0 0 0 0 0 0 0 
