|S|=7
|R|=23
|O|=10
|V|=20
q=150
c=1
Tmax=960
H=1000

e'[i][j]=
0 298 178 415 272 404 446 293 
204 0 363 71 415 137 124 187 
149 275 0 65 183 279 165 386 
173 336 416 0 282 144 70 104 
156 458 169 249 0 220 268 172 
91 353 319 430 388 0 330 459 
465 368 206 475 366 363 0 83 
448 183 118 160 350 445 159 0 

e''[i][j]=
0 304 239 65 158 340 291 52 333 73 178 76 175 432 469 183 199 213 294 277 102 179 245 91 
136 0 88 356 313 92 414 398 216 60 246 333 360 66 473 294 79 71 315 269 92 478 215 380 
189 228 0 204 450 66 205 288 216 401 450 72 63 180 155 127 165 437 220 76 93 129 52 414 
104 107 171 0 93 195 82 200 265 313 111 202 176 374 389 125 110 159 302 253 339 73 92 375 
234 99 442 242 0 168 364 124 292 422 478 331 414 290 431 460 332 287 276 436 252 50 439 227 
335 467 430 469 170 0 73 71 418 398 244 417 465 111 106 426 393 386 409 287 66 396 134 262 
217 248 182 102 442 78 0 260 132 129 95 387 236 197 210 291 283 233 219 366 123 127 198 48 
291 339 169 356 159 385 212 0 159 125 364 65 133 162 332 85 451 286 371 333 105 479 404 312 
404 453 451 51 164 374 384 476 0 168 132 260 422 182 116 176 398 381 154 202 63 129 313 55 
101 76 373 249 262 132 282 289 128 0 339 272 460 232 64 419 424 184 245 258 151 259 76 448 
442 127 137 115 205 328 402 205 91 240 0 166 210 193 415 241 100 370 390 444 314 243 399 324 
415 287 411 78 289 309 184 106 69 357 384 0 165 50 178 456 292 191 409 293 476 420 308 465 
374 100 480 60 60 401 53 79 243 326 151 209 0 255 428 250 296 236 256 170 233 478 210 197 
89 345 147 416 313 194 164 207 198 417 264 365 213 0 267 342 388 79 376 455 171 170 311 302 
142 48 51 222 448 208 122 223 270 480 266 406 115 416 0 360 350 125 103 50 323 59 398 352 
356 224 390 341 266 293 448 234 257 86 118 349 475 342 229 0 313 173 285 85 413 449 143 199 
108 79 59 118 162 380 140 464 349 172 477 153 50 384 260 199 0 133 198 349 284 82 104 447 
62 281 252 61 429 56 282 274 233 361 314 349 272 52 220 384 391 0 369 108 422 124 125 433 
103 143 263 135 89 157 231 112 193 136 108 263 374 104 150 213 349 298 0 434 345 363 268 431 
180 114 348 329 300 246 225 155 435 479 55 330 92 405 437 152 440 478 457 0 389 220 109 313 
240 256 90 457 67 214 144 450 124 354 151 266 143 90 120 392 415 308 198 125 0 400 210 117 
334 377 341 160 443 205 466 187 275 165 127 333 274 313 363 150 416 453 445 335 127 0 165 385 
280 411 439 308 318 316 58 100 177 372 324 269 356 428 309 480 303 281 122 204 366 480 0 402 
116 56 176 265 315 62 190 114 364 470 180 93 274 320 159 287 71 72 258 405 356 121 160 0 

e'''[i][j]=
0 419 142 276 322 114 339 454 357 366 140 
362 0 330 292 437 56 389 256 99 240 431 
128 399 0 468 416 257 442 96 396 120 426 
166 142 165 0 246 312 398 145 144 95 216 
169 444 416 454 0 146 134 446 201 375 395 
346 170 229 455 181 0 338 139 458 287 329 
454 87 344 427 188 363 0 451 270 238 196 
371 187 342 96 435 219 274 0 404 48 149 
384 219 95 380 154 58 92 265 0 189 227 
342 370 200 429 60 417 58 422 421 0 199 
203 187 461 56 346 359 450 438 155 445 0 

t'[i][j]=
0 38 56 91 82 38 55 56 
51 0 33 76 94 57 82 67 
99 63 0 64 47 24 35 95 
44 62 87 0 37 36 44 92 
32 58 46 39 0 86 70 44 
42 100 92 37 57 0 24 97 
61 32 79 85 62 79 0 36 
24 54 46 84 71 36 24 0 

t''[i][j]=
0 27 41 80 47 82 88 51 84 64 76 71 73 47 21 100 36 59 22 96 82 34 32 49 
99 0 33 73 47 96 89 49 91 95 85 68 58 77 100 54 36 74 75 41 45 75 87 93 
20 26 0 73 79 33 30 51 45 71 51 88 84 64 39 51 54 23 28 89 56 78 40 56 
20 25 98 0 93 24 60 93 39 64 87 53 33 90 60 71 55 38 98 22 23 87 62 27 
72 36 39 42 0 47 47 21 32 67 45 27 41 62 40 35 23 36 87 46 69 79 68 20 
25 47 43 55 54 0 42 97 97 85 65 47 93 78 36 95 74 39 66 57 77 66 93 70 
66 89 88 73 39 35 0 30 22 41 95 96 40 46 84 70 53 60 29 90 64 45 23 53 
31 55 59 73 33 24 55 0 99 40 65 81 34 38 35 53 62 35 57 89 21 75 43 52 
90 44 56 59 72 33 22 62 0 65 45 82 29 88 88 26 86 41 44 22 74 65 77 74 
86 46 30 30 22 33 44 54 60 0 93 25 96 71 58 97 95 30 38 65 24 29 38 65 
97 42 81 32 68 47 78 87 88 89 0 44 63 41 55 94 65 90 38 95 78 61 79 44 
71 25 92 79 29 33 80 25 39 63 64 0 72 68 38 91 94 39 44 51 61 31 65 72 
97 29 79 74 43 58 55 30 65 67 76 52 0 22 47 93 54 75 25 52 79 29 99 79 
99 80 77 33 87 39 42 45 83 22 84 83 37 0 22 29 79 56 76 58 54 41 43 70 
91 35 35 91 29 47 35 78 68 76 88 92 90 88 0 79 55 86 95 68 50 40 93 98 
60 69 61 52 43 96 60 44 80 69 91 39 55 96 24 0 36 30 96 76 83 69 64 78 
66 93 67 83 30 67 33 79 43 20 39 58 100 67 32 96 0 84 85 65 65 47 56 71 
36 71 78 38 98 79 61 36 45 44 70 38 64 68 53 50 42 0 94 49 60 21 60 35 
40 78 50 71 78 29 28 69 66 22 58 100 94 68 30 21 23 72 0 21 93 84 85 37 
95 78 51 49 89 57 61 95 61 31 72 95 80 83 72 70 89 77 30 0 42 94 36 97 
85 98 31 59 67 24 25 33 57 44 99 46 50 85 97 87 58 32 22 28 0 66 91 63 
73 72 34 64 45 82 49 66 96 87 51 22 69 43 87 93 42 46 63 22 74 0 79 44 
85 91 71 94 38 34 46 31 72 34 90 82 80 28 97 64 22 41 29 59 23 96 0 20 
45 77 56 35 24 45 82 57 82 98 63 64 51 26 36 25 62 42 60 53 39 98 27 0 

t'''[i][j]=
0 88 51 89 28 90 73 97 63 87 20 
48 0 63 94 54 94 66 79 46 29 38 
62 44 0 62 56 86 68 23 100 61 69 
32 43 45 0 61 20 63 79 92 90 68 
81 64 40 40 0 60 95 97 98 94 27 
45 24 41 85 56 0 43 50 49 29 98 
54 77 73 93 85 97 0 27 47 82 70 
63 91 89 30 28 79 30 0 64 99 43 
20 45 26 47 97 37 54 40 0 75 59 
99 22 94 57 43 39 58 56 28 0 24 
65 46 82 36 35 56 68 28 88 84 0 

d''[i][k]=
0 0 0 0 0 3 2 
0 0 0 0 3 2 0 
0 0 0 0 5 0 0 
0 0 0 0 5 0 0 
0 0 0 3 2 0 0 
0 0 0 5 0 0 0 
0 0 0 5 0 0 0 
0 0 0 5 0 0 0 
0 0 5 1 0 0 0 
0 0 5 0 0 0 0 
0 0 5 0 0 0 0 
0 1 4 0 0 0 0 
0 5 0 0 0 0 0 
0 5 0 0 0 0 0 
0 5 0 0 0 0 0 
4 1 0 0 0 0 0 
5 0 0 0 0 0 0 
5 0 0 0 0 0 0 
5 0 0 0 0 0 0 
0 0 0 0 0 0 5 
0 0 0 0 0 5 0 
0 0 0 0 0 0 5 
0 0 0 0 0 0 5 

r''[i][k]=
0 0 0 0 0 0.03 0.24 
0 0 0 0 1.35 0.86 0 
0 0 0 0 0.8 0 0 
0 0 0 0 0.1 0 0 
0 0 0 1.56 1.7 0 0 
0 0 0 2 0 0 0 
0 0 0 0.6 0 0 0 
0 0 0 0.75 0 0 0 
0 0 1.3 0.41 0 0 0 
0 0 0.45 0 0 0 0 
0 0 0.85 0 0 0 0 
0 0.28 2.04 0 0 0 0 
0 1.5 0 0 0 0 0 
0 0.3 0 0 0 0 0 
0 2.05 0 0 0 0 0 
0.08 0.2 0 0 0 0 0 
0.55 0 0 0 0 0 0 
0.1 0 0 0 0 0 0 
4.45 0 0 0 0 0 0 
0 0 0 0 0 0 1.4 
0 0 0 0 0 0.3 0 
0 0 0 0 0 0 1.3 
0 0 0 0 0 0 0.35 

p[k]=
0.02 0.03 0.01 0.04 0.03 0.03 0.02 

d'''[i][k]=
0 0 0 0 0 3 17 
0 0 0 0 13 7 0 
0 0 0 3 2 0 0 
0 0 0 5 0 0 0 
0 0 0 5 0 0 0 
0 0 0 5 0 0 0 
0 0 4 1 0 0 0 
0 0 11 0 0 0 0 
0 16 4 0 0 0 0 
19 1 0 0 0 0 0 

r'''[i][k]=
0 0 0 0 0 0.06 1.36 
0 0 0 0 0.13 0.49 0 
0 0 0 0.78 0.12 0 0 
0 0 0 2 0 0 0 
0 0 0 0.7 0 0 0 
0 0 0 1.45 0 0 0 
0 0 0 0.39 0 0 0 
0 0 0.33 0 0 0 0 
0 2.72 0.28 0 0 0 0 
7.22 0.39 0 0 0 0 0 
