|S|=12
|R|=38
|O|=15
|V|=30
q=150
c=1
Tmax=960
H=1000

e'[i][j]=
0 367 131 251 141 500 435 356 395 375 172 445 491 
97 0 160 533 74 250 186 265 285 437 384 109 201 
506 527 0 388 229 412 552 171 112 202 434 549 246 
257 213 238 0 140 403 399 289 108 222 419 211 100 
222 406 367 179 0 325 175 172 355 406 436 49 75 
155 548 358 54 539 0 95 498 366 119 288 227 124 
375 72 481 169 460 524 0 513 431 113 342 142 248 
185 260 187 80 162 467 255 0 169 234 255 464 152 
334 333 514 59 388 546 497 158 0 268 325 400 421 
546 75 449 282 136 196 383 471 169 0 316 94 517 
158 455 53 109 331 320 539 86 88 209 0 219 477 
141 325 547 291 155 301 424 491 249 230 340 0 234 
481 216 405 77 218 453 385 474 177 454 518 365 0 

e''[i][j]=
0 238 267 263 207 519 380 554 485 175 369 172 110 56 160 427 533 478 161 558 262 209 156 435 325 311 132 304 518 466 549 138 331 394 231 54 560 136 325 
432 0 132 388 271 469 401 533 361 464 124 255 540 194 556 219 105 446 470 225 249 489 476 466 51 210 210 536 189 315 503 321 494 361 364 366 321 513 99 
263 505 0 432 93 218 428 279 274 429 501 94 131 160 73 173 478 444 475 512 492 352 215 446 279 262 83 371 177 337 521 407 428 66 302 220 341 230 270 
366 261 204 0 553 414 207 472 431 362 418 307 106 281 199 557 498 227 338 248 108 344 361 200 386 415 395 298 75 198 157 201 186 323 253 209 236 322 125 
96 454 341 513 0 449 439 222 244 515 474 490 504 382 314 469 507 446 326 326 413 101 180 491 222 255 510 203 216 112 459 511 556 53 236 158 346 177 471 
62 316 65 290 274 0 371 469 150 280 457 323 476 149 519 115 492 351 238 271 468 432 60 51 324 103 437 276 520 339 349 172 450 439 105 110 175 121 550 
157 110 481 331 94 90 0 186 90 161 170 142 108 185 270 538 291 384 332 82 193 255 242 459 391 293 287 85 397 208 153 374 481 210 179 525 553 533 204 
363 134 281 376 372 407 297 0 511 399 268 525 512 209 360 343 486 62 353 98 367 380 519 85 101 236 364 469 285 447 224 171 411 75 284 539 221 491 164 
438 202 324 359 554 482 311 316 0 396 204 244 465 379 116 269 538 335 419 156 492 447 198 361 526 219 526 399 488 278 142 57 343 105 551 73 404 212 169 
303 283 395 129 511 442 383 216 273 0 155 124 78 452 296 541 266 406 190 150 511 195 522 278 365 515 500 302 235 386 400 507 58 226 472 79 359 533 518 
338 514 223 285 410 285 199 535 506 421 0 60 290 309 452 544 465 86 54 129 524 415 312 316 340 467 474 403 170 211 349 97 204 519 68 337 263 493 178 
130 437 263 235 153 71 519 156 174 264 527 0 451 433 377 375 225 306 473 538 442 553 300 92 435 481 100 270 182 417 547 242 133 264 467 55 219 227 274 
156 72 162 306 406 71 83 327 354 522 331 368 0 411 501 152 195 276 102 559 174 348 57 62 518 549 408 499 171 300 560 532 555 228 287 190 106 332 426 
440 227 226 106 55 172 412 248 432 360 74 115 109 0 143 299 80 436 258 98 171 99 501 387 206 196 80 382 93 256 341 546 83 454 249 87 151 441 133 
334 273 292 77 159 174 239 214 298 326 203 468 495 300 0 145 224 442 152 396 327 339 268 424 68 368 220 429 416 281 500 315 368 93 327 335 126 263 56 
550 351 447 127 95 234 178 362 309 191 392 484 354 223 306 0 148 323 62 145 352 450 98 213 544 137 335 296 320 50 444 340 364 557 300 368 491 292 405 
95 118 501 445 108 108 328 343 549 453 178 371 226 444 70 184 0 354 193 404 194 480 132 125 514 484 487 193 235 157 153 511 250 366 368 480 260 142 383 
372 427 434 63 517 552 546 308 277 412 246 258 145 402 163 428 557 0 117 180 491 103 388 214 332 255 196 300 218 556 402 484 466 545 529 332 396 133 500 
435 344 196 102 504 253 284 331 373 349 392 507 459 210 183 133 381 157 0 327 285 517 341 252 523 161 289 182 460 416 138 330 353 380 333 151 461 549 109 
354 129 237 305 558 121 273 439 325 446 509 476 372 535 520 137 516 66 52 0 464 132 129 114 128 318 420 398 80 455 353 357 233 410 124 405 316 158 411 
442 149 317 490 501 444 521 373 361 313 259 195 474 464 472 453 497 358 473 400 0 521 321 299 275 552 493 466 512 414 365 535 232 404 469 129 186 318 379 
85 164 403 116 203 444 488 520 294 551 462 417 94 112 83 300 60 166 238 189 493 0 224 297 551 164 159 128 108 117 406 402 281 238 63 533 339 129 241 
77 437 496 65 478 270 467 414 50 110 62 538 149 435 360 77 497 281 108 100 134 451 0 262 315 285 510 479 476 513 550 351 273 252 444 282 429 354 48 
87 480 92 446 433 309 104 107 385 542 340 185 229 231 82 454 145 319 423 144 57 444 175 0 509 452 393 60 384 52 541 277 168 151 192 319 125 560 531 
146 82 247 201 262 357 125 89 168 105 63 550 497 473 499 505 476 136 85 131 409 425 262 514 0 554 218 479 185 104 510 299 282 124 77 482 114 147 323 
221 94 378 232 114 396 497 295 292 51 377 314 166 160 287 518 245 288 215 148 450 454 162 109 237 0 429 359 257 65 116 508 242 108 174 84 511 473 119 
301 439 185 560 107 244 91 392 403 408 306 85 529 520 338 63 258 475 189 370 410 220 520 497 119 154 0 557 142 511 464 366 257 194 380 103 465 98 476 
517 192 391 354 166 119 538 59 158 191 54 392 188 456 457 188 372 302 269 178 185 543 121 359 235 327 123 0 187 271 474 69 78 297 220 266 368 432 132 
461 285 127 365 75 423 428 129 383 230 115 555 243 374 454 399 430 108 557 407 338 161 279 184 437 366 89 399 0 407 52 300 256 446 383 269 497 354 543 
484 217 262 515 559 408 520 97 487 484 481 382 80 232 81 539 193 82 377 215 497 56 536 258 230 329 536 523 119 0 152 368 365 476 74 549 270 234 267 
405 360 385 173 287 166 83 560 140 520 92 532 292 395 392 109 391 371 397 341 82 134 247 537 169 284 312 225 306 201 0 426 66 251 309 540 447 474 259 
504 90 144 109 196 497 279 475 120 423 408 529 156 92 200 539 555 445 185 423 232 328 526 194 135 340 449 407 299 229 147 0 83 215 342 68 157 194 355 
218 558 375 455 201 385 175 160 544 215 355 216 460 215 422 285 223 94 271 212 450 339 481 377 458 550 107 365 329 205 94 71 0 440 522 457 503 104 265 
441 90 418 192 357 380 162 197 426 381 508 539 520 493 125 197 242 286 92 356 558 550 507 380 227 194 275 243 553 303 65 436 390 0 525 179 241 528 311 
58 106 464 200 182 250 174 278 306 397 68 48 153 490 229 204 116 94 376 306 471 347 114 434 109 533 329 62 82 161 194 286 136 282 0 70 533 366 431 
514 545 154 211 249 160 80 179 532 300 484 189 267 483 255 361 64 159 60 201 54 213 331 110 517 141 60 357 528 333 282 216 452 447 256 0 341 353 484 
318 138 558 510 481 99 488 262 360 531 182 257 58 414 375 556 197 54 75 295 260 229 124 103 239 288 156 523 449 521 292 408 94 297 265 162 0 287 241 
265 347 425 526 530 350 114 178 296 483 531 148 525 95 208 49 357 85 75 401 394 392 251 413 367 244 560 101 269 404 212 265 559 544 483 55 96 0 508 
317 466 507 471 191 123 187 515 268 66 311 517 353 428 340 439 544 544 174 73 209 377 511 491 61 296 155 469 251 85 327 346 253 455 540 501 354 173 0 

e'''[i][j]=
0 418 139 439 552 514 402 197 340 524 299 178 556 355 193 306 
410 0 240 421 509 476 560 174 384 287 209 491 175 331 558 66 
316 416 0 308 313 465 389 442 246 115 278 324 388 202 130 226 
316 63 237 0 298 420 447 373 86 280 232 449 90 340 544 203 
139 285 559 389 0 228 496 411 115 441 393 513 522 457 369 402 
518 452 531 342 109 0 427 471 329 309 373 73 535 503 292 401 
519 327 332 486 453 119 0 301 320 115 521 263 258 452 428 242 
485 194 50 203 445 154 227 0 538 392 255 299 244 300 108 461 
262 381 243 257 430 342 421 555 0 503 229 319 401 100 450 437 
368 404 163 123 346 123 296 86 0 0 476 66 71 308 526 187 
367 555 123 60 510 201 162 244 272 156 0 379 348 222 412 291 
300 329 467 446 161 243 428 460 276 138 286 0 529 96 350 520 
58 535 381 326 242 378 102 77 547 234 446 167 0 108 189 88 
528 509 530 398 344 389 268 245 314 411 240 555 100 0 522 375 
465 496 439 60 477 384 327 381 441 539 285 279 536 241 0 270 
97 189 122 83 325 353 284 542 388 214 486 286 352 469 517 0 

t'[i][j]=
0 78 78 152 62 192 74 88 131 110 93 98 160 
106 0 132 85 50 58 75 156 197 148 37 31 60 
125 167 0 145 81 188 54 68 105 181 159 185 123 
170 94 50 0 129 198 92 83 133 156 151 132 74 
90 142 47 84 0 131 188 60 86 186 68 189 146 
45 168 99 135 43 0 60 57 134 113 30 77 163 
108 25 48 78 105 58 0 120 154 139 148 29 31 
25 74 161 131 78 84 120 0 193 129 167 115 63 
122 78 107 145 129 122 54 56 0 137 187 200 49 
80 148 105 67 88 75 133 114 64 0 43 146 144 
61 21 44 135 60 98 89 58 97 137 0 119 25 
165 45 84 113 118 185 57 185 93 165 102 0 96 
118 178 110 163 126 77 135 78 143 50 96 178 0 

t''[i][j]=
0 23 78 45 128 150 80 86 82 73 39 84 169 44 150 102 74 178 167 177 110 131 74 135 143 43 64 165 109 26 141 22 75 23 154 128 65 22 127 
180 0 38 153 39 26 86 30 93 138 65 105 155 124 146 112 194 77 157 150 67 80 53 184 160 116 92 131 191 123 189 143 89 173 177 157 58 27 129 
122 63 0 183 78 74 170 184 166 36 30 43 32 120 76 187 25 102 69 107 37 55 161 108 43 123 53 136 20 74 89 171 169 156 117 20 129 136 113 
108 34 84 0 101 35 191 123 179 59 68 54 85 46 183 190 137 180 26 119 132 137 175 130 102 106 77 53 119 24 135 127 154 44 158 138 164 66 123 
80 176 188 25 0 47 138 27 104 85 68 48 118 115 22 38 47 49 191 198 88 121 87 41 108 153 33 184 143 79 175 171 41 142 163 28 106 73 108 
44 71 51 110 38 0 31 28 76 79 83 51 178 196 167 167 185 20 112 57 84 127 132 80 21 29 63 51 189 192 75 35 160 52 44 91 151 28 169 
189 139 198 162 127 128 0 21 121 23 183 130 144 64 89 180 89 36 44 95 144 48 100 29 150 190 51 63 128 51 74 28 33 190 197 34 61 192 189 
139 32 194 128 86 77 199 0 56 96 70 156 73 20 82 129 113 121 140 96 196 27 184 24 113 114 195 100 57 192 137 56 147 115 33 53 175 38 55 
35 28 141 135 20 30 182 119 0 93 121 36 36 193 168 58 191 125 29 43 111 97 56 190 152 40 160 67 106 193 92 28 179 131 85 122 120 193 172 
179 158 58 132 92 30 118 40 151 0 86 92 124 198 121 192 144 99 143 90 167 169 52 70 101 71 37 176 93 133 89 135 160 119 162 163 73 64 176 
60 43 141 43 184 115 118 186 70 193 0 191 136 74 193 29 192 29 69 155 157 78 136 93 67 37 177 190 159 126 77 198 30 103 189 102 116 73 39 
163 119 198 154 149 30 98 86 32 156 172 0 187 115 29 151 82 41 78 195 51 195 93 175 100 122 62 67 101 178 37 199 136 175 20 101 69 58 49 
106 88 48 87 93 169 120 90 58 80 91 42 0 53 30 20 173 116 163 100 154 51 61 130 73 171 116 104 122 58 192 148 117 132 20 139 127 189 21 
144 45 184 117 112 88 175 151 46 184 116 138 111 0 66 179 69 73 122 110 94 51 91 156 86 98 171 108 161 46 69 158 169 47 97 147 60 44 113 
51 54 116 106 88 80 66 68 53 109 74 152 123 138 0 48 51 141 48 62 77 29 34 115 149 26 144 156 30 153 155 116 36 169 113 57 90 173 131 
95 167 76 90 144 143 82 93 162 33 148 27 151 198 136 0 52 92 174 129 169 69 111 67 29 66 168 83 60 72 98 105 70 56 159 129 47 70 36 
73 60 90 38 127 28 94 129 187 111 187 68 123 125 200 67 0 173 180 44 32 154 150 176 197 42 164 45 79 37 131 148 193 52 72 140 144 49 28 
72 159 27 149 117 38 44 131 168 36 142 91 40 26 94 123 151 0 56 49 146 152 92 66 164 174 20 185 99 189 185 29 99 141 108 74 189 76 135 
50 44 115 66 99 24 160 179 105 80 190 96 57 106 105 22 188 58 0 29 84 63 137 172 112 63 80 175 27 20 24 58 56 115 175 32 139 51 189 
117 52 147 140 93 53 153 72 34 63 101 135 75 136 162 170 68 28 145 0 66 20 173 33 128 163 160 37 120 93 181 40 84 174 32 116 35 193 156 
50 35 146 26 184 27 45 113 45 191 180 188 21 21 185 49 182 24 74 62 0 123 28 168 100 143 118 185 78 169 68 22 142 81 39 24 48 131 132 
37 118 51 144 68 81 106 110 159 106 140 133 131 191 108 191 134 33 159 198 128 0 187 153 158 172 39 123 128 24 179 157 26 22 49 156 174 96 198 
95 73 32 120 142 62 47 132 104 199 142 78 181 76 95 27 52 198 30 125 58 82 0 123 85 31 74 126 167 144 120 62 47 127 137 37 21 107 186 
110 150 167 98 117 168 137 167 169 121 178 104 100 179 141 164 101 199 170 65 50 57 33 0 135 99 112 35 111 63 34 179 111 188 173 155 112 22 186 
127 128 195 192 99 138 123 192 180 64 108 74 50 26 77 191 158 119 157 148 159 92 64 126 0 104 99 93 162 87 90 117 107 142 200 100 107 185 160 
199 25 126 84 145 26 106 96 55 124 141 36 169 65 166 37 92 150 123 147 46 21 42 171 53 0 102 200 150 100 144 90 112 75 150 92 69 100 119 
181 189 88 176 114 170 138 74 38 152 188 164 109 22 197 42 46 140 95 82 119 90 136 157 69 119 0 127 174 157 127 25 144 88 163 143 160 29 99 
131 166 120 113 74 160 101 193 22 99 128 118 128 23 178 132 156 32 107 175 159 46 126 109 148 41 92 0 106 112 99 140 75 97 110 151 32 199 60 
132 116 117 130 156 122 75 41 135 151 197 68 107 72 147 97 61 35 197 164 156 176 33 71 51 154 48 159 0 108 38 99 184 47 98 93 99 156 44 
188 184 85 186 155 168 166 105 84 20 51 92 149 70 132 119 102 158 93 117 46 20 116 163 199 76 113 64 30 0 99 126 110 186 94 192 70 64 110 
112 108 148 163 166 95 91 112 171 75 78 117 55 30 139 144 149 25 126 159 98 146 52 123 98 112 107 153 53 130 0 143 100 110 132 93 86 151 181 
47 115 53 50 123 24 172 33 191 131 23 20 140 164 187 75 44 53 28 182 135 89 118 72 38 35 38 183 47 133 196 0 107 126 142 77 54 109 82 
192 93 129 194 181 115 170 90 162 154 146 104 47 168 183 198 30 55 40 64 23 195 103 185 65 95 34 78 59 29 72 63 0 183 118 116 71 87 94 
24 26 100 162 133 63 113 123 102 196 35 67 112 93 159 143 65 33 47 74 92 169 74 64 153 78 125 152 159 198 165 97 154 0 198 79 29 152 65 
77 158 32 124 112 162 142 186 190 113 133 74 158 188 53 183 55 56 158 141 77 72 183 43 21 49 87 79 41 175 154 73 32 139 0 96 60 183 111 
107 105 193 81 101 168 65 92 85 116 95 35 44 190 69 120 72 43 133 46 35 189 95 114 57 82 67 91 117 26 130 149 166 199 21 0 61 109 22 
72 131 164 77 197 118 33 51 184 75 111 121 172 111 39 84 85 121 119 154 190 110 157 61 96 29 161 132 20 182 173 195 72 82 152 199 0 90 69 
34 123 99 28 25 197 48 199 195 150 64 142 80 47 53 196 112 42 97 114 171 115 108 109 121 129 71 142 92 189 143 186 190 114 25 34 183 0 33 
161 86 97 140 52 100 36 68 165 180 86 48 153 144 53 56 166 144 95 138 185 38 48 130 93 173 29 67 27 33 99 45 143 175 87 77 100 118 0 

t'''[i][j]=
0 135 28 39 196 56 140 153 53 47 57 22 196 110 161 132 
188 0 164 187 74 175 102 38 176 132 61 200 194 100 162 93 
156 45 0 56 99 47 172 54 194 147 37 148 174 161 48 101 
173 107 57 0 22 116 77 171 79 56 68 152 157 110 124 165 
172 110 117 101 0 71 108 189 125 158 139 143 115 133 176 112 
152 107 95 39 27 0 196 171 151 132 65 75 140 180 198 69 
58 63 113 129 92 29 0 113 185 116 99 66 64 78 86 142 
152 130 121 175 111 145 21 0 190 38 96 22 95 157 192 124 
26 108 140 157 49 38 200 98 0 95 152 115 22 30 93 132 
66 47 67 146 52 158 45 54 32 0 32 191 130 68 32 148 
36 84 114 88 24 112 131 85 116 36 0 62 40 167 116 42 
172 168 171 139 145 131 111 69 39 131 172 0 22 83 44 102 
133 73 168 140 89 106 24 170 84 37 66 136 0 132 140 75 
191 160 131 72 134 107 72 79 102 114 24 56 152 0 46 99 
65 56 23 67 103 119 125 181 174 22 187 73 173 76 0 198 
187 98 126 147 25 90 200 149 45 127 121 90 163 51 105 0 

d''[i][k]=
0 0 0 0 0 0 0 0 0 0 5 0 
0 0 0 0 0 0 0 0 0 2 3 0 
0 0 0 0 0 0 0 0 0 5 0 0 
0 0 0 0 0 0 0 0 0 7 0 0 
0 0 0 0 0 0 0 0 0 5 0 0 
0 0 0 0 0 0 0 0 0 8 0 0 
0 0 0 0 0 0 0 0 9 0 0 0 
0 0 0 0 0 0 6 0 0 0 0 0 
0 0 0 0 0 5 2 0 0 0 0 0 
0 0 0 0 0 6 0 0 0 0 0 0 
0 0 0 0 0 5 0 0 0 0 0 0 
0 0 0 0 0 8 0 0 0 0 0 0 
0 0 0 0 4 2 0 0 0 0 0 0 
0 0 0 0 8 0 0 0 0 0 0 0 
0 0 0 0 7 0 0 0 0 0 0 0 
0 0 0 0 6 0 0 0 0 0 0 0 
0 0 0 1 4 0 0 0 0 0 0 0 
0 0 0 6 0 0 0 0 0 0 0 0 
0 0 0 8 0 0 0 0 0 0 0 0 
0 0 0 7 0 0 0 0 0 0 0 0 
0 1 3 2 0 0 0 0 0 0 0 0 
0 6 0 0 0 0 0 0 0 0 0 0 
0 5 0 0 0 0 0 0 0 0 0 0 
0 5 0 0 0 0 0 0 0 0 0 0 
4 3 0 0 0 0 0 0 0 0 0 0 
5 0 0 0 0 0 0 0 0 0 0 0 
7 0 0 0 0 0 0 0 0 0 0 0 
6 0 0 0 0 0 0 0 0 0 0 0 
0 0 7 0 0 0 0 0 0 0 0 0 
0 0 8 0 0 0 0 0 0 0 0 0 
0 0 0 6 0 0 0 0 0 0 0 0 
0 0 0 0 0 0 0 5 0 0 0 0 
0 0 0 0 0 0 1 5 0 0 0 0 
0 0 0 0 0 0 7 0 0 0 0 0 
0 0 0 0 0 0 4 0 0 0 0 2 
0 0 0 0 0 0 0 0 0 0 0 6 
0 0 0 0 0 0 0 0 0 0 1 6 
0 0 0 0 0 0 0 0 0 0 5 0 

r''[i][k]=
0 0 0 0 0 0 0 0 0 0 3.25 0 
0 0 0 0 0 0 0 0 0 1.5 0.15 0 
0 0 0 0 0 0 0 0 0 0.85 0 0 
0 0 0 0 0 0 0 0 0 0 0 0 
0 0 0 0 0 0 0 0 0 0.35 0 0 
0 0 0 0 0 0 0 0 0 3.04 0 0 
0 0 0 0 0 0 0 0 0.54 0 0 0 
0 0 0 0 0 0 0.54 0 0 0 0 0 
0 0 0 0 0 0.7 0.56 0 0 0 0 0 
0 0 0 0 0 2.22 0 0 0 0 0 0 
0 0 0 0 0 4.5 0 0 0 0 0 0 
0 0 0 0 0 0.4 0 0 0 0 0 0 
0 0 0 0 0.2 0.7 0 0 0 0 0 0 
0 0 0 0 3.76 0 0 0 0 0 0 0 
0 0 0 0 1.47 0 0 0 0 0 0 0 
0 0 0 0 0.12 0 0 0 0 0 0 0 
0 0 0 0.03 0.64 0 0 0 0 0 0 0 
0 0 0 1.86 0 0 0 0 0 0 0 0 
0 0 0 5.04 0 0 0 0 0 0 0 0 
0 0 0 0.49 0 0 0 0 0 0 0 0 
0 0.1 1.32 0.4 0 0 0 0 0 0 0 0 
0 0.18 0 0 0 0 0 0 0 0 0 0 
0 2.2 0 0 0 0 0 0 0 0 0 0 
0 0.9 0 0 0 0 0 0 0 0 0 0 
1 0.66 0 0 0 0 0 0 0 0 0 0 
2 0 0 0 0 0 0 0 0 0 0 0 
0.21 0 0 0 0 0 0 0 0 0 0 0 
0.84 0 0 0 0 0 0 0 0 0 0 0 
0 0 2.94 0 0 0 0 0 0 0 0 0 
0 0 1.92 0 0 0 0 0 0 0 0 0 
0 0 0 0.24 0 0 0 0 0 0 0 0 
0 0 0 0 0 0 0 1.25 0 0 0 0 
0 0 0 0 0 0 0.57 0.6 0 0 0 0 
0 0 0 0 0 0 1.12 0 0 0 0 0 
0 0 0 0 0 0 0.12 0 0 0 0 0.62 
0 0 0 0 0 0 0 0 0 0 0 0.3 
0 0 0 0 0 0 0 0 0 0 0.28 1.8 
0 0 0 0 0 0 0 0 0 0 1.75 0 

p[k]=
0.02 0.05 0.03 0.05 0.04 0.04 0.03 0 0.02 0.02 0.02 0.04 

d'''[i][k]=
0 0 0 0 0 0 0 0 0 2 14 14 
0 0 0 0 0 0 0 0 5 25 0 0 
0 0 0 0 0 0 0 1 4 0 0 0 
0 0 0 0 0 0 0 5 0 0 0 0 
0 0 0 0 0 0 1 4 0 0 0 0 
0 0 0 0 0 0 5 0 0 0 0 0 
0 0 0 0 0 0 5 0 0 0 0 0 
0 0 0 0 0 0 5 0 0 0 0 0 
0 0 0 0 0 1 4 0 0 0 0 0 
0 0 0 0 0 5 0 0 0 0 0 0 
0 0 0 0 0 19 0 0 0 0 0 0 
0 0 0 0 29 1 0 0 0 0 0 0 
0 0 0 30 0 0 0 0 0 0 0 0 
0 12 18 0 0 0 0 0 0 0 0 0 
22 8 0 0 0 0 0 0 0 0 0 0 

r'''[i][k]=
0 0 0 0 0 0 0 0 0 0.38 9.38 3.92 
0 0 0 0 0 0 0 0 1.15 2.25 0 0 
0 0 0 0 0 0 0 0.46 1.16 0 0 0 
0 0 0 0 0 0 0 2.85 0 0 0 0 
0 0 0 0 0 0 0.06 1.08 0 0 0 0 
0 0 0 0 0 0 0.35 0 0 0 0 0 
0 0 0 0 0 0 0.2 0 0 0 0 0 
0 0 0 0 0 0 0.85 0 0 0 0 0 
0 0 0 0 0 0.61 0.4 0 0 0 0 0 
0 0 0 0 0 2.8 0 0 0 0 0 0 
0 0 0 0 0 2.47 0 0 0 0 0 0 
0 0 0 0 13.92 0.02 0 0 0 0 0 0 
0 0 0 18.6 0 0 0 0 0 0 0 0 
0 2.4 6.48 0 0 0 0 0 0 0 0 0 
1.54 1.92 0 0 0 0 0 0 0 0 0 0 
