|S|=12
|R|=38
|O|=15
|V|=30
q=150
c=1
Tmax=960
H=1000

e'[i][j]=
0 125 270 175 465 177 115 103 253 348 63 337 453 
491 0 369 490 155 486 69 488 415 155 467 373 355 
466 372 0 425 493 370 528 425 329 403 339 407 371 
228 91 335 0 474 184 179 359 52 171 288 131 560 
413 179 208 179 0 319 257 153 217 246 231 131 175 
321 226 331 189 183 0 383 514 307 488 490 113 128 
237 173 560 385 65 364 0 128 557 460 94 549 71 
106 129 305 313 302 534 546 0 416 505 62 313 391 
196 412 241 87 66 102 520 489 0 230 391 459 65 
127 471 243 515 79 530 532 256 435 0 105 429 192 
499 399 312 114 72 330 407 111 333 471 0 246 495 
102 509 255 243 248 345 223 273 166 222 458 0 464 
335 410 280 526 117 183 450 77 475 504 171 515 0 

e''[i][j]=
0 386 94 407 491 138 390 238 421 285 552 172 483 433 343 76 133 266 421 246 388 73 486 363 79 145 330 83 478 440 340 444 356 56 207 336 486 488 271 
326 0 538 262 120 306 234 279 336 443 53 535 180 218 92 324 175 370 130 484 231 118 432 317 433 381 513 449 391 523 261 146 346 253 483 82 361 83 376 
221 510 0 364 56 494 442 558 461 479 355 386 196 451 157 229 187 398 426 171 128 535 500 277 503 430 60 87 121 98 431 335 393 128 293 551 527 380 440 
53 423 412 0 559 204 316 369 281 222 164 365 285 63 179 548 517 156 307 319 552 355 487 212 500 427 542 420 428 475 224 423 371 110 282 118 491 489 249 
160 345 506 160 0 340 513 259 433 68 481 550 318 197 296 138 277 237 383 83 148 75 238 496 509 482 435 187 123 350 145 379 85 464 122 137 300 486 249 
260 514 504 274 336 0 463 256 220 272 88 528 497 278 240 203 280 75 272 408 488 301 359 324 327 475 368 536 277 57 540 478 277 214 339 312 188 368 539 
181 217 281 122 88 373 0 56 536 127 558 421 555 430 286 304 191 469 167 102 134 367 203 220 291 468 127 75 52 529 384 270 431 477 361 102 219 261 163 
248 423 529 76 112 321 214 0 206 237 471 388 238 473 388 364 479 287 89 291 206 481 470 481 421 328 394 258 195 466 343 388 185 545 286 168 345 517 431 
414 153 462 162 394 458 152 182 0 142 344 217 297 325 360 122 51 413 493 49 214 153 487 537 458 192 371 363 515 339 203 259 57 391 374 164 401 56 476 
433 530 553 238 278 301 217 490 437 0 246 128 458 264 411 184 68 463 363 549 65 381 522 87 515 111 262 113 371 405 461 149 208 521 89 93 377 66 554 
400 114 132 553 247 85 373 117 425 533 0 555 424 216 372 216 366 314 294 173 333 423 555 208 127 277 220 291 62 84 455 159 49 95 173 242 404 497 531 
338 505 251 225 405 110 115 268 542 207 394 0 53 484 151 232 559 288 517 115 97 61 441 273 118 511 173 268 347 352 384 437 229 519 415 341 174 234 281 
51 237 100 275 245 170 425 543 497 133 555 385 0 85 153 113 386 442 107 249 440 235 322 93 342 462 228 497 461 537 398 431 323 385 288 518 372 75 167 
417 93 358 235 107 234 498 347 159 337 398 420 365 0 85 67 497 517 258 107 95 227 357 306 76 176 90 164 432 202 498 74 274 451 450 138 63 176 155 
279 244 206 499 289 245 228 291 78 428 313 165 387 50 0 432 403 437 255 452 322 223 484 420 366 500 350 193 145 131 262 272 371 144 391 337 502 448 98 
482 245 111 188 289 537 461 296 422 372 428 458 397 517 476 0 148 399 68 202 196 322 328 68 494 400 106 300 537 275 320 435 98 321 367 357 82 323 560 
251 429 450 290 140 114 409 472 528 378 200 234 514 105 152 228 0 324 198 550 469 161 521 233 262 484 476 246 485 232 58 330 555 223 112 380 107 372 328 
193 375 298 356 162 293 185 278 475 345 494 376 519 84 189 269 157 0 522 513 144 381 512 417 322 531 275 319 165 387 171 379 163 97 189 72 245 506 92 
513 448 178 268 82 378 168 425 299 413 384 146 85 541 292 500 373 336 0 355 451 163 413 383 409 459 91 314 261 284 497 534 230 189 403 518 403 483 346 
254 166 323 146 502 356 431 286 120 487 550 134 178 128 82 130 165 68 175 0 168 517 435 543 381 373 395 282 166 334 182 335 403 297 524 332 111 117 273 
450 117 328 360 239 374 557 219 81 300 503 492 348 553 240 168 132 178 368 151 0 67 48 284 226 239 292 387 355 304 122 78 354 329 155 325 497 465 473 
537 313 143 132 300 416 471 521 114 492 503 55 352 213 414 456 67 559 307 143 455 0 144 407 48 513 405 209 340 398 66 66 342 441 394 321 531 312 222 
370 257 407 478 548 152 118 135 85 142 370 520 303 251 211 510 209 226 550 250 188 478 0 218 297 102 492 218 156 533 398 494 456 532 300 542 467 428 216 
200 518 104 202 252 165 430 455 538 326 356 190 185 71 108 306 272 466 164 523 186 420 370 0 489 449 197 350 264 191 330 277 445 491 103 527 406 260 426 
547 390 104 321 365 470 501 210 483 330 438 91 188 302 57 500 475 360 157 74 76 172 351 139 0 290 202 283 540 437 294 420 484 407 378 187 62 541 508 
207 97 109 380 420 396 143 537 230 277 98 348 381 453 418 538 101 260 179 274 360 319 410 416 176 0 411 348 141 440 327 295 501 279 191 199 269 191 471 
438 392 324 322 405 372 363 147 497 160 473 235 546 232 344 214 88 498 345 423 343 428 264 144 329 293 0 556 51 87 132 192 289 359 433 228 341 414 418 
296 243 428 274 354 540 108 281 255 144 351 513 374 295 111 126 200 238 415 526 506 128 488 209 101 330 504 0 507 55 181 218 494 155 302 437 114 413 397 
476 205 77 308 344 326 148 260 494 72 191 158 324 373 476 384 268 410 133 291 181 532 414 250 351 346 263 253 0 126 143 281 428 491 488 389 503 195 239 
168 236 316 132 517 473 105 71 332 203 206 538 218 213 366 416 272 279 410 81 236 455 375 317 217 554 285 367 181 0 130 361 285 415 280 309 489 290 63 
70 482 514 372 173 411 342 366 327 524 486 307 498 457 509 196 206 357 509 245 140 219 368 83 216 393 344 314 208 553 0 297 517 104 345 400 451 283 412 
451 265 467 514 534 123 195 230 470 98 133 516 434 110 59 390 358 180 478 402 126 95 284 487 267 390 179 528 93 498 75 0 475 401 181 293 219 502 334 
284 252 141 462 205 185 305 79 384 387 243 122 359 131 409 181 499 525 103 409 393 91 428 141 342 202 68 492 63 311 111 259 0 69 366 85 523 378 478 
541 395 260 79 74 163 142 464 170 232 214 332 386 49 173 502 216 251 236 275 187 555 172 88 240 173 91 180 236 231 208 326 504 0 553 92 112 324 333 
392 71 387 74 476 235 522 251 503 205 446 106 551 316 74 307 309 492 87 279 415 496 277 435 547 443 180 403 506 181 481 335 107 534 0 318 442 473 303 
133 496 132 390 529 535 143 287 374 148 321 496 359 69 358 176 79 270 397 52 523 122 465 453 110 59 261 465 93 84 408 315 84 293 465 0 237 253 82 
373 68 380 203 169 519 484 53 264 422 327 505 146 277 97 477 274 389 293 249 278 170 371 161 52 88 61 136 115 102 330 55 241 229 469 441 0 268 101 
267 281 514 456 365 248 462 377 415 482 216 400 145 104 275 348 382 63 97 54 545 524 125 321 237 427 120 344 107 547 361 177 242 208 432 523 307 0 111 
319 333 359 240 264 408 448 557 349 514 170 163 259 448 271 82 422 533 471 425 254 196 119 404 99 243 197 58 370 77 293 226 120 398 523 252 263 531 0 

e'''[i][j]=
0 289 159 227 174 363 402 52 326 293 206 64 481 454 423 204 
52 0 109 517 464 327 86 344 450 67 382 501 241 433 167 398 
121 452 0 206 120 306 411 59 202 133 438 458 487 378 495 227 
139 86 468 0 446 363 207 67 214 490 502 346 56 289 303 479 
543 275 435 187 0 183 53 421 85 73 162 310 420 233 187 90 
400 418 266 358 97 0 200 65 247 215 227 300 531 455 433 66 
190 500 488 369 403 66 0 331 305 323 169 546 266 53 354 328 
262 155 105 415 466 73 528 0 554 231 379 68 246 325 402 542 
135 486 505 241 483 464 326 79 0 555 506 293 409 380 325 63 
142 199 159 440 438 492 283 395 0 0 426 71 427 397 276 111 
98 297 129 495 553 298 346 455 466 77 0 249 318 542 500 517 
224 147 57 106 416 381 54 135 335 56 539 0 296 139 470 137 
346 386 132 528 521 536 456 494 524 519 263 240 0 255 487 80 
278 343 283 496 465 145 49 556 551 93 123 306 258 0 447 78 
505 446 337 550 153 365 356 496 188 269 372 315 473 236 0 142 
145 144 178 283 173 507 53 137 397 76 249 356 430 228 484 0 

t'[i][j]=
0 108 72 150 71 174 168 183 196 126 26 135 110 
165 0 20 96 72 115 67 71 176 142 32 118 94 
46 137 0 159 25 135 191 107 38 36 87 145 186 
150 162 25 0 144 49 107 154 28 101 96 56 189 
188 66 108 53 0 65 33 105 38 69 175 164 166 
143 167 164 77 159 0 184 109 50 151 76 54 187 
166 173 52 72 149 142 0 112 180 166 55 73 109 
166 146 92 67 148 129 102 0 131 119 182 45 47 
125 53 28 164 113 163 198 108 0 182 122 30 170 
43 174 37 62 130 100 73 158 80 0 189 148 78 
48 159 35 120 140 32 96 146 198 186 0 93 111 
79 154 38 175 112 26 182 98 87 51 48 0 164 
186 198 62 200 148 143 67 97 53 70 92 78 0 

t''[i][j]=
0 85 30 181 122 135 33 94 165 120 189 171 56 102 77 145 183 105 29 114 182 187 198 107 129 153 169 147 90 95 161 179 183 173 108 115 169 89 118 
164 0 163 169 35 124 58 164 168 110 34 37 60 130 49 80 166 33 166 78 35 100 21 55 166 128 53 123 23 122 103 121 101 97 65 107 140 183 24 
88 24 0 195 71 179 22 200 131 103 55 171 132 176 29 137 116 25 84 44 199 179 175 39 104 178 109 54 146 156 51 88 131 103 67 37 116 31 154 
144 82 75 0 20 114 34 123 48 29 130 182 164 163 38 52 108 29 77 160 144 78 167 47 25 25 81 52 67 101 187 184 54 195 30 164 74 102 135 
186 21 127 164 0 164 48 107 84 27 39 86 198 181 94 149 75 22 186 154 131 53 143 107 144 68 119 22 147 129 86 159 117 149 161 61 134 128 144 
149 182 58 158 72 0 87 156 168 60 124 33 48 83 177 100 149 67 156 195 198 145 59 99 74 27 149 98 183 176 123 142 85 98 156 120 78 92 197 
55 154 117 40 197 139 0 189 118 192 154 95 104 147 172 140 31 177 99 31 66 198 109 154 156 114 129 122 46 82 37 77 77 151 140 23 181 114 84 
195 59 24 104 159 191 194 0 78 122 185 153 25 131 134 89 110 89 148 136 160 193 130 63 48 183 147 54 163 43 159 136 81 162 180 184 189 116 43 
39 22 95 100 102 28 105 96 0 66 58 138 118 194 116 41 78 80 104 162 141 111 125 148 188 185 48 160 123 134 155 91 57 37 179 135 118 112 41 
112 55 145 41 197 101 132 40 146 0 115 83 65 79 192 134 52 22 150 180 86 129 185 169 175 108 100 25 79 96 142 101 195 110 38 95 54 146 96 
88 129 61 173 146 138 122 24 34 37 0 138 98 94 117 151 85 32 172 85 199 143 176 198 130 197 68 101 200 80 146 166 44 73 151 79 35 151 29 
103 159 46 157 192 44 97 41 23 89 48 0 107 156 134 30 70 48 194 95 146 142 88 77 54 61 141 137 164 32 59 99 104 113 54 158 35 133 152 
160 192 105 22 119 168 94 139 114 144 76 63 0 164 59 56 28 88 20 79 135 197 85 116 177 43 76 140 68 140 61 108 196 37 101 22 101 184 121 
148 50 34 106 71 153 112 121 92 22 114 108 59 0 39 102 193 153 169 115 162 40 182 158 172 58 88 70 118 87 68 185 125 117 172 95 187 34 98 
144 97 41 150 185 83 110 192 102 112 84 153 141 26 0 193 151 54 173 72 139 188 77 129 161 179 196 171 162 27 102 180 135 69 171 90 49 104 186 
105 76 90 175 198 106 83 62 187 116 145 135 99 153 21 0 181 139 144 156 188 92 102 112 144 54 58 104 42 78 26 178 47 36 94 95 170 182 175 
85 62 161 81 74 90 119 61 169 29 159 23 116 71 107 53 0 37 130 178 189 123 150 70 124 160 45 126 101 126 142 157 60 184 75 116 103 105 170 
45 141 93 92 50 32 185 65 86 30 125 98 39 129 162 134 93 0 155 31 113 167 91 27 81 66 66 181 104 130 100 110 123 115 138 90 183 126 33 
61 117 102 200 143 29 138 45 126 77 40 70 115 166 115 24 147 44 0 122 38 143 92 39 176 117 57 44 81 33 71 56 87 89 20 147 189 75 75 
125 41 26 46 76 64 197 188 116 120 197 162 81 156 68 147 185 74 145 0 173 21 160 77 197 88 67 140 104 163 100 145 73 55 20 58 78 131 136 
36 95 193 171 45 68 149 23 120 189 123 59 169 129 77 63 182 167 163 200 0 179 30 88 172 105 137 114 89 73 72 172 57 112 110 160 93 31 156 
128 34 104 60 78 52 93 81 196 37 62 174 42 43 126 61 134 88 43 43 47 0 66 123 113 82 86 118 81 44 147 157 145 173 154 104 83 52 64 
107 198 192 66 32 85 96 143 112 62 71 148 43 162 101 90 135 120 182 193 167 152 0 197 179 42 74 66 57 41 55 187 43 90 157 165 75 30 62 
142 106 82 86 70 165 100 137 98 129 196 72 162 157 150 22 159 115 96 71 154 112 165 0 197 192 131 171 107 105 132 179 84 50 53 72 187 70 167 
84 195 118 184 38 47 175 200 144 179 150 122 104 57 167 195 160 197 116 90 109 157 169 101 0 65 87 182 34 87 191 113 33 145 81 131 21 162 135 
83 157 127 67 172 27 80 116 65 57 98 196 112 43 177 117 141 166 50 190 98 110 139 25 40 0 156 59 154 156 41 90 39 159 144 187 115 61 49 
139 198 176 125 172 106 146 166 80 93 102 124 200 154 186 112 27 89 166 85 142 71 127 175 151 165 0 45 173 109 103 125 172 144 143 200 65 110 137 
72 141 172 185 134 113 81 99 140 124 39 61 77 40 131 153 176 46 113 168 106 107 82 99 53 44 151 0 55 86 31 200 187 66 62 42 113 63 185 
93 132 157 57 97 90 25 120 81 82 58 55 24 29 51 35 150 149 45 100 81 32 34 53 140 68 87 115 0 68 76 152 88 196 183 191 33 39 31 
38 44 73 21 85 132 70 135 35 123 50 193 127 78 170 168 156 122 121 41 80 32 62 96 119 140 44 199 50 0 20 28 58 30 28 137 75 109 186 
23 103 128 132 88 90 130 54 55 56 75 121 107 107 95 170 166 72 24 72 173 108 200 187 31 156 55 84 101 182 0 70 200 49 89 133 64 104 109 
57 63 35 167 109 59 165 165 153 194 106 43 55 196 58 185 45 179 164 153 151 69 56 160 110 75 103 194 39 44 107 0 150 104 151 187 101 97 75 
80 75 112 160 173 108 172 171 65 53 159 196 60 141 125 117 65 169 43 161 47 43 187 65 108 88 129 168 197 130 70 29 0 165 20 67 151 78 199 
101 170 154 171 66 133 79 172 199 190 134 87 76 73 117 180 157 189 190 114 186 182 107 154 143 131 195 65 157 102 176 168 45 0 45 51 138 42 133 
72 138 176 139 56 53 22 190 55 48 33 59 25 46 161 32 183 145 178 69 74 183 80 152 48 162 83 104 96 87 63 92 170 200 0 182 74 186 151 
75 56 40 48 89 60 72 143 74 141 74 149 160 102 168 42 174 114 109 174 100 90 138 171 52 138 48 88 142 69 170 164 96 88 180 0 163 122 150 
115 175 139 80 47 162 131 121 184 184 59 127 185 87 52 24 29 108 122 124 40 194 36 183 51 84 181 34 175 36 200 178 104 165 23 181 0 53 120 
24 142 54 42 108 49 95 150 62 41 45 154 92 63 125 150 52 156 79 136 80 153 149 161 178 112 52 182 84 91 126 65 87 183 101 176 86 0 48 
100 68 106 197 33 173 44 177 69 119 51 184 98 101 200 184 21 55 92 56 40 77 122 39 76 36 162 23 192 120 160 149 159 124 95 32 159 156 0 

t'''[i][j]=
0 89 194 74 149 49 96 138 149 132 54 45 138 186 133 26 
115 0 31 34 40 195 123 83 21 193 165 76 179 72 157 41 
124 143 0 122 175 102 22 64 127 111 98 182 195 65 95 81 
130 108 79 0 40 89 58 185 170 179 31 92 91 176 72 132 
98 158 118 93 0 200 141 138 31 91 97 147 92 162 138 151 
193 159 127 24 156 0 132 157 180 119 84 193 77 52 49 65 
177 88 55 151 79 53 0 39 82 47 48 141 24 188 26 95 
176 109 43 97 111 124 120 0 160 183 28 159 101 151 45 75 
29 105 161 133 83 158 68 100 0 39 60 142 48 101 125 152 
159 111 60 84 166 193 156 93 117 0 104 188 146 118 42 100 
178 127 136 100 33 134 34 44 99 167 0 179 145 68 47 60 
154 173 170 30 116 41 63 123 159 149 30 0 170 93 94 58 
59 82 114 36 191 149 107 124 43 132 151 181 0 192 141 169 
26 22 172 23 47 173 67 111 158 111 101 167 37 0 54 137 
162 106 197 66 118 130 140 144 182 98 65 169 186 50 0 42 
29 128 64 188 20 118 175 178 196 150 191 174 112 160 104 0 

d''[i][k]=
0 0 0 0 0 0 0 0 0 0 5 0 
0 0 0 0 0 0 0 0 0 0 5 0 
0 0 0 0 0 0 0 0 0 0 7 0 
0 0 0 0 0 0 0 0 0 0 5 0 
0 0 0 0 0 0 0 0 0 5 1 0 
0 0 0 0 0 0 0 0 0 5 0 0 
0 0 0 0 0 0 0 0 0 6 0 0 
0 0 0 0 0 0 0 0 0 5 0 0 
0 0 0 0 0 0 0 0 6 0 0 0 
0 0 0 0 0 0 0 3 2 0 0 0 
0 0 0 0 0 0 3 2 0 0 0 0 
0 0 0 0 0 0 5 0 0 0 0 0 
0 0 0 0 0 2 5 0 0 0 0 0 
0 0 0 0 0 5 0 0 0 0 0 0 
0 0 0 0 0 9 0 0 0 0 0 0 
0 0 0 0 2 4 0 0 0 0 0 0 
0 0 0 0 5 0 0 0 0 0 0 0 
0 0 0 0 7 0 0 0 0 0 0 0 
0 0 0 0 6 0 0 0 0 0 0 0 
0 0 5 0 0 0 0 0 0 0 0 0 
0 0 6 0 0 0 0 0 0 0 0 0 
0 0 5 0 0 0 0 0 0 0 0 0 
0 3 3 0 0 0 0 0 0 0 0 0 
0 5 0 0 0 0 0 0 0 0 0 0 
0 6 0 0 0 0 0 0 0 0 0 0 
5 0 0 0 0 0 0 0 0 0 0 0 
5 0 0 0 0 0 0 0 0 0 0 0 
6 0 0 0 0 0 0 0 0 0 0 0 
0 0 0 5 0 0 0 0 0 0 0 0 
0 0 6 0 0 0 0 0 0 0 0 0 
0 0 3 0 0 0 0 3 0 0 0 0 
0 0 0 0 0 0 0 5 0 0 0 0 
0 0 0 0 0 0 0 6 0 0 0 0 
0 0 0 0 0 0 5 0 0 0 0 0 
0 0 0 0 0 0 0 0 0 0 0 6 
0 0 0 0 0 0 0 0 0 0 5 0 
0 0 0 0 0 0 0 0 0 0 0 6 
0 0 0 0 0 0 0 0 0 0 1 5 

r''[i][k]=
0 0 0 0 0 0 0 0 0 0 0.15 0 
0 0 0 0 0 0 0 0 0 0 0.35 0 
0 0 0 0 0 0 0 0 0 0 0.49 0 
0 0 0 0 0 0 0 0 0 0 0.75 0 
0 0 0 0 0 0 0 0 0 0 0.39 0 
0 0 0 0 0 0 0 0 0 0.55 0 0 
0 0 0 0 0 0 0 0 0 1.74 0 0 
0 0 0 0 0 0 0 0 0 0.8 0 0 
0 0 0 0 0 0 0 0 0.24 0 0 0 
0 0 0 0 0 0 0 0.39 0.3 0 0 0 
0 0 0 0 0 0 1.77 0.02 0 0 0 0 
0 0 0 0 0 0 0.5 0 0 0 0 0 
0 0 0 0 0 0.08 3.6 0 0 0 0 0 
0 0 0 0 0 0.25 0 0 0 0 0 0 
0 0 0 0 0 4.32 0 0 0 0 0 0 
0 0 0 0 0.6 2.96 0 0 0 0 0 0 
0 0 0 0 0.2 0 0 0 0 0 0 0 
0 0 0 0 0 0 0 0 0 0 0 0 
0 0 0 0 1.26 0 0 0 0 0 0 0 
0 0 2.8 0 0 0 0 0 0 0 0 0 
0 0 0.78 0 0 0 0 0 0 0 0 0 
0 0 0.95 0 0 0 0 0 0 0 0 0 
0 0.33 1.44 0 0 0 0 0 0 0 0 0 
0 1.05 0 0 0 0 0 0 0 0 0 0 
0 1.56 0 0 0 0 0 0 0 0 0 0 
2.1 0 0 0 0 0 0 0 0 0 0 0 
0.15 0 0 0 0 0 0 0 0 0 0 0 
0.36 0 0 0 0 0 0 0 0 0 0 0 
0 0 0 0.2 0 0 0 0 0 0 0 0 
0 0 0.06 0 0 0 0 0 0 0 0 0 
0 0 0.12 0 0 0 0 0 0 0 0 0 
0 0 0 0 0 0 0 1.4 0 0 0 0 
0 0 0 0 0 0 0 2.1 0 0 0 0 
0 0 0 0 0 0 0 0 0 0 0 0 
0 0 0 0 0 0 0 0 0 0 0 1.32 
0 0 0 0 0 0 0 0 0 0 0.35 0 
0 0 0 0 0 0 0 0 0 0 0 0.3 
0 0 0 0 0 0 0 0 0 0 0.3 0.6 

p[k]=
0 0.01 0.01 0.03 0.01 0.03 0.02 0.01 0.04 0.02 0.02 0.04 

d'''[i][k]=
0 0 0 0 0 0 0 0 0 0 13 17 
0 0 0 0 0 0 0 0 0 14 16 0 
0 0 0 0 0 0 0 0 0 5 0 0 
0 0 0 0 0 0 0 0 3 2 0 0 
0 0 0 0 0 0 0 0 5 0 0 0 
0 0 0 0 0 0 0 5 0 0 0 0 
0 0 0 0 0 0 0 5 0 0 0 0 
0 0 0 0 0 0 0 5 0 0 0 0 
0 0 0 0 0 0 1 4 0 0 0 0 
0 0 0 0 0 0 5 0 0 0 0 0 
0 0 0 0 0 0 5 0 0 0 0 0 
0 0 0 0 0 13 7 0 0 0 0 0 
0 0 0 3 20 7 0 0 0 0 0 0 
0 0 28 2 0 0 0 0 0 0 0 0 
16 14 0 0 0 0 0 0 0 0 0 0 

r'''[i][k]=
0 0 0 0 0 0 0 0 0 0 0 6.8 
0 0 0 0 0 0 0 0 0 2.52 3.84 0 
0 0 0 0 0 0 0 0 0 4.75 0 0 
0 0 0 0 0 0 0 0 0.12 0.1 0 0 
0 0 0 0 0 0 0 0 0.75 0 0 0 
0 0 0 0 0 0 0 3.55 0 0 0 0 
0 0 0 0 0 0 0 3.3 0 0 0 0 
0 0 0 0 0 0 0 0.2 0 0 0 0 
0 0 0 0 0 0 0.02 1.24 0 0 0 0 
0 0 0 0 0 0 1.1 0 0 0 0 0 
0 0 0 0 0 0 0.45 0 0 0 0 0 
0 0 0 0 0 1.43 0.63 0 0 0 0 0 
0 0 0 0.66 12.6 0.98 0 0 0 0 0 0 
0 0 20.72 1.22 0 0 0 0 0 0 0 0 
0.48 2.1 0 0 0 0 0 0 0 0 0 0 
