|S|=12
|R|=38
|O|=15
|V|=30
q=150
c=1
Tmax=960
H=1000

e'[i][j]=
0 127 297 272 146 263 169 200 416 225 149 262 248 
485 0 350 360 550 472 195 150 363 528 307 209 534 
130 190 0 538 408 112 386 469 326 170 276 524 386 
404 330 293 0 56 316 354 82 364 292 363 539 92 
152 554 268 273 0 93 404 538 391 251 89 276 146 
180 353 466 400 301 0 281 102 213 59 279 88 147 
188 95 503 559 85 465 0 522 296 205 201 69 234 
287 125 421 269 217 254 409 0 406 270 143 232 349 
238 338 292 526 410 165 433 364 0 474 348 340 392 
79 102 275 48 272 528 375 259 232 0 195 241 545 
506 217 227 273 536 328 324 476 444 310 0 145 281 
457 147 231 165 394 309 133 532 199 298 503 0 105 
213 52 376 548 390 355 127 353 169 475 255 432 0 

e''[i][j]=
0 78 301 437 240 190 257 168 478 53 372 317 501 59 190 247 133 69 281 430 309 248 209 62 89 530 120 394 158 55 353 87 434 130 358 354 486 296 238 
244 0 174 101 86 504 206 256 524 236 293 192 348 424 555 346 316 111 334 399 116 85 208 392 64 83 443 176 333 92 254 504 338 370 472 303 172 195 422 
220 423 0 92 105 95 192 377 505 499 552 262 416 185 386 427 386 155 76 328 506 161 354 64 560 109 277 495 543 89 240 420 367 181 558 346 340 491 433 
254 303 214 0 153 245 227 102 502 223 430 356 262 150 549 354 221 459 465 520 153 432 209 356 323 511 497 316 427 144 241 117 512 208 49 486 332 204 165 
353 334 521 494 0 208 491 474 526 272 345 202 89 405 393 517 240 305 399 125 481 241 334 518 485 71 198 401 114 337 105 254 70 279 249 520 53 429 49 
354 389 467 102 157 0 141 288 293 90 450 70 167 281 52 477 411 394 551 158 342 534 88 114 332 60 413 165 280 174 198 175 265 153 148 399 146 202 292 
502 270 454 444 297 169 0 522 174 394 537 204 288 263 540 258 51 150 499 247 362 550 257 397 200 65 245 257 534 207 159 376 389 560 538 125 230 235 123 
437 262 318 191 347 507 545 0 164 332 553 540 486 273 467 144 346 236 52 537 249 484 187 359 462 486 195 466 551 196 533 292 190 244 421 429 514 102 69 
530 376 390 416 542 307 538 506 0 362 189 489 170 71 215 534 399 498 177 250 547 453 201 183 108 475 209 85 427 188 139 205 478 305 146 462 517 75 256 
162 247 402 204 275 168 227 487 55 0 278 113 402 380 299 428 202 168 443 383 187 519 409 415 51 412 68 459 49 518 189 243 399 321 444 57 333 167 138 
179 117 162 477 525 198 251 557 309 429 0 435 52 186 68 403 554 296 315 373 394 381 226 489 222 504 229 477 479 171 387 451 337 130 125 171 242 264 450 
257 230 68 151 433 506 290 171 550 88 496 0 346 193 143 206 407 191 242 456 310 543 278 393 148 79 127 462 380 136 324 468 269 88 237 433 296 484 532 
264 556 500 235 434 55 519 71 296 233 263 190 0 253 149 227 174 352 269 186 257 444 359 62 287 457 508 100 204 323 267 544 319 155 488 360 436 360 356 
106 364 62 557 475 159 438 360 351 51 202 519 104 0 354 391 431 323 553 147 409 304 149 522 118 266 434 167 240 313 367 539 243 290 155 100 448 118 539 
87 255 170 80 138 118 286 180 474 300 464 269 506 185 0 539 198 305 163 442 414 187 103 319 214 510 73 198 512 273 145 450 525 179 311 495 141 183 49 
216 369 299 507 267 423 372 241 282 404 73 289 434 553 427 0 179 388 459 332 240 231 114 203 318 278 158 357 358 183 196 130 96 107 114 547 402 497 195 
213 464 90 275 396 243 383 309 378 326 542 332 360 379 507 247 0 444 533 503 253 129 468 519 319 430 395 325 253 165 200 73 308 262 556 210 518 547 349 
101 357 213 92 57 502 221 278 524 170 248 331 150 542 409 127 320 0 464 227 539 404 304 301 183 487 158 71 216 51 447 372 444 360 65 49 264 255 138 
349 404 383 254 307 329 544 54 116 395 458 173 474 219 557 117 371 537 0 377 280 258 130 292 162 546 520 65 509 138 378 527 232 111 243 405 304 188 194 
410 232 273 163 425 139 351 371 404 330 92 453 78 429 215 150 257 237 420 0 430 189 172 556 106 449 186 144 390 294 398 544 185 519 500 336 512 545 221 
179 87 454 81 259 552 181 251 64 320 478 286 331 432 501 221 409 395 70 462 0 216 136 159 255 224 240 123 132 290 84 379 253 371 77 277 232 144 149 
324 206 91 285 382 473 500 211 525 193 268 69 424 545 118 104 531 385 208 138 370 0 478 138 337 412 555 442 469 545 396 237 84 450 159 450 544 196 472 
72 464 330 540 517 285 70 249 460 304 297 202 284 544 401 473 551 440 290 426 196 236 0 518 492 79 476 281 363 78 113 80 332 465 62 328 511 138 119 
372 172 442 531 337 89 544 342 413 385 54 420 519 473 544 332 318 431 526 110 58 493 58 0 501 386 338 382 341 498 227 147 501 163 392 538 489 412 359 
75 194 324 554 508 387 425 48 513 176 164 268 105 404 490 332 289 314 186 112 144 438 415 313 0 151 434 374 508 328 59 524 92 329 132 317 329 439 149 
210 144 289 290 276 166 69 127 266 318 226 97 110 397 164 321 470 495 493 446 295 418 518 513 314 0 249 298 64 219 520 326 277 188 467 231 558 364 185 
334 187 380 551 430 158 287 376 218 475 370 553 151 379 362 218 66 376 441 204 217 336 383 352 140 241 0 509 476 549 145 492 470 89 169 465 485 388 469 
298 239 318 195 345 287 217 136 458 255 134 482 385 536 429 186 100 229 110 554 546 101 373 215 250 149 165 0 163 415 344 133 138 118 421 341 205 505 307 
184 200 92 82 488 455 250 253 389 522 199 299 320 51 357 542 70 142 178 431 189 333 424 100 195 455 545 423 0 523 556 517 207 95 329 94 316 81 314 
250 113 343 387 72 383 223 327 502 275 223 426 245 446 303 503 497 315 172 510 375 117 512 493 388 278 470 320 486 0 361 338 186 481 370 308 370 90 234 
198 67 382 277 149 355 265 217 277 269 68 292 165 118 425 396 542 442 362 220 113 195 226 377 78 48 493 84 353 395 0 344 275 466 250 341 418 535 309 
95 202 150 235 370 209 491 345 402 439 377 485 498 247 292 418 422 513 408 127 370 71 139 66 555 228 523 84 155 313 149 0 463 88 74 534 93 360 320 
261 520 527 398 449 79 105 200 184 542 206 297 558 407 424 114 491 66 128 375 122 404 481 363 528 288 419 460 482 521 184 273 0 255 288 156 483 405 224 
503 387 304 505 254 111 475 339 305 484 173 271 548 50 50 267 342 516 283 489 141 433 181 451 502 152 144 366 444 539 51 398 185 0 60 151 345 459 213 
216 260 428 76 298 365 97 480 66 298 376 112 417 63 496 306 432 331 553 103 70 68 399 421 496 340 336 360 487 507 535 320 63 496 0 348 381 535 455 
484 327 371 389 192 241 361 292 462 182 420 194 422 378 243 382 377 136 220 89 530 433 68 470 346 294 397 406 317 168 560 550 199 494 327 0 58 434 263 
204 100 246 79 162 535 472 134 137 414 175 551 342 318 395 424 93 243 369 491 206 345 169 375 528 419 360 382 521 99 191 156 315 215 489 228 0 428 73 
134 536 295 265 304 113 469 321 388 175 308 91 336 57 203 221 233 468 78 357 145 167 191 50 474 339 253 91 220 522 263 500 65 268 306 180 59 0 471 
351 86 350 406 356 75 297 182 533 412 91 197 462 364 360 89 270 467 544 214 520 380 284 297 352 52 529 418 158 519 492 258 166 409 376 163 97 378 0 

e'''[i][j]=
0 250 504 218 159 417 338 330 85 438 197 237 143 59 219 275 
426 0 378 326 339 463 260 284 167 241 487 108 86 148 69 394 
337 131 0 52 218 281 342 186 209 261 114 165 551 52 92 334 
332 238 64 0 286 329 520 233 438 265 452 168 175 343 405 179 
512 279 555 170 0 83 231 113 378 135 256 434 411 52 460 304 
227 525 357 350 264 0 51 311 298 171 488 440 444 119 429 526 
456 320 342 340 249 511 0 392 173 115 397 410 496 405 148 225 
117 552 429 219 375 205 167 0 371 242 231 544 405 444 511 543 
542 139 137 252 197 284 272 314 0 445 292 473 456 243 310 253 
273 528 337 112 462 301 95 248 0 0 326 386 295 418 493 87 
130 211 219 404 273 121 350 542 155 255 0 378 312 314 280 58 
221 101 421 359 62 461 503 112 528 481 110 0 150 459 283 68 
316 439 63 380 508 62 352 482 535 296 259 378 0 404 512 334 
537 494 313 296 102 99 319 239 325 468 202 202 105 0 402 203 
84 262 315 350 272 129 184 260 480 333 96 250 191 101 0 558 
287 196 180 480 359 504 126 503 329 500 371 509 258 332 325 0 

t'[i][j]=
0 82 194 28 126 95 105 87 86 186 70 34 52 
39 0 46 42 174 51 98 181 151 166 93 189 182 
181 58 0 125 51 126 76 53 121 150 148 165 87 
31 153 178 0 94 29 189 109 93 91 182 111 115 
58 59 115 113 0 64 87 45 52 192 125 188 83 
91 33 107 133 123 0 72 75 79 169 52 157 185 
140 104 90 170 190 72 0 169 111 78 107 187 108 
106 30 43 101 35 123 72 0 128 200 197 123 58 
139 52 194 86 157 117 59 152 0 63 168 78 142 
90 35 28 166 167 153 116 150 156 0 37 147 174 
110 63 95 123 172 32 25 57 149 35 0 73 200 
75 116 29 87 191 66 43 82 118 153 190 0 78 
136 126 66 24 24 182 28 79 24 22 23 57 0 

t''[i][j]=
0 132 182 154 129 144 148 86 81 84 29 122 170 84 98 65 122 81 40 153 118 20 100 151 162 171 67 33 150 56 22 182 70 113 185 66 50 50 108 
83 0 163 26 51 75 190 179 179 20 181 179 83 90 94 187 118 49 196 52 79 139 187 34 94 118 51 135 138 56 194 176 99 175 105 197 36 174 187 
80 168 0 139 104 174 47 54 186 146 134 95 29 147 167 44 80 105 181 22 21 75 25 20 126 76 77 54 114 82 103 127 78 153 21 125 167 111 40 
120 155 24 0 110 77 60 29 61 106 142 97 171 113 104 89 55 20 108 39 181 196 132 55 152 87 31 30 116 83 170 160 65 90 147 103 51 199 62 
89 116 50 189 0 150 29 90 103 44 136 68 51 74 36 51 176 148 126 119 92 76 80 68 50 83 176 68 123 64 195 86 173 53 198 69 45 153 95 
124 137 114 187 80 0 154 199 44 61 64 128 82 42 112 68 166 32 35 29 72 95 83 145 33 174 81 112 58 190 79 111 79 40 24 112 30 32 62 
119 181 94 75 121 173 0 104 108 177 52 139 75 121 199 51 185 20 131 115 81 57 42 61 119 187 29 87 102 156 188 88 187 25 197 123 114 52 156 
54 62 68 164 177 98 91 0 23 91 27 43 83 106 54 74 169 62 101 171 174 45 169 102 91 35 92 91 186 175 140 115 129 185 87 82 183 142 56 
50 183 110 53 107 199 49 35 0 84 152 49 127 35 104 25 102 156 138 65 63 127 29 94 141 37 135 124 86 194 47 99 114 134 86 124 21 121 40 
80 187 38 127 174 178 22 163 37 0 112 106 54 156 111 98 142 45 150 41 111 55 171 148 71 33 77 173 111 28 92 157 179 126 47 100 119 59 160 
49 49 38 141 145 36 200 138 143 159 0 69 123 183 55 127 41 45 183 163 29 155 190 58 171 146 122 183 34 125 181 133 172 153 144 151 97 168 172 
63 35 152 103 26 149 127 132 157 189 149 0 119 134 96 200 164 189 174 154 89 195 105 110 123 70 163 75 138 167 36 185 132 42 75 28 75 58 125 
38 67 107 77 112 60 39 60 38 46 163 137 0 93 34 197 155 37 77 157 48 164 182 199 100 77 23 49 106 79 102 63 150 182 73 81 111 166 105 
129 197 95 41 197 100 164 42 50 180 115 136 28 0 40 168 92 151 157 163 166 23 147 76 57 114 131 168 128 180 135 196 100 88 114 42 92 183 165 
45 161 194 129 39 34 146 21 63 69 110 170 163 135 0 122 116 27 151 142 34 22 72 77 146 48 144 53 127 38 174 22 156 47 168 36 141 172 70 
200 73 126 87 62 111 78 66 84 61 176 133 82 200 58 0 92 198 126 48 142 106 162 158 160 58 93 107 64 83 77 130 92 100 165 174 156 122 99 
157 126 165 30 178 64 29 173 107 46 169 147 95 132 136 95 0 42 68 55 55 73 69 124 50 154 25 95 150 198 132 65 77 69 190 89 124 21 93 
151 53 133 157 30 95 57 126 161 101 126 178 43 40 161 139 175 0 125 114 28 83 25 104 139 42 52 74 153 194 40 163 98 186 49 135 133 43 193 
183 25 188 143 147 152 172 86 100 104 96 177 23 196 166 52 22 71 0 179 65 137 181 74 89 184 160 112 46 100 36 99 103 97 145 33 149 153 178 
77 104 139 91 74 96 111 131 177 68 101 160 74 138 49 124 198 30 128 0 82 52 41 179 185 44 147 31 137 93 38 148 186 182 186 185 41 21 178 
176 90 107 174 145 29 143 39 172 124 64 59 21 148 24 157 159 189 181 81 0 101 186 108 61 184 100 43 109 167 164 85 193 137 192 192 135 142 41 
22 200 194 119 118 158 151 104 56 70 89 146 85 147 28 138 110 44 24 20 65 0 57 26 149 48 98 76 38 186 87 21 141 187 169 149 100 191 192 
74 189 173 119 139 76 37 85 177 113 144 98 194 54 197 39 65 136 190 115 161 21 0 194 86 125 58 76 173 37 159 31 130 120 114 78 26 27 199 
113 140 155 31 66 130 37 33 149 147 89 182 161 137 143 192 78 190 21 56 80 165 59 0 44 34 97 60 86 125 44 164 44 103 25 138 137 108 139 
95 141 42 107 167 183 164 157 34 131 75 138 103 186 193 23 110 130 29 89 146 162 102 125 0 104 195 193 88 40 69 22 92 185 145 96 189 148 154 
194 43 76 34 177 87 165 170 191 43 131 57 90 49 31 139 75 48 185 196 38 112 58 34 38 0 87 90 150 148 96 102 45 53 111 71 29 40 131 
120 171 77 57 67 145 46 56 91 175 97 41 169 153 88 97 21 128 69 63 43 54 35 90 92 42 0 142 69 170 84 188 161 56 29 54 37 42 169 
74 188 120 89 177 28 52 115 39 124 57 115 32 176 23 130 170 29 30 119 166 106 130 20 188 125 144 0 129 92 46 32 46 123 141 196 165 101 170 
192 77 55 66 101 137 153 69 37 124 88 53 173 42 132 129 90 85 63 192 106 72 107 32 146 75 28 116 0 28 144 193 36 30 155 136 149 105 189 
151 26 82 35 128 39 152 78 191 31 26 82 158 100 80 157 128 71 176 159 122 143 138 71 89 150 76 100 191 0 192 121 77 73 100 110 124 35 148 
27 159 155 176 153 79 152 137 180 133 77 61 140 52 33 180 199 29 114 167 62 141 38 150 53 157 106 62 46 182 0 168 163 136 99 103 133 62 50 
144 181 178 30 106 69 79 78 164 65 93 118 120 79 106 107 157 200 200 181 95 183 148 193 139 124 125 151 20 173 48 0 131 181 40 26 96 74 180 
163 158 92 168 59 167 37 160 189 170 168 101 188 121 92 145 31 67 57 59 193 105 104 175 87 185 89 158 91 148 85 189 0 63 138 171 32 36 142 
149 62 78 73 69 132 27 102 164 179 131 69 24 121 191 139 84 40 145 51 173 122 156 158 48 97 167 104 125 53 52 122 133 0 49 30 146 147 56 
167 154 149 123 98 23 69 109 141 194 27 164 44 166 184 131 174 97 139 98 149 198 33 114 32 112 188 126 103 71 42 55 40 84 0 91 61 55 196 
197 24 51 183 132 63 97 43 59 23 167 139 96 24 74 95 26 182 93 62 169 116 141 96 198 188 108 94 150 79 131 29 190 61 137 0 197 71 76 
107 56 27 182 66 150 164 45 77 85 42 171 103 41 126 163 107 108 103 39 144 177 61 188 37 56 163 42 35 31 69 81 91 22 32 185 0 122 90 
159 68 108 88 157 166 156 82 69 67 61 119 23 177 190 162 71 90 27 59 79 57 186 83 107 195 60 168 103 193 184 71 58 53 200 157 92 0 155 
79 55 155 182 74 198 77 195 147 151 128 124 173 169 161 151 176 27 127 155 191 176 165 55 62 104 109 70 135 110 177 61 77 152 57 153 138 22 0 

t'''[i][j]=
0 31 161 142 161 141 71 111 196 132 64 178 162 106 189 62 
55 0 38 179 64 111 162 200 184 132 156 188 158 87 179 29 
22 191 0 35 165 171 162 100 149 196 53 44 55 88 23 151 
41 81 166 0 82 114 38 23 168 116 127 101 155 79 63 194 
103 111 56 119 0 170 110 28 75 26 109 143 151 96 50 150 
124 83 102 156 143 0 164 146 32 96 48 158 154 145 40 102 
63 47 172 193 164 123 0 32 28 103 66 85 141 96 137 136 
51 64 131 119 53 133 139 0 52 181 122 92 199 45 100 58 
190 179 166 128 161 98 52 91 0 108 162 190 131 126 199 132 
128 42 97 43 179 112 129 38 80 0 106 168 135 197 166 77 
124 200 127 73 86 64 166 23 141 195 0 176 168 35 158 195 
81 137 178 54 169 32 100 120 45 169 162 0 167 137 194 129 
59 68 91 157 88 158 146 188 92 63 29 127 0 43 52 167 
30 51 162 73 109 191 188 198 200 102 130 110 70 0 146 169 
50 175 124 187 111 186 74 177 148 34 189 80 197 137 0 56 
184 138 136 118 181 183 30 139 40 96 181 49 85 47 102 0 

d''[i][k]=
0 0 0 0 0 0 0 0 0 0 0 6 
0 0 0 0 0 0 0 0 0 0 0 8 
0 0 0 0 0 0 0 0 0 0 4 1 
0 0 0 0 0 0 0 0 0 3 2 0 
0 0 0 0 0 0 0 0 0 6 0 0 
0 0 0 0 0 0 0 0 0 6 0 0 
0 0 0 0 0 0 0 0 0 5 0 0 
0 0 0 0 0 0 0 0 4 1 0 0 
0 0 0 0 0 0 0 0 6 0 0 0 
0 0 0 0 0 0 3 0 2 0 0 0 
0 0 0 0 0 0 5 0 0 0 0 0 
0 0 0 0 0 4 2 0 0 0 0 0 
0 0 0 0 0 5 0 0 0 0 0 0 
0 0 0 0 0 6 0 0 0 0 0 0 
0 0 0 0 4 3 0 0 0 0 0 0 
0 0 0 0 6 0 0 0 0 0 0 0 
0 0 0 1 4 0 0 0 0 0 0 0 
0 0 4 1 0 0 0 0 0 0 0 0 
0 0 7 0 0 0 0 0 0 0 0 0 
0 1 6 0 0 0 0 0 0 0 0 0 
0 5 0 0 0 0 0 0 0 0 0 0 
0 6 0 0 0 0 0 0 0 0 0 0 
1 4 0 0 0 0 0 0 0 0 0 0 
6 0 0 0 0 0 0 0 0 0 0 0 
6 0 0 0 0 0 0 0 0 0 0 0 
5 0 0 0 0 0 0 0 0 0 0 0 
6 0 0 0 0 0 0 0 0 0 0 0 
5 0 0 0 0 0 0 0 0 0 0 0 
0 0 0 6 0 0 0 0 0 0 0 0 
0 0 0 5 0 0 0 0 0 0 0 0 
0 0 5 0 0 0 0 0 0 0 0 0 
0 0 0 6 0 0 0 0 0 0 0 0 
0 0 0 0 0 0 5 0 0 0 0 0 
0 0 0 0 0 0 0 6 0 0 0 0 
0 0 0 0 0 0 0 0 0 0 6 0 
0 0 0 0 0 0 0 0 0 0 6 0 
0 0 0 0 0 0 0 0 0 0 0 6 
0 0 0 0 0 0 0 0 0 0 0 5 

r''[i][k]=
0 0 0 0 0 0 0 0 0 0 0 3.66 
0 0 0 0 0 0 0 0 0 0 0 3.44 
0 0 0 0 0 0 0 0 0 0 1.04 0.22 
0 0 0 0 0 0 0 0 0 1.74 0.5 0 
0 0 0 0 0 0 0 0 0 0.42 0 0 
0 0 0 0 0 0 0 0 0 0.54 0 0 
0 0 0 0 0 0 0 0 0 1.1 0 0 
0 0 0 0 0 0 0 0 0.2 0.21 0 0 
0 0 0 0 0 0 0 0 0.12 0 0 0 
0 0 0 0 0 0 0.3 0 0 0 0 0 
0 0 0 0 0 0 2.35 0 0 0 0 0 
0 0 0 0 0 0.16 0.2 0 0 0 0 0 
0 0 0 0 0 2.8 0 0 0 0 0 0 
0 0 0 0 0 1.38 0 0 0 0 0 0 
0 0 0 0 0.04 0.09 0 0 0 0 0 0 
0 0 0 0 3.66 0 0 0 0 0 0 0 
0 0 0 0.22 0.64 0 0 0 0 0 0 0 
0 0 1.28 0.34 0 0 0 0 0 0 0 0 
0 0 5.11 0 0 0 0 0 0 0 0 0 
0 0.11 3.54 0 0 0 0 0 0 0 0 0 
0 2.8 0 0 0 0 0 0 0 0 0 0 
0 0.78 0 0 0 0 0 0 0 0 0 0 
0.03 2.48 0 0 0 0 0 0 0 0 0 0 
1.56 0 0 0 0 0 0 0 0 0 0 0 
0.72 0 0 0 0 0 0 0 0 0 0 0 
1.25 0 0 0 0 0 0 0 0 0 0 0 
2.1 0 0 0 0 0 0 0 0 0 0 0 
0.4 0 0 0 0 0 0 0 0 0 0 0 
0 0 0 2.64 0 0 0 0 0 0 0 0 
0 0 0 1.1 0 0 0 0 0 0 0 0 
0 0 1.1 0 0 0 0 0 0 0 0 0 
0 0 0 0.96 0 0 0 0 0 0 0 0 
0 0 0 0 0 0 1.8 0 0 0 0 0 
0 0 0 0 0 0 0 1.32 0 0 0 0 
0 0 0 0 0 0 0 0 0 0 0.54 0 
0 0 0 0 0 0 0 0 0 0 1.74 0 
0 0 0 0 0 0 0 0 0 0 0 1.14 
0 0 0 0 0 0 0 0 0 0 0 0.4 

p[k]=
0.01 0.02 0.01 0.02 0.01 0.03 0.02 0.02 0.04 0.05 0.05 0.03 

d'''[i][k]=
0 0 0 0 0 0 0 0 0 0 4 26 
0 0 0 0 0 0 0 0 0 0 5 0 
0 0 0 0 0 0 0 0 0 0 5 0 
0 0 0 0 0 0 0 0 0 1 4 0 
0 0 0 0 0 0 0 0 0 5 0 0 
0 0 0 0 0 0 0 0 0 5 0 0 
0 0 0 0 0 0 0 0 0 5 0 0 
0 0 0 0 0 0 0 0 0 5 0 0 
0 0 0 0 0 0 0 0 5 0 0 0 
0 0 0 0 0 0 0 0 5 0 0 0 
0 0 0 0 0 0 13 6 2 0 0 0 
0 0 0 0 10 18 2 0 0 0 0 0 
0 0 7 19 4 0 0 0 0 0 0 0 
0 15 15 0 0 0 0 0 0 0 0 0 
29 1 0 0 0 0 0 0 0 0 0 0 

r'''[i][k]=
0 0 0 0 0 0 0 0 0 0 0.12 0.26 
0 0 0 0 0 0 0 0 0 0 0.05 0 
0 0 0 0 0 0 0 0 0 0 1.75 0 
0 0 0 0 0 0 0 0 0 0.04 1.2 0 
0 0 0 0 0 0 0 0 0 0.75 0 0 
0 0 0 0 0 0 0 0 0 0.75 0 0 
0 0 0 0 0 0 0 0 0 2.2 0 0 
0 0 0 0 0 0 0 0 0 0.15 0 0 
0 0 0 0 0 0 0 0 2.6 0 0 0 
0 0 0 0 0 0 0 0 0.05 0 0 0 
0 0 0 0 0 0 1.3 0.9 0.94 0 0 0 
0 0 0 0 3.9 6.84 0.76 0 0 0 0 0 
0 0 0.14 3.04 1.28 0 0 0 0 0 0 0 
0 2.85 12.75 0 0 0 0 0 0 0 0 0 
0.58 0.22 0 0 0 0 0 0 0 0 0 0 
