|S|=12
|R|=38
|O|=15
|V|=30
q=150
c=1
Tmax=960
H=1000

e'[i][j]=
0 88 360 93 248 130 111 188 299 121 428 297 411 
528 0 349 224 341 533 487 465 202 183 384 381 289 
299 256 0 145 452 243 477 112 319 436 509 514 540 
351 140 356 0 468 450 119 495 63 550 274 78 150 
498 298 386 384 0 296 332 156 133 186 362 315 291 
514 436 530 510 97 0 540 49 125 222 203 71 450 
92 184 223 379 88 149 0 548 233 382 288 178 143 
349 242 425 233 86 553 219 0 167 212 500 514 172 
173 486 383 475 535 85 210 446 0 163 440 60 296 
462 301 461 250 270 501 367 189 171 0 511 154 329 
95 214 431 117 423 509 401 554 342 89 0 125 130 
209 216 63 424 361 65 49 284 300 76 487 0 517 
531 407 71 515 385 243 223 235 290 417 516 253 0 

e''[i][j]=
0 503 298 193 143 57 397 489 87 550 311 402 476 289 454 168 417 201 60 106 479 350 507 325 112 251 318 524 330 167 477 316 48 401 415 405 175 220 427 
381 0 538 452 558 318 446 380 350 185 142 88 417 524 107 151 339 305 52 265 218 60 528 254 461 78 422 136 150 432 329 75 446 277 308 280 530 71 124 
343 133 0 195 169 436 348 240 244 304 200 372 321 147 219 130 460 413 343 199 315 179 398 223 246 118 491 189 89 418 291 432 49 135 431 152 187 493 541 
89 180 512 0 218 411 552 540 246 77 408 345 247 316 537 249 425 286 510 543 204 268 522 117 390 456 523 454 347 340 340 431 244 235 322 543 105 104 479 
175 541 380 303 0 380 76 244 207 270 411 396 538 332 141 296 446 48 553 396 438 557 121 375 251 78 448 535 57 520 214 50 138 195 207 96 494 527 50 
282 520 140 55 96 0 129 304 166 144 290 312 97 315 166 325 84 400 96 271 364 372 268 151 158 101 340 259 430 203 229 62 478 541 88 420 246 165 430 
433 243 206 402 457 77 0 214 280 262 139 548 77 234 193 520 64 382 188 140 102 229 241 458 235 478 191 402 152 433 87 548 59 102 442 367 400 130 248 
286 541 349 122 169 482 191 0 48 316 454 230 468 306 320 338 88 375 95 306 536 126 48 355 511 509 94 95 316 514 121 105 170 249 65 396 273 348 373 
228 50 307 231 62 296 410 517 0 103 401 387 383 233 98 283 321 184 148 219 383 166 289 80 330 77 329 242 124 519 363 366 181 195 291 479 248 327 246 
283 443 52 48 329 437 104 467 218 0 372 403 396 372 500 296 206 391 189 427 225 222 269 260 264 476 395 373 523 516 429 64 131 252 81 140 450 377 464 
230 362 413 357 69 257 265 183 125 64 0 514 140 142 207 395 219 251 403 351 411 400 90 417 458 478 444 504 319 265 76 239 487 381 366 369 114 418 502 
248 288 389 70 178 103 270 386 207 182 240 0 516 299 378 311 498 343 312 173 134 190 469 212 85 274 313 149 123 253 297 320 111 115 274 191 240 336 216 
502 74 370 54 427 153 263 264 155 521 154 429 0 404 307 143 481 552 454 321 515 331 394 201 356 512 263 367 267 382 461 98 383 146 559 194 323 160 210 
103 280 505 119 539 49 543 358 375 227 74 348 161 0 278 111 346 520 71 250 235 237 175 494 510 337 421 377 389 548 163 392 228 490 62 312 360 78 446 
321 488 125 275 258 356 546 242 508 211 148 270 346 286 0 89 440 302 426 230 58 544 420 278 494 275 315 320 550 334 496 557 179 402 332 334 304 393 163 
397 177 548 461 485 64 258 64 397 69 280 413 208 178 531 0 278 134 316 450 406 250 162 203 552 415 371 301 206 103 428 406 554 514 451 540 551 489 221 
252 444 230 273 445 416 397 114 96 426 148 163 366 234 373 216 0 354 493 70 327 423 326 71 293 156 260 244 342 282 314 251 404 50 185 155 522 235 175 
194 249 194 418 326 470 199 121 486 116 458 78 537 203 415 348 95 0 73 530 201 62 463 249 271 501 418 308 481 60 398 146 86 322 53 98 155 171 343 
132 73 516 506 72 317 252 149 271 164 301 506 390 353 164 334 175 463 0 108 299 385 473 257 388 514 267 72 497 469 515 241 353 222 516 92 496 432 430 
333 196 267 322 59 428 412 269 208 492 421 356 549 149 541 339 417 165 112 0 424 276 477 473 81 448 187 91 336 300 449 557 96 356 93 472 437 474 132 
472 401 174 230 187 447 56 540 202 491 550 139 162 367 412 84 89 408 476 249 0 239 476 149 249 252 217 179 522 202 185 161 303 530 393 387 314 102 213 
202 234 419 526 238 50 383 189 124 112 222 460 52 325 174 143 338 450 120 517 469 0 495 344 201 287 462 48 313 366 258 535 346 198 534 406 512 177 112 
464 61 155 547 298 283 176 300 92 100 389 51 120 188 165 386 557 448 243 296 237 93 0 80 261 527 505 210 173 99 86 558 462 429 166 427 99 517 378 
497 285 490 232 256 317 283 387 56 416 70 140 382 340 327 201 443 111 465 367 180 434 380 0 539 470 460 141 377 79 388 57 256 183 343 211 63 532 211 
203 482 553 206 273 509 218 73 71 560 137 49 504 137 454 157 548 248 341 174 286 543 474 177 0 198 481 557 268 422 251 381 218 459 467 197 404 549 219 
358 236 147 187 325 266 415 147 94 161 66 199 135 80 306 417 194 148 313 120 520 182 397 423 208 0 468 321 382 476 115 502 315 147 492 418 427 534 538 
443 122 282 272 481 229 437 270 339 276 237 387 331 333 452 464 183 366 213 493 155 48 337 361 180 369 0 528 52 149 547 177 425 311 64 72 520 513 370 
90 385 461 409 486 440 65 514 397 266 328 167 235 199 545 302 147 308 508 274 539 163 500 387 102 555 145 0 444 204 117 485 396 477 479 245 264 209 383 
478 493 203 329 332 272 103 237 195 438 489 308 392 310 537 435 90 99 141 118 153 435 393 428 405 423 425 226 0 325 418 192 204 528 364 479 476 99 212 
204 277 127 101 318 165 515 108 443 402 101 490 114 174 380 414 497 344 436 413 83 399 478 475 407 140 528 365 436 0 435 255 257 206 443 306 227 163 63 
486 326 375 60 150 63 174 439 100 381 180 194 501 514 178 88 265 133 70 65 451 144 444 106 143 172 534 217 448 328 0 89 211 443 175 273 160 496 554 
125 339 426 443 307 391 549 274 205 390 261 372 252 208 200 554 384 191 488 304 292 59 520 298 455 259 477 147 254 133 303 0 409 334 48 99 76 517 182 
421 286 119 212 236 295 121 130 432 225 414 439 177 335 332 361 288 319 176 534 523 56 539 225 497 70 177 100 199 502 76 548 0 544 238 58 120 122 538 
504 340 78 54 320 152 513 294 65 408 426 282 73 456 272 81 208 276 201 370 223 491 76 143 218 99 391 501 352 525 238 228 394 0 250 296 398 536 70 
519 165 129 196 386 373 503 557 201 545 287 548 111 508 531 51 329 437 111 404 475 160 419 423 105 338 117 365 442 141 212 200 136 318 0 171 111 327 266 
556 319 490 65 276 149 211 66 186 519 523 199 384 60 152 365 483 493 554 119 412 239 515 185 228 300 110 288 288 354 246 286 533 113 391 0 194 299 207 
412 428 350 313 290 66 306 161 372 301 464 484 234 271 68 156 435 283 176 433 144 513 453 495 141 245 264 520 539 362 105 363 434 130 208 334 0 383 173 
447 64 268 544 554 523 92 393 108 255 427 232 482 318 329 93 366 199 390 527 234 85 373 471 269 165 158 386 204 395 125 490 227 151 214 318 391 0 431 
178 312 460 103 432 535 327 484 390 286 166 550 451 293 414 458 383 408 347 529 349 82 425 493 219 523 205 66 367 423 286 206 282 492 275 59 387 204 0 

e'''[i][j]=
0 482 106 560 259 269 516 263 414 191 560 457 418 225 384 545 
399 0 48 277 542 125 456 67 112 503 327 271 134 506 200 422 
308 301 0 503 381 360 90 103 384 470 178 437 272 63 397 370 
483 546 417 0 266 130 200 59 294 237 228 156 554 436 154 532 
356 51 160 407 0 416 525 472 233 100 354 112 496 394 489 216 
204 142 416 158 513 0 534 198 496 293 306 536 329 65 507 401 
511 258 517 307 446 551 0 338 170 362 178 252 488 448 126 427 
415 221 253 346 344 176 219 0 223 243 140 207 463 502 499 374 
420 83 307 144 535 481 386 336 0 420 258 208 469 506 257 291 
333 460 353 149 415 322 133 263 0 0 106 338 67 437 235 470 
85 249 391 379 331 524 229 295 295 223 0 473 350 139 542 503 
538 258 133 470 239 251 286 204 98 508 514 0 142 459 174 111 
134 240 348 242 254 164 156 482 91 304 445 370 0 402 456 220 
188 326 114 271 72 369 108 528 454 428 484 274 482 0 192 178 
140 221 544 505 530 147 442 100 422 392 112 549 183 366 0 533 
329 145 130 259 53 378 428 208 118 220 395 527 511 233 432 0 

t'[i][j]=
0 145 59 76 35 47 66 25 99 141 170 186 27 
129 0 71 181 188 195 39 134 87 101 24 111 176 
118 163 0 58 128 42 153 23 107 198 157 172 161 
149 21 190 0 182 166 27 68 100 175 142 145 129 
77 44 93 65 0 53 183 176 187 155 139 124 182 
43 25 59 181 82 0 94 167 28 189 39 101 193 
45 55 61 119 92 188 0 82 140 127 160 152 166 
66 138 102 170 44 69 48 0 173 169 94 31 81 
46 155 86 48 175 132 109 146 0 33 142 39 83 
39 186 128 58 190 200 152 145 110 0 140 77 84 
142 87 30 143 50 177 188 162 141 156 0 89 116 
95 46 178 132 40 42 192 58 24 63 150 0 104 
154 75 146 146 20 44 44 42 117 30 20 174 0 

t''[i][j]=
0 78 86 136 57 42 69 66 35 182 125 61 26 119 169 66 187 197 184 131 170 194 148 150 106 185 77 94 65 20 152 160 120 87 59 178 190 74 101 
172 0 73 51 143 121 98 155 59 56 22 53 144 54 53 50 151 166 45 167 67 179 118 78 77 187 72 139 72 142 59 146 197 125 79 123 190 35 173 
159 145 0 188 87 114 182 182 108 51 122 102 199 178 74 35 58 37 95 81 69 80 183 119 160 111 154 57 151 152 158 181 166 173 159 42 39 176 72 
153 200 174 0 185 43 108 121 61 26 60 33 39 21 81 120 132 143 61 80 116 140 43 30 92 178 166 86 146 75 89 84 99 180 158 92 127 81 30 
157 197 43 167 0 39 181 196 58 75 115 83 187 47 194 62 74 159 61 123 47 119 29 88 173 134 179 110 91 174 178 107 168 140 151 97 100 111 158 
34 47 199 138 111 0 200 181 74 44 95 63 171 88 148 108 61 121 164 106 73 27 131 67 109 183 86 165 87 112 63 75 130 109 195 94 119 56 151 
37 190 35 159 145 162 0 70 111 154 125 67 20 62 122 195 29 70 144 121 48 88 51 105 198 169 146 48 31 104 154 196 56 98 159 147 174 44 69 
50 41 199 29 27 53 140 0 33 74 22 125 159 53 190 111 44 165 184 160 138 142 101 192 140 151 33 170 62 124 101 27 124 115 103 141 157 187 187 
101 57 132 51 84 146 36 90 0 155 37 42 53 29 195 66 131 84 69 57 144 49 127 191 106 39 188 124 194 103 23 171 86 144 62 146 146 55 22 
162 62 37 84 44 32 168 175 145 0 196 185 54 113 101 71 158 182 198 152 71 140 27 88 29 128 153 193 36 58 50 25 174 146 102 29 137 106 108 
124 170 185 71 189 70 146 85 193 99 0 99 188 63 181 86 104 164 178 85 71 186 190 89 106 128 177 199 26 39 30 119 83 109 28 117 74 141 172 
135 126 167 102 159 166 71 41 78 31 87 0 83 186 189 165 51 29 44 175 84 197 47 42 94 50 73 143 136 56 150 186 27 82 106 131 77 91 156 
153 177 149 81 120 64 154 63 89 119 40 140 0 44 184 196 134 73 173 197 148 78 167 95 65 86 33 42 44 36 107 88 133 92 91 200 32 82 75 
193 167 184 102 102 95 76 140 129 107 132 100 147 0 32 79 142 47 95 94 193 144 154 70 146 56 71 176 94 157 166 95 192 50 169 139 62 140 148 
56 155 181 23 95 117 139 163 67 95 28 59 103 170 0 39 74 20 106 187 24 81 55 170 74 143 139 43 89 30 110 182 141 84 191 135 82 108 79 
109 37 162 172 193 190 158 168 74 200 190 124 91 65 35 0 87 83 73 154 186 162 189 94 102 81 178 137 123 90 113 108 175 197 191 180 190 139 169 
39 45 26 111 89 27 90 48 113 37 130 64 114 176 184 123 0 32 110 66 34 179 91 118 78 84 153 98 163 111 85 159 80 193 83 107 171 95 174 
40 182 110 78 79 111 34 143 188 54 130 183 59 70 127 70 135 0 64 161 95 36 138 105 137 173 168 165 122 66 177 73 81 193 107 189 37 174 66 
161 51 111 34 154 21 140 182 48 178 147 35 59 34 119 77 72 53 0 163 118 130 141 69 177 82 155 133 153 86 172 144 55 70 32 146 199 126 24 
124 175 164 192 65 143 132 25 67 113 124 159 118 75 28 94 24 74 79 0 118 29 68 158 20 188 100 20 34 49 186 199 199 82 142 166 200 128 128 
127 113 61 41 152 29 36 165 168 46 34 85 171 136 55 59 137 139 110 58 0 118 118 123 38 29 126 169 197 115 110 74 117 110 140 167 176 49 120 
99 91 58 84 28 107 111 136 52 157 132 197 25 200 198 86 54 137 151 62 178 0 193 144 109 69 79 24 79 42 99 110 109 166 80 148 48 179 88 
40 124 47 71 63 85 82 58 79 56 63 126 20 178 148 170 133 163 72 138 182 143 0 68 138 85 193 118 184 189 81 132 52 140 106 26 24 59 176 
196 151 86 179 46 34 187 184 20 38 171 51 84 195 45 56 142 166 128 55 185 181 198 0 143 180 148 128 152 166 40 39 24 40 39 48 165 135 91 
123 99 39 188 72 24 167 55 75 126 82 116 23 162 52 63 192 114 123 127 28 134 89 91 0 155 67 102 65 37 52 30 130 166 79 50 162 47 77 
164 29 83 74 55 106 98 82 197 138 148 111 60 123 74 48 21 144 78 63 166 87 169 117 142 0 116 23 56 53 159 171 151 51 138 41 34 200 148 
75 61 147 89 195 151 71 59 68 187 33 107 71 20 65 41 87 137 195 195 122 49 28 82 107 99 0 22 67 46 62 58 192 165 55 190 153 31 32 
173 40 68 69 127 20 151 90 112 72 134 33 142 171 123 115 118 20 26 78 123 156 64 59 124 52 127 0 171 187 116 50 24 20 128 116 150 94 124 
42 129 141 111 126 176 43 60 34 23 167 152 81 180 160 87 32 100 123 169 137 189 193 68 66 91 96 77 0 170 170 75 173 81 48 83 133 101 130 
195 181 157 22 142 23 193 193 88 178 54 73 106 42 132 86 32 133 48 174 76 180 195 129 91 88 86 110 56 0 199 35 185 116 110 95 116 121 168 
76 181 29 55 198 48 24 142 37 29 192 114 118 134 46 82 81 24 31 62 95 65 100 87 94 144 40 66 69 178 0 177 89 148 149 28 38 159 167 
165 137 135 196 76 96 127 160 55 141 60 79 157 200 195 22 139 85 104 70 42 177 30 183 55 77 130 20 196 120 185 0 166 179 187 89 64 127 41 
72 144 98 141 53 197 196 33 144 199 116 79 130 147 97 87 43 57 58 26 20 29 87 124 60 122 75 81 127 127 105 28 0 198 101 164 91 20 66 
181 31 114 31 67 155 127 31 29 71 65 177 28 98 140 80 149 65 21 181 59 96 71 105 59 44 197 152 181 120 20 147 30 0 127 106 142 40 133 
178 59 107 77 133 101 36 138 105 181 40 24 87 67 32 25 48 196 47 198 121 51 122 32 132 59 35 119 31 107 187 67 131 125 0 77 194 144 27 
153 130 165 133 77 76 141 57 67 188 118 61 37 179 82 103 114 188 80 134 61 169 131 33 64 26 85 99 83 155 170 55 171 33 162 0 197 70 170 
81 160 21 132 159 185 105 110 29 165 48 115 130 103 26 149 75 168 41 25 174 141 160 131 43 50 189 57 130 153 102 146 108 33 29 88 0 134 171 
165 95 24 36 176 137 41 79 29 198 152 63 198 177 168 80 54 174 168 70 78 94 166 68 90 198 182 141 132 116 134 157 195 176 81 111 44 0 172 
94 70 146 40 154 155 39 30 127 186 183 162 33 119 175 46 91 76 98 152 79 69 149 184 147 174 111 49 88 116 103 103 193 85 127 46 140 162 0 

t'''[i][j]=
0 40 118 108 122 111 117 57 43 35 127 101 43 106 80 171 
176 0 25 65 102 157 30 150 183 84 58 38 95 194 33 92 
66 72 0 157 23 168 34 181 68 200 68 169 46 174 69 61 
157 187 65 0 94 21 51 79 68 155 171 105 140 184 95 80 
64 140 120 170 0 163 192 99 150 51 160 188 160 98 196 67 
57 152 185 161 49 0 51 45 32 102 163 165 112 186 171 103 
114 87 58 180 161 127 0 164 51 196 64 26 185 126 79 83 
56 35 185 198 147 36 54 0 74 94 108 149 155 179 92 188 
149 113 182 184 72 112 22 108 0 63 160 55 38 139 125 70 
169 103 138 88 97 168 116 188 175 0 157 185 102 131 157 119 
28 124 112 119 97 142 67 73 42 39 0 122 79 86 101 124 
173 97 153 31 181 145 150 100 168 48 174 0 54 71 165 200 
180 139 174 46 164 133 198 80 120 152 98 61 0 188 69 43 
103 188 154 193 44 157 152 135 186 118 155 144 88 0 183 128 
190 102 82 57 180 51 80 24 164 186 101 102 82 133 0 196 
35 76 71 87 196 148 138 139 88 112 167 90 80 56 51 0 

d''[i][k]=
0 0 0 0 0 0 0 0 0 0 0 6 
0 0 0 0 0 0 0 0 0 0 3 2 
0 0 0 0 0 0 0 0 0 0 5 0 
0 0 0 0 0 0 0 0 0 2 4 0 
0 0 0 0 0 0 0 0 0 6 0 0 
0 0 0 0 0 0 0 0 0 7 0 0 
0 0 0 0 0 0 0 0 0 5 0 0 
0 0 0 0 0 0 0 0 5 0 0 0 
0 0 0 0 0 0 0 6 0 0 0 0 
0 0 0 0 0 0 7 0 0 0 0 0 
0 0 0 0 0 0 7 0 0 0 0 0 
0 0 0 0 0 0 5 0 0 0 0 0 
0 0 0 0 0 0 5 0 0 0 0 0 
0 0 0 0 0 6 0 0 0 0 0 0 
0 0 0 0 0 5 0 0 0 0 0 0 
0 0 0 0 0 6 0 0 0 0 0 0 
0 0 0 0 7 0 0 0 0 0 0 0 
0 3 0 0 2 0 0 0 0 0 0 0 
0 5 0 0 0 0 0 0 0 0 0 0 
0 6 0 0 0 0 0 0 0 0 0 0 
0 6 0 0 0 0 0 0 0 0 0 0 
0 5 0 0 0 0 0 0 0 0 0 0 
3 2 0 0 0 0 0 0 0 0 0 0 
6 0 0 0 0 0 0 0 0 0 0 0 
5 0 0 0 0 0 0 0 0 0 0 0 
6 0 0 0 0 0 0 0 0 0 0 0 
5 0 0 0 0 0 0 0 0 0 0 0 
5 0 0 0 0 0 0 0 0 0 0 0 
0 0 0 7 0 0 0 0 0 0 0 0 
0 0 5 0 0 0 0 0 0 0 0 0 
0 0 0 5 0 0 0 0 0 0 0 0 
0 0 0 0 0 0 5 0 0 0 0 0 
0 0 0 0 0 0 0 6 0 0 0 0 
0 0 0 0 0 0 0 5 0 0 0 0 
0 0 0 0 0 0 1 1 0 0 4 0 
0 0 0 0 0 0 0 0 0 0 0 5 
0 0 0 0 0 0 0 0 0 0 0 5 
0 0 0 0 0 0 0 0 0 0 0 7 

r''[i][k]=
0 0 0 0 0 0 0 0 0 0 0 3.3 
0 0 0 0 0 0 0 0 0 0 0.72 0.16 
0 0 0 0 0 0 0 0 0 0 0.1 0 
0 0 0 0 0 0 0 0 0 0.94 1.2 0 
0 0 0 0 0 0 0 0 0 3.18 0 0 
0 0 0 0 0 0 0 0 0 0.28 0 0 
0 0 0 0 0 0 0 0 0 1.6 0 0 
0 0 0 0 0 0 0 0 0.65 0 0 0 
0 0 0 0 0 0 0 0 0 0 0 0 
0 0 0 0 0 0 0.98 0 0 0 0 0 
0 0 0 0 0 0 0.14 0 0 0 0 0 
0 0 0 0 0 0 0.1 0 0 0 0 0 
0 0 0 0 0 0 1.65 0 0 0 0 0 
0 0 0 0 0 1.32 0 0 0 0 0 0 
0 0 0 0 0 0.25 0 0 0 0 0 0 
0 0 0 0 0 2.88 0 0 0 0 0 0 
0 0 0 0 5.74 0 0 0 0 0 0 0 
0 2.07 0 0 1.16 0 0 0 0 0 0 0 
0 1.15 0 0 0 0 0 0 0 0 0 0 
0 3.12 0 0 0 0 0 0 0 0 0 0 
0 0.24 0 0 0 0 0 0 0 0 0 0 
0 2.45 0 0 0 0 0 0 0 0 0 0 
1.62 0.46 0 0 0 0 0 0 0 0 0 0 
1.92 0 0 0 0 0 0 0 0 0 0 0 
0.7 0 0 0 0 0 0 0 0 0 0 0 
1.92 0 0 0 0 0 0 0 0 0 0 0 
0.05 0 0 0 0 0 0 0 0 0 0 0 
0.85 0 0 0 0 0 0 0 0 0 0 0 
0 0 0 5.39 0 0 0 0 0 0 0 0 
0 0 0.05 0 0 0 0 0 0 0 0 0 
0 0 0 2.65 0 0 0 0 0 0 0 0 
0 0 0 0 0 0 4.05 0 0 0 0 0 
0 0 0 0 0 0 0 0.24 0 0 0 0 
0 0 0 0 0 0 0 0.1 0 0 0 0 
0 0 0 0 0 0 0.05 0.49 0 0 1.88 0 
0 0 0 0 0 0 0 0 0 0 0 4.35 
0 0 0 0 0 0 0 0 0 0 0 0.45 
0 0 0 0 0 0 0 0 0 0 0 5.04 

p[k]=
0.01 0.02 0.03 0 0.03 0.05 0.01 0 0 0.02 0.01 0.01 

d'''[i][k]=
0 0 0 0 0 0 0 0 0 0 5 25 
0 0 0 0 0 0 0 0 0 0 5 0 
0 0 0 0 0 0 0 0 0 0 5 0 
0 0 0 0 0 0 0 0 0 4 1 0 
0 0 0 0 0 0 0 0 0 5 0 0 
0 0 0 0 0 0 0 0 0 5 0 0 
0 0 0 0 0 0 0 0 0 5 0 0 
0 0 0 0 0 0 0 0 4 1 0 0 
0 0 0 0 0 0 0 4 1 0 0 0 
0 0 0 0 0 0 0 5 0 0 0 0 
0 0 0 0 0 0 10 9 0 0 0 0 
0 0 0 0 0 10 20 0 0 0 0 0 
0 0 2 12 9 7 0 0 0 0 0 0 
0 27 3 0 0 0 0 0 0 0 0 0 
30 0 0 0 0 0 0 0 0 0 0 0 

r'''[i][k]=
0 0 0 0 0 0 0 0 0 0 0.15 11 
0 0 0 0 0 0 0 0 0 0 1.5 0 
0 0 0 0 0 0 0 0 0 0 0.2 0 
0 0 0 0 0 0 0 0 0 1.08 0.27 0 
0 0 0 0 0 0 0 0 0 0 0 0 
0 0 0 0 0 0 0 0 0 0.05 0 0 
0 0 0 0 0 0 0 0 0 0.1 0 0 
0 0 0 0 0 0 0 0 0.68 0.56 0 0 
0 0 0 0 0 0 0 0.08 0.15 0 0 0 
0 0 0 0 0 0 0 0.75 0 0 0 0 
0 0 0 0 0 0 4.9 1.71 0 0 0 0 
0 0 0 0 0 0 0.4 0 0 0 0 0 
0 0 0.36 0.6 4.05 3.71 0 0 0 0 0 0 
0 11.88 0.81 0 0 0 0 0 0 0 0 0 
2.4 0 0 0 0 0 0 0 0 0 0 0 
