|S|=7
|R|=23
|O|=10
|V|=20
q=150
c=1
Tmax=960
H=1000

e'[i][j]=
0 230 413 137 456 426 212 124 
163 0 199 180 93 436 316 247 
413 454 0 368 58 229 235 311 
250 89 283 0 158 199 269 95 
380 138 76 50 0 98 247 139 
361 446 442 49 140 0 52 303 
412 100 66 432 289 183 0 466 
312 401 473 151 443 397 296 0 

e''[i][j]=
0 466 406 426 334 85 218 244 169 432 198 225 170 270 321 49 340 249 454 219 463 441 370 137 
137 0 163 452 123 323 393 284 417 70 425 229 419 66 468 193 314 111 428 207 75 96 236 108 
333 109 0 117 262 477 466 79 172 114 254 399 363 410 302 386 410 311 421 283 431 144 252 198 
279 393 112 0 430 136 68 173 339 412 366 452 309 355 172 309 445 376 256 69 355 437 419 241 
345 167 263 183 0 311 162 156 149 243 254 401 299 310 172 303 267 222 143 405 188 271 77 156 
156 69 241 192 407 0 134 141 94 352 383 214 267 356 333 473 160 236 195 141 347 474 319 214 
423 457 287 157 276 451 0 435 291 83 68 319 435 390 281 173 357 104 275 362 338 107 416 440 
404 90 102 288 460 52 219 0 83 58 291 265 298 72 351 442 452 394 124 382 135 72 255 232 
176 282 314 115 57 57 90 291 0 183 252 403 323 180 189 276 390 272 408 345 124 458 321 469 
165 319 176 239 267 266 103 415 366 0 309 109 87 397 453 238 307 428 97 121 305 283 401 437 
360 324 476 177 122 153 131 92 58 48 0 350 307 277 100 180 72 399 117 173 89 351 261 176 
348 59 101 454 199 171 51 406 371 430 138 0 99 435 185 201 69 297 473 211 166 299 477 467 
331 456 373 115 347 106 324 117 306 317 361 110 0 96 52 279 330 215 76 136 175 260 475 374 
267 416 244 440 463 314 271 389 283 253 145 225 262 0 133 216 201 314 331 157 343 369 324 259 
336 122 251 70 248 126 361 215 442 379 305 151 280 227 0 402 164 237 347 329 416 304 315 305 
231 480 123 440 179 382 450 75 254 174 438 331 406 339 335 0 306 335 322 128 324 328 388 269 
447 151 455 164 357 339 468 120 315 462 121 297 456 230 356 127 0 304 153 173 57 94 204 199 
405 455 453 74 100 216 91 94 289 191 153 219 177 367 433 184 182 0 313 389 377 295 159 269 
181 301 308 184 170 116 334 476 396 136 74 469 67 173 118 315 134 68 0 354 358 78 380 293 
115 302 130 399 388 416 205 63 241 201 432 442 378 201 300 234 211 361 227 0 126 339 446 362 
216 421 348 295 54 238 107 305 111 301 376 137 225 471 406 244 393 156 322 400 0 419 398 299 
173 70 464 91 252 344 361 85 348 458 303 177 471 353 81 74 114 222 190 404 356 0 369 318 
246 200 54 273 88 404 184 274 389 471 401 283 438 345 275 368 115 76 259 114 78 100 0 373 
276 283 221 421 255 464 234 73 221 95 147 365 153 202 63 474 80 236 312 368 387 227 469 0 

e'''[i][j]=
0 289 295 182 450 189 314 102 286 138 333 
320 0 143 164 377 102 467 372 337 265 424 
354 233 0 464 170 304 286 120 381 327 444 
65 99 55 0 240 451 444 142 417 90 462 
114 52 70 412 0 162 179 174 472 215 166 
417 70 263 329 448 0 408 284 473 381 412 
83 192 130 345 163 196 0 193 476 266 154 
262 432 321 210 264 418 65 0 88 436 393 
458 362 349 157 76 284 141 87 0 109 252 
341 57 451 320 320 87 227 298 241 0 330 
259 64 152 188 198 256 455 222 57 183 0 

t'[i][j]=
0 41 88 49 95 53 87 58 
24 0 60 22 32 94 72 33 
64 68 0 95 90 59 95 85 
62 92 57 0 60 41 53 93 
60 31 94 95 0 32 35 26 
88 32 25 65 59 0 96 35 
98 63 57 23 68 48 0 98 
86 30 22 97 82 35 73 0 

t''[i][j]=
0 41 20 81 85 40 69 47 52 86 42 75 39 79 60 77 22 66 94 99 72 73 46 70 
76 0 29 83 71 66 63 94 42 72 48 35 62 40 52 56 75 80 67 73 94 62 32 25 
92 60 0 72 80 74 45 32 92 70 54 67 84 91 58 64 54 76 24 59 46 54 66 28 
96 58 66 0 60 87 97 38 97 50 56 96 43 31 79 44 57 30 39 44 51 40 85 41 
25 35 61 69 0 83 100 99 92 61 38 84 36 73 70 26 50 54 93 48 46 23 84 75 
64 50 45 66 81 0 90 29 20 22 71 71 77 72 86 46 40 68 99 86 27 34 28 77 
46 26 28 64 42 59 0 86 90 34 72 31 85 73 70 20 21 40 43 32 39 77 91 76 
32 78 72 36 59 39 90 0 75 74 43 95 82 62 48 64 22 47 43 75 76 76 89 46 
66 56 54 88 68 67 25 32 0 58 67 73 98 91 100 63 62 60 33 38 83 38 25 22 
50 65 41 51 62 90 20 92 40 0 98 52 25 26 40 58 90 20 37 61 25 48 68 67 
66 23 53 54 57 76 39 51 63 34 0 80 27 45 61 35 76 75 47 90 59 29 53 84 
28 71 35 57 95 72 44 37 32 43 86 0 79 29 73 100 29 49 92 96 59 97 48 60 
72 39 21 75 64 24 57 81 44 49 57 21 0 45 39 62 76 45 56 63 66 42 53 28 
85 26 43 36 55 35 90 82 84 63 98 25 42 0 37 48 35 84 70 57 39 89 27 74 
65 41 41 46 35 47 49 31 74 27 35 91 22 21 0 45 57 57 60 73 100 57 54 75 
95 77 69 58 45 87 56 40 27 82 89 39 69 99 86 0 37 78 54 97 55 47 57 87 
58 21 93 95 21 91 45 93 41 52 46 24 39 53 36 79 0 96 70 36 28 82 79 39 
98 87 64 22 100 64 100 74 59 63 49 47 41 52 45 53 99 0 52 35 37 53 54 62 
21 67 96 71 88 80 40 76 34 85 86 53 80 28 91 81 40 59 0 85 64 82 36 65 
26 78 65 65 32 37 52 37 65 50 86 45 94 48 93 93 59 84 33 0 50 73 32 69 
59 78 56 25 47 30 77 57 92 34 68 31 21 87 37 89 27 23 66 53 0 73 76 99 
23 44 41 92 84 62 49 56 84 65 39 53 74 25 32 45 45 97 100 27 87 0 62 60 
57 27 26 74 47 22 88 66 48 70 74 40 30 49 72 95 69 28 76 48 61 47 0 59 
25 51 41 50 57 62 59 75 100 92 78 31 41 51 91 100 37 72 77 35 69 76 97 0 

t'''[i][j]=
0 29 36 85 94 66 36 94 90 79 98 
47 0 33 88 20 82 99 55 23 61 80 
92 61 0 33 58 78 96 83 85 30 84 
99 50 25 0 77 46 66 29 86 62 62 
56 84 64 74 0 73 69 73 64 41 46 
23 69 30 55 56 0 84 35 23 67 28 
56 22 34 55 35 66 0 36 32 94 44 
43 45 72 75 24 25 39 0 39 83 88 
65 29 56 51 68 47 78 67 0 52 58 
46 65 42 76 50 59 64 65 97 0 59 
73 100 56 39 85 44 28 38 74 20 0 

d''[i][k]=
0 0 0 0 0 5 0 
0 0 0 0 4 1 0 
0 0 0 0 5 0 0 
0 0 0 1 4 0 0 
0 0 0 5 0 0 0 
0 0 0 5 0 0 0 
0 0 0 5 0 0 0 
0 0 3 2 0 0 0 
0 0 5 0 0 0 0 
0 0 5 0 0 0 0 
0 0 5 0 0 0 0 
0 4 1 0 0 0 0 
0 5 0 0 0 0 0 
0 5 0 0 0 0 0 
0 5 0 0 0 0 0 
4 1 0 0 0 0 0 
5 0 0 0 0 0 0 
5 0 0 0 0 0 0 
5 0 0 0 0 0 0 
0 0 0 0 0 0 5 
0 0 0 0 0 2 3 
0 0 0 0 5 0 0 
0 0 0 0 0 5 0 

r''[i][k]=
0 0 0 0 0 2.35 0 
0 0 0 0 0.8 0.02 0 
0 0 0 0 3 0 0 
0 0 0 0.54 1.28 0 0 
0 0 0 0.9 0 0 0 
0 0 0 1.6 0 0 0 
0 0 0 0.8 0 0 0 
0 0 0.45 1.3 0 0 0 
0 0 0.25 0 0 0 0 
0 0 1.55 0 0 0 0 
0 0 1.95 0 0 0 0 
0 2.24 0.34 0 0 0 0 
0 0.55 0 0 0 0 0 
0 0.75 0 0 0 0 0 
0 2.55 0 0 0 0 0 
0.04 0.04 0 0 0 0 0 
0.25 0 0 0 0 0 0 
2.3 0 0 0 0 0 0 
0.1 0 0 0 0 0 0 
0 0 0 0 0 0 2.6 
0 0 0 0 0 0.88 0.78 
0 0 0 0 2.9 0 0 
0 0 0 0 0 0.75 0 

p[k]=
0.04 0.03 0 0.03 0.03 0.03 0.03 

d'''[i][k]=
0 0 0 0 0 12 8 
0 0 0 1 18 1 0 
0 0 0 5 0 0 0 
0 0 0 5 0 0 0 
0 0 0 5 0 0 0 
0 0 3 2 0 0 0 
0 0 5 0 0 0 0 
0 0 10 0 0 0 0 
0 19 1 0 0 0 0 
19 1 0 0 0 0 0 

r'''[i][k]=
0 0 0 0 0 0.72 6 
0 0 0 0.52 0.54 0.83 0 
0 0 0 0.45 0 0 0 
0 0 0 0.85 0 0 0 
0 0 0 0.4 0 0 0 
0 0 0.39 0.8 0 0 0 
0 0 3.25 0 0 0 0 
0 0 3.5 0 0 0 0 
0 8.74 0.12 0 0 0 0 
3.42 0.26 0 0 0 0 0 
