|S|=7
|R|=23
|O|=10
|V|=20
q=150
c=1
Tmax=960
H=1000

e'[i][j]=
0 94 99 374 66 424 447 431 
400 0 201 276 52 333 119 83 
424 454 0 86 346 121 293 446 
409 86 466 0 137 222 118 82 
284 216 312 390 0 74 354 85 
205 139 242 55 105 0 212 473 
235 250 401 232 338 232 0 288 
160 298 433 348 54 458 291 0 

e''[i][j]=
0 290 193 119 302 141 132 331 134 407 480 276 471 268 249 304 168 88 355 178 448 358 173 74 
276 0 164 182 361 335 64 340 180 140 242 180 286 340 63 84 214 299 421 195 123 460 375 126 
189 94 0 191 49 67 459 379 138 302 123 242 122 321 439 462 333 320 78 470 281 83 365 87 
87 457 246 0 117 353 283 264 355 77 374 433 188 212 125 161 86 295 430 329 306 443 387 50 
272 96 101 328 0 167 111 344 51 294 208 262 219 129 208 303 128 115 384 297 359 372 195 204 
292 297 377 349 364 0 62 411 144 312 421 184 240 308 109 176 56 56 85 53 466 218 402 451 
99 348 236 323 420 246 0 342 330 53 447 339 128 62 393 365 348 364 463 53 270 124 269 387 
140 215 219 115 62 236 294 0 273 330 161 148 475 221 125 305 101 237 103 239 464 330 341 387 
440 239 325 203 87 123 353 393 0 150 480 363 236 344 223 237 450 59 327 100 399 395 165 187 
236 471 303 458 336 222 53 156 410 0 349 400 329 257 229 365 365 274 232 197 90 469 291 419 
142 125 131 266 92 82 308 274 218 160 0 289 139 101 388 189 154 306 330 381 402 325 453 95 
82 247 197 125 55 461 284 157 420 169 84 0 455 233 361 213 227 94 80 164 384 113 450 224 
391 278 444 323 94 243 302 459 429 377 103 82 0 443 325 219 210 465 332 467 400 351 358 162 
58 231 159 347 222 326 76 107 473 435 79 103 327 0 361 183 186 468 374 236 215 235 467 148 
214 426 203 237 431 67 295 315 177 182 323 319 280 351 0 371 133 120 389 345 420 398 108 377 
373 443 164 78 241 264 362 182 456 452 49 114 136 172 418 0 256 328 360 457 142 382 177 81 
164 394 297 151 395 75 380 94 248 82 219 121 64 219 354 253 0 365 145 254 64 69 425 98 
361 261 231 460 324 433 291 141 274 49 106 403 321 194 369 478 436 0 318 136 385 292 462 238 
98 283 436 322 68 242 71 235 278 461 296 269 382 124 436 214 468 79 0 436 328 88 338 471 
114 49 128 190 443 364 232 163 145 332 377 327 262 91 176 256 465 437 223 0 94 82 401 361 
462 379 194 358 298 276 125 247 168 179 131 157 94 354 441 140 336 286 202 96 0 92 202 132 
442 326 367 420 219 307 263 412 240 67 475 83 175 363 146 479 67 197 163 349 397 0 98 177 
286 269 129 414 176 335 266 384 353 374 104 158 227 359 80 295 400 228 288 207 291 52 0 48 
200 398 425 420 331 422 128 277 200 453 238 88 295 340 476 109 240 343 85 393 301 92 476 0 

e'''[i][j]=
0 299 181 297 182 121 435 374 392 173 201 
277 0 270 76 385 423 348 255 205 61 389 
253 419 0 350 186 479 449 229 255 378 303 
286 58 247 0 73 356 100 96 450 296 97 
365 166 111 284 0 170 79 453 144 348 295 
261 346 399 275 263 0 381 276 428 300 400 
290 142 467 110 434 312 0 200 108 191 343 
274 406 438 151 369 394 372 0 442 277 315 
355 324 97 306 436 388 401 382 0 228 262 
246 87 156 365 175 183 262 109 472 0 434 
148 111 275 314 369 264 311 175 139 450 0 

t'[i][j]=
0 90 69 72 37 29 45 85 
91 0 53 31 55 55 28 64 
84 89 0 66 83 77 97 82 
20 87 59 0 99 92 24 87 
24 35 25 66 0 53 55 53 
80 98 93 28 99 0 67 58 
56 76 41 73 47 92 0 47 
94 76 92 79 38 70 23 0 

t''[i][j]=
0 89 45 63 32 58 82 21 72 94 34 74 40 42 31 86 70 84 61 36 37 23 42 61 
45 0 48 94 37 71 83 68 61 39 86 76 35 49 29 92 23 51 55 46 85 36 48 30 
42 84 0 98 60 69 20 31 69 72 51 51 62 34 92 24 87 95 62 86 63 75 78 76 
86 100 49 0 99 27 37 49 23 65 57 79 30 92 31 55 56 71 74 26 86 52 97 93 
96 22 74 39 0 99 42 67 60 20 88 67 80 90 84 51 100 64 24 32 88 69 72 70 
62 43 76 33 56 0 96 97 93 47 78 45 56 53 60 81 44 42 97 79 31 35 49 70 
98 88 91 72 97 28 0 41 39 22 49 79 91 100 46 66 50 78 70 99 28 35 76 58 
40 63 56 97 52 90 66 0 92 37 94 71 63 50 39 100 81 20 87 91 35 52 65 29 
89 52 46 68 71 23 23 68 0 66 56 30 66 62 22 98 24 96 41 54 69 64 67 74 
69 52 86 53 30 38 24 30 89 0 31 35 26 47 20 62 82 64 74 96 52 88 55 88 
58 24 93 30 58 22 69 78 23 41 0 88 61 26 27 78 86 79 93 87 87 67 83 57 
21 92 28 89 22 50 34 81 80 40 91 0 41 87 77 81 88 95 55 86 89 100 41 32 
44 53 25 40 66 22 81 44 77 22 22 80 0 65 79 62 29 43 90 96 32 68 79 60 
55 73 45 48 80 99 46 41 38 77 23 45 54 0 99 88 57 96 50 37 46 88 67 98 
90 29 66 45 71 51 62 29 65 43 49 77 80 62 0 63 93 63 88 100 41 85 81 84 
44 47 72 91 72 49 89 82 84 20 90 47 99 77 66 0 70 31 42 21 81 46 23 52 
20 55 41 84 96 32 91 80 89 57 33 81 40 92 26 61 0 53 63 87 56 24 67 60 
91 26 23 95 45 95 85 77 96 66 49 21 71 24 41 74 48 0 88 47 44 21 57 83 
57 32 49 20 47 74 21 37 21 80 72 55 67 71 99 34 61 90 0 20 97 22 54 27 
56 37 96 99 41 55 94 26 89 84 49 21 34 30 100 56 49 42 54 0 66 88 70 54 
63 46 50 36 46 30 58 90 25 98 40 79 91 45 68 54 50 34 45 94 0 34 68 64 
44 94 60 64 29 48 88 83 57 24 47 26 90 56 38 24 65 39 36 92 84 0 86 95 
50 43 36 77 78 66 55 43 32 37 71 24 45 87 36 58 47 40 46 22 31 28 0 70 
97 24 85 92 43 67 78 93 30 89 82 73 80 61 68 48 50 48 47 75 22 49 94 0 

t'''[i][j]=
0 73 82 87 30 85 28 72 29 47 62 
75 0 90 41 86 69 93 81 21 72 66 
50 79 0 82 65 83 71 78 96 56 73 
51 78 94 0 36 70 66 25 41 35 79 
57 60 81 33 0 47 36 100 69 54 58 
99 72 78 40 39 0 37 96 35 39 81 
83 75 80 79 23 30 0 49 44 93 61 
31 75 52 68 56 32 37 0 99 57 47 
55 96 68 100 49 33 71 27 0 99 63 
84 88 65 29 57 63 89 83 58 0 71 
65 88 34 68 73 62 53 96 27 80 0 

d''[i][k]=
0 0 0 0 0 2 3 
0 0 0 0 0 5 0 
0 0 0 0 0 5 0 
0 0 0 0 5 0 0 
0 0 0 0 5 0 0 
0 0 0 0 5 0 0 
0 0 0 3 2 0 0 
0 0 0 5 0 0 0 
0 0 0 5 0 0 0 
0 0 0 5 0 0 0 
0 0 5 0 0 0 0 
0 0 5 0 0 0 0 
0 0 5 0 0 0 0 
0 3 2 0 0 0 0 
0 5 0 0 0 0 0 
0 5 0 0 0 0 0 
0 5 0 0 0 0 0 
5 0 0 0 0 0 0 
5 0 0 0 0 0 0 
0 0 0 0 0 0 5 
0 0 0 0 0 0 5 
0 0 0 0 0 5 0 
0 0 0 0 0 0 5 

r''[i][k]=
0 0 0 0 0 0.5 0.45 
0 0 0 0 0 2.85 0 
0 0 0 0 0 1.6 0 
0 0 0 0 1.15 0 0 
0 0 0 0 1.55 0 0 
0 0 0 0 2.05 0 0 
0 0 0 1.44 0.28 0 0 
0 0 0 0.05 0 0 0 
0 0 0 2.5 0 0 0 
0 0 0 3.95 0 0 0 
0 0 0.25 0 0 0 0 
0 0 0.25 0 0 0 0 
0 0 0.05 0 0 0 0 
0 0.12 0.92 0 0 0 0 
0 0.85 0 0 0 0 0 
0 0.1 0 0 0 0 0 
0 2.15 0 0 0 0 0 
0.15 0 0 0 0 0 0 
0.65 0 0 0 0 0 0 
0 0 0 0 0 0 0.25 
0 0 0 0 0 0 0.55 
0 0 0 0 0 0.15 0 
0 0 0 0 0 0 0.6 

p[k]=
0.04 0.05 0.03 0 0 0.03 0.02 

d'''[i][k]=
0 0 0 0 0 2 18 
0 0 0 0 5 15 0 
0 0 0 0 5 0 0 
0 0 0 0 5 0 0 
0 0 0 3 2 0 0 
0 0 0 5 0 0 0 
0 0 0 5 0 0 0 
0 0 5 5 0 0 0 
0 8 12 0 0 0 0 
10 10 0 0 0 0 0 

r'''[i][k]=
0 0 0 0 0 0.04 3.24 
0 0 0 0 0.55 7.8 0 
0 0 0 0 1.2 0 0 
0 0 0 0 1.5 0 0 
0 0 0 2.37 0.72 0 0 
0 0 0 0 0 0 0 
0 0 0 1.9 0 0 0 
0 0 0.1 1.15 0 0 0 
0 0.48 0.24 0 0 0 0 
0.3 1.6 0 0 0 0 0 
