|S|=7
|R|=23
|O|=10
|V|=20
q=150
c=1
Tmax=960
H=1000

e'[i][j]=
0 215 92 425 49 412 128 266 
286 0 352 460 93 116 68 308 
136 392 0 136 165 118 162 320 
436 102 306 0 450 325 59 342 
192 123 322 185 0 95 188 290 
233 307 240 171 432 0 258 337 
157 235 165 243 476 225 0 384 
50 140 382 176 244 393 467 0 

e''[i][j]=
0 152 153 105 399 238 366 426 148 130 470 86 258 291 365 184 86 226 365 362 208 369 125 178 
478 0 456 403 247 439 281 319 158 209 179 451 217 468 406 104 79 180 310 363 434 425 112 55 
50 339 0 321 333 365 440 348 276 232 205 198 267 324 369 249 460 265 119 154 304 304 432 395 
364 338 256 0 469 294 453 237 242 66 430 258 354 424 439 399 270 167 450 140 256 284 420 82 
257 412 339 404 0 405 479 271 388 341 101 79 381 87 367 191 342 332 126 140 411 419 261 310 
301 112 359 182 377 0 305 216 296 110 394 147 295 96 162 329 309 139 241 73 54 408 266 203 
119 241 139 273 296 368 0 131 421 307 250 280 386 273 266 176 436 263 62 192 348 285 198 191 
416 190 390 333 279 386 184 0 260 198 475 414 336 209 314 277 220 225 236 450 236 203 252 262 
89 140 357 377 111 377 329 282 0 187 254 242 67 249 452 204 223 445 251 465 448 266 163 277 
196 378 198 279 471 364 474 377 108 0 96 245 298 304 176 464 314 449 418 229 425 286 466 298 
328 419 282 327 106 252 339 207 388 202 0 106 184 216 167 59 441 264 345 110 435 257 114 233 
162 151 404 435 357 456 445 142 48 217 477 0 233 129 288 123 287 343 451 322 74 447 290 113 
470 114 322 473 249 97 178 194 380 324 76 270 0 341 381 217 108 82 61 457 273 169 104 237 
103 267 237 89 329 451 139 428 337 64 272 420 296 0 91 250 83 375 413 329 211 347 225 465 
300 362 327 259 87 420 235 232 258 244 240 384 394 95 0 404 85 352 141 407 360 68 456 290 
323 243 170 219 339 420 309 57 426 348 51 348 83 76 171 0 387 436 107 425 329 292 127 314 
335 121 406 468 224 122 122 103 163 442 434 239 106 462 336 351 0 139 393 108 71 161 155 244 
182 239 181 187 331 270 142 55 462 411 161 207 409 354 260 175 473 0 275 108 114 426 237 431 
146 389 194 266 424 192 210 253 83 252 221 385 207 383 106 464 393 422 0 398 230 466 389 205 
311 390 420 70 395 421 115 234 419 320 181 272 341 230 437 188 138 241 49 0 317 260 294 130 
325 147 161 57 261 142 382 85 462 308 131 450 137 349 164 310 444 281 314 388 0 319 149 371 
464 158 446 153 142 133 292 233 143 56 434 295 397 278 206 248 353 263 337 64 245 0 406 207 
164 290 160 66 282 422 82 366 365 275 285 119 400 480 386 89 137 398 290 377 178 294 0 59 
369 208 151 167 223 178 362 122 320 113 303 93 273 183 235 452 249 177 383 103 350 54 393 0 

e'''[i][j]=
0 460 369 183 454 378 439 464 416 247 56 
113 0 87 408 243 51 52 397 76 271 378 
108 82 0 456 108 268 319 113 448 64 60 
85 294 311 0 153 370 282 422 161 158 353 
57 344 182 452 0 400 348 369 366 61 129 
406 74 425 272 400 0 222 173 58 203 294 
198 166 236 199 315 78 0 109 104 66 350 
136 311 442 245 110 374 433 0 77 446 379 
446 445 240 102 281 479 163 49 0 93 365 
461 393 112 177 271 480 436 390 410 0 384 
289 197 466 185 228 264 124 130 382 442 0 

t'[i][j]=
0 45 65 71 71 53 75 34 
67 0 58 33 86 87 60 50 
36 51 0 62 94 37 44 81 
61 53 30 0 21 42 24 68 
92 51 82 81 0 21 29 25 
82 98 56 39 87 0 72 75 
82 72 61 48 39 55 0 88 
33 34 26 51 67 52 34 0 

t''[i][j]=
0 69 22 28 51 24 55 81 47 97 57 90 67 96 78 54 73 57 60 71 45 100 25 43 
76 0 72 77 97 53 92 95 55 89 56 29 68 43 32 20 39 43 77 39 53 37 41 33 
46 91 0 67 36 32 75 67 43 26 24 83 71 92 46 42 70 51 50 32 25 50 96 77 
83 40 28 0 56 69 75 41 70 99 62 30 25 39 56 94 81 70 69 57 45 82 40 89 
65 84 85 46 0 83 83 43 61 34 40 47 58 42 62 54 23 67 40 30 62 75 54 69 
27 36 80 95 35 0 72 24 29 65 36 35 32 77 30 66 70 52 20 21 65 57 58 85 
57 26 33 71 26 90 0 22 69 30 78 30 39 50 46 84 77 37 94 72 91 96 96 93 
42 37 40 80 55 50 56 0 50 54 63 53 70 99 23 68 90 68 37 33 96 85 31 25 
75 79 95 47 57 39 50 43 0 60 71 54 68 31 65 23 44 67 83 46 26 20 95 82 
34 79 90 31 90 49 64 48 75 0 58 61 65 92 97 23 40 39 67 59 35 60 31 99 
93 69 66 98 82 45 59 35 73 51 0 31 41 79 54 66 33 59 85 73 24 57 74 49 
90 87 34 83 62 55 68 67 66 36 70 0 22 90 63 27 67 54 85 73 59 26 64 73 
91 73 58 49 88 55 52 100 99 92 62 41 0 32 67 80 26 100 68 32 50 32 76 77 
94 73 92 25 100 54 46 85 70 47 42 48 93 0 29 46 44 100 56 57 64 28 55 77 
33 55 42 22 52 51 30 56 43 41 58 39 71 94 0 35 96 42 25 37 92 64 69 43 
22 89 59 31 54 48 100 33 21 81 63 56 96 89 45 0 57 85 35 35 49 56 68 92 
87 71 48 55 99 54 49 30 70 59 96 85 98 72 85 63 0 35 99 49 73 58 49 75 
36 34 49 33 68 62 97 72 54 84 73 73 62 78 78 47 23 0 73 73 30 32 87 43 
49 82 47 61 89 24 53 78 57 36 90 22 67 30 31 28 65 28 0 49 90 67 97 97 
57 24 24 75 98 86 30 40 79 92 46 90 45 53 24 76 75 99 65 0 73 32 56 77 
95 73 50 53 34 59 55 39 88 85 99 73 80 40 72 39 26 99 59 31 0 97 41 60 
23 92 64 75 67 100 32 67 60 51 42 85 90 25 26 72 20 75 66 26 59 0 71 49 
41 20 65 57 35 49 93 31 26 61 35 80 86 55 72 68 98 22 24 29 26 60 0 81 
60 84 70 48 82 83 79 92 60 91 59 52 99 70 67 57 52 45 76 51 67 81 83 0 

t'''[i][j]=
0 83 22 65 76 78 78 99 60 61 80 
63 0 52 86 30 99 52 28 44 77 91 
64 68 0 50 88 81 76 97 42 80 99 
31 35 47 0 45 37 72 94 87 90 62 
49 71 87 29 0 30 20 99 45 22 59 
45 42 39 70 33 0 64 59 26 62 53 
51 94 34 93 39 98 0 64 82 47 71 
100 21 30 55 62 63 76 0 31 96 100 
86 72 40 36 88 74 72 54 0 48 47 
75 60 27 80 100 70 46 84 56 0 50 
55 60 61 88 26 58 79 72 64 28 0 

d''[i][k]=
0 0 0 0 3 0 2 
0 0 0 0 5 0 0 
0 0 0 0 5 0 0 
0 0 0 0 5 0 0 
0 0 0 4 1 0 0 
0 0 0 5 0 0 0 
0 0 0 5 0 0 0 
0 0 0 5 0 0 0 
0 0 4 1 0 0 0 
0 0 5 0 0 0 0 
0 0 5 0 0 0 0 
0 2 3 0 0 0 0 
0 5 0 0 0 0 0 
0 5 0 0 0 0 0 
0 5 0 0 0 0 0 
2 3 0 0 0 0 0 
5 0 0 0 0 0 0 
5 0 0 0 0 0 0 
5 0 0 0 0 0 0 
0 0 0 0 0 0 5 
0 0 0 0 0 5 0 
0 0 0 0 0 0 5 
0 0 0 0 0 0 5 

r''[i][k]=
0 0 0 0 0.21 0 0.18 
0 0 0 0 0.5 0 0 
0 0 0 0 0.65 0 0 
0 0 0 0 0.25 0 0 
0 0 0 2.44 0.94 0 0 
0 0 0 0.1 0 0 0 
0 0 0 0.95 0 0 0 
0 0 0 0.15 0 0 0 
0 0 0.84 0.34 0 0 0 
0 0 2.45 0 0 0 0 
0 0 1.75 0 0 0 0 
0 0.24 0.09 0 0 0 0 
0 3.6 0 0 0 0 0 
0 0.75 0 0 0 0 0 
0 0.15 0 0 0 0 0 
1.1 0 0 0 0 0 0 
1.15 0 0 0 0 0 0 
0.05 0 0 0 0 0 0 
1.55 0 0 0 0 0 0 
0 0 0 0 0 0 2.3 
0 0 0 0 0 2.9 0 
0 0 0 0 0 0 0.1 
0 0 0 0 0 0 0.15 

p[k]=
0.01 0.02 0.03 0.05 0.01 0.02 0.02 

d'''[i][k]=
0 0 0 0 0 3 17 
0 0 0 0 18 2 0 
0 0 0 4 1 0 0 
0 0 0 5 0 0 0 
0 0 0 5 0 0 0 
0 0 0 5 0 0 0 
0 0 4 1 0 0 0 
0 0 10 0 0 0 0 
0 17 3 0 0 0 0 
17 3 0 0 0 0 0 

r'''[i][k]=
0 0 0 0 0 0.12 13.09 
0 0 0 0 5.76 0.48 0 
0 0 0 0.56 0.42 0 0 
0 0 0 0.45 0 0 0 
0 0 0 0.65 0 0 0 
0 0 0 0.4 0 0 0 
0 0 0.32 0.65 0 0 0 
0 0 6.6 0 0 0 0 
0 0.68 0.36 0 0 0 0 
3.23 0.3 0 0 0 0 0 
