|S|=7
|R|=23
|O|=10
|V|=20
q=150
c=1
Tmax=960
H=1000

e'[i][j]=
0 257 116 124 86 62 324 217 
297 0 92 138 96 274 285 401 
54 461 0 375 54 276 382 50 
467 305 427 0 360 257 310 160 
380 352 148 233 0 300 428 340 
68 156 93 160 408 0 263 201 
168 240 219 366 398 374 0 418 
79 113 116 247 281 377 413 0 

e''[i][j]=
0 234 71 461 318 357 275 203 66 371 78 240 102 351 322 454 98 48 280 125 188 278 467 274 
191 0 395 371 369 373 212 203 151 327 328 346 273 126 422 273 73 294 92 310 187 372 170 265 
114 214 0 279 360 441 240 241 407 452 76 279 308 73 372 254 291 464 202 144 307 380 441 258 
143 378 296 0 274 237 112 153 390 370 128 85 145 445 348 194 356 91 371 248 375 59 473 342 
390 451 360 246 0 166 288 125 250 102 117 138 58 115 82 348 239 158 165 221 244 157 413 48 
289 257 271 437 102 0 212 246 372 418 242 406 383 212 128 242 404 461 225 386 423 333 91 442 
427 363 108 241 64 215 0 205 53 143 295 416 86 418 197 73 260 362 287 448 409 381 469 341 
60 389 70 65 209 461 279 0 457 366 372 335 128 348 331 269 469 405 357 448 289 110 271 409 
396 283 217 336 458 257 161 178 0 417 459 393 179 290 123 128 56 362 173 409 400 110 425 436 
453 196 270 336 94 286 386 400 331 0 156 170 118 78 207 168 285 384 144 106 417 405 220 430 
81 358 421 322 454 244 210 402 469 245 0 321 67 293 301 52 277 458 468 127 170 219 391 225 
245 334 335 271 81 72 88 192 149 182 274 0 126 84 330 119 277 145 230 430 157 162 167 384 
355 213 401 219 287 435 345 157 59 422 203 445 0 210 60 270 168 379 463 452 112 154 88 106 
325 460 412 116 466 190 146 65 100 93 306 268 247 0 238 58 261 92 98 70 76 346 453 466 
76 324 246 445 70 353 159 163 311 361 311 454 121 333 0 453 342 203 454 52 202 355 93 196 
67 428 404 441 122 352 120 163 453 141 99 123 223 462 293 0 437 382 391 388 171 453 235 348 
253 323 117 246 148 266 229 148 434 258 197 130 355 127 179 455 0 168 278 355 429 297 449 454 
281 195 426 472 472 210 297 175 99 113 452 212 51 146 117 255 211 0 127 436 198 319 416 253 
445 396 335 400 370 208 452 271 407 99 96 142 217 276 465 346 320 192 0 468 344 406 326 140 
266 139 332 239 388 188 167 374 317 453 346 408 82 446 218 285 209 390 237 0 232 464 307 152 
262 94 400 218 455 456 310 386 162 357 161 407 184 307 364 204 479 391 194 214 0 99 466 151 
445 377 143 313 63 372 191 355 362 480 278 313 257 374 179 247 151 217 177 185 53 0 51 356 
69 172 137 102 168 85 72 178 478 452 206 165 50 471 197 92 448 99 451 472 419 78 0 453 
114 468 335 327 293 169 221 171 424 222 215 409 469 127 67 118 313 408 306 49 139 420 177 0 

e'''[i][j]=
0 453 214 312 166 384 213 138 405 454 274 
365 0 377 146 198 452 105 172 150 240 122 
78 233 0 466 196 388 108 285 247 361 178 
334 334 345 0 232 79 238 424 387 140 220 
287 77 377 195 0 451 154 204 118 427 101 
314 110 113 250 456 0 339 468 381 399 253 
169 447 401 237 311 58 0 199 67 410 442 
232 226 148 140 465 125 198 0 217 337 189 
399 180 188 302 202 461 55 107 0 431 452 
469 469 178 426 452 72 351 253 349 0 421 
143 182 346 433 344 94 327 233 415 167 0 

t'[i][j]=
0 21 42 32 83 61 46 59 
94 0 97 50 43 89 60 43 
91 21 0 95 40 23 58 48 
42 54 39 0 63 70 67 89 
82 54 75 50 0 62 100 33 
51 63 41 70 23 0 70 77 
22 66 61 89 21 28 0 66 
37 75 66 82 52 76 65 0 

t''[i][j]=
0 27 49 43 82 76 85 52 68 82 85 65 88 43 55 73 82 86 39 57 22 47 68 81 
78 0 81 36 32 24 49 50 77 62 36 66 98 22 59 34 94 57 30 36 98 48 35 72 
55 31 0 72 84 45 97 93 91 79 94 20 83 28 87 41 45 20 99 68 77 75 26 78 
72 72 53 0 53 88 49 73 85 65 28 39 30 100 86 38 83 60 100 57 29 79 36 44 
100 87 91 56 0 35 49 41 37 58 52 96 98 49 55 57 21 99 41 31 30 32 73 76 
86 79 53 68 43 0 70 68 55 93 90 48 89 37 40 41 99 30 33 37 36 25 51 38 
64 64 41 75 25 49 0 63 51 37 90 96 70 72 43 87 21 82 50 74 99 45 56 25 
76 25 68 31 83 33 62 0 67 31 58 73 70 94 80 24 75 89 40 75 57 41 28 30 
52 74 100 47 22 93 55 63 0 60 45 93 46 84 68 30 21 61 90 66 80 43 42 44 
52 22 47 24 89 51 30 92 92 0 88 51 74 59 47 35 98 46 55 44 95 41 40 31 
43 58 97 88 30 68 54 93 60 87 0 93 90 49 69 29 62 87 91 70 39 57 78 47 
89 42 59 57 28 92 57 22 25 86 66 0 49 40 73 74 93 68 40 30 50 74 28 47 
73 48 82 60 93 33 82 66 100 81 33 70 0 55 41 85 29 36 56 71 53 24 61 26 
73 76 42 39 20 79 33 71 66 35 22 73 53 0 89 21 33 94 100 42 79 43 79 75 
87 53 54 57 89 44 70 58 23 83 63 46 37 97 0 32 91 61 43 99 22 79 66 81 
44 20 51 98 31 43 23 49 55 34 96 77 76 56 69 0 52 34 96 99 71 46 51 38 
34 67 72 40 84 39 52 39 20 84 92 70 59 35 84 83 0 89 81 69 50 44 41 44 
48 20 91 69 23 43 87 90 62 23 27 56 97 75 48 59 55 0 53 79 59 30 34 44 
98 36 20 54 86 42 24 81 42 78 87 69 31 81 38 45 44 51 0 43 74 90 72 53 
79 46 93 49 24 29 68 26 67 86 52 46 96 92 43 30 47 74 71 0 59 72 78 80 
32 81 56 55 91 90 96 25 83 75 61 85 41 69 34 93 86 66 69 71 0 75 78 43 
57 32 66 50 79 33 75 94 97 27 30 95 46 28 43 92 51 22 51 64 96 0 60 78 
33 47 38 75 69 34 70 85 77 56 48 70 77 36 98 43 100 26 87 63 55 33 0 92 
95 44 77 48 67 100 65 100 89 77 94 84 42 75 45 96 87 64 24 34 60 57 92 0 

t'''[i][j]=
0 84 24 69 37 32 39 46 22 63 55 
88 0 84 47 59 100 80 49 74 48 32 
23 80 0 60 99 78 55 44 85 52 64 
25 47 77 0 60 70 70 37 49 63 33 
81 53 32 37 0 95 51 99 62 53 76 
23 38 44 53 35 0 30 60 80 85 39 
35 81 49 24 37 63 0 69 30 33 88 
65 56 100 81 29 91 34 0 69 89 71 
82 28 73 40 64 20 70 51 0 25 67 
73 41 81 25 98 73 87 75 68 0 56 
72 97 40 85 59 78 44 65 69 87 0 

d''[i][k]=
0 0 0 0 0 5 0 
0 0 0 0 0 6 0 
0 0 0 0 1 4 0 
0 0 0 0 6 0 0 
0 0 0 0 5 0 0 
0 0 0 0 7 0 0 
0 0 0 4 1 0 0 
0 0 0 5 0 0 0 
0 0 0 5 0 0 0 
0 0 5 0 0 0 0 
0 0 6 0 0 0 0 
0 2 5 0 0 0 0 
0 5 0 0 0 0 0 
0 6 0 0 0 0 0 
0 5 0 0 0 0 0 
5 0 0 0 0 0 0 
5 0 0 0 0 0 0 
5 0 0 0 0 0 0 
5 0 0 0 0 0 0 
0 0 0 0 0 0 6 
0 0 0 0 0 0 5 
0 0 0 0 0 0 6 
0 0 0 0 0 3 2 

r''[i][k]=
0 0 0 0 0 0.9 0 
0 0 0 0 0 4.74 0 
0 0 0 0 0.05 0.44 0 
0 0 0 0 1.74 0 0 
0 0 0 0 0.6 0 0 
0 0 0 0 0.35 0 0 
0 0 0 2.4 0.09 0 0 
0 0 0 0.75 0 0 0 
0 0 0 3.15 0 0 0 
0 0 0.3 0 0 0 0 
0 0 0.48 0 0 0 0 
0 0.3 0.9 0 0 0 0 
0 0.6 0 0 0 0 0 
0 1.14 0 0 0 0 0 
0 0.05 0 0 0 0 0 
1.5 0 0 0 0 0 0 
0.35 0 0 0 0 0 0 
0.95 0 0 0 0 0 0 
0.3 0 0 0 0 0 0 
0 0 0 0 0 0 0.48 
0 0 0 0 0 0 0.85 
0 0 0 0 0 0 0.36 
0 0 0 0 0 0.54 0.68 

p[k]=
0.04 0.01 0.02 0.01 0.04 0.01 0.03 

d'''[i][k]=
0 0 0 0 0 1 19 
0 0 0 0 3 17 0 
0 0 0 0 5 0 0 
0 0 0 0 5 0 0 
0 0 0 0 5 0 0 
0 0 0 3 2 0 0 
0 0 0 5 0 0 0 
0 0 14 6 0 0 0 
0 18 2 0 0 0 0 
20 0 0 0 0 0 0 

r'''[i][k]=
0 0 0 0 0 0.01 7.22 
0 0 0 0 0.9 9.52 0 
0 0 0 0 0.75 0 0 
0 0 0 0 0.3 0 0 
0 0 0 0 0.05 0 0 
0 0 0 1.86 0.3 0 0 
0 0 0 0.05 0 0 0 
0 0 0.56 1.98 0 0 0 
0 9.36 0.96 0 0 0 0 
0.4 0 0 0 0 0 0 
