|S|=4
|R|=6
|O|=5
|V|=10
q=70
c=1
Tmax=960
H=1000

e'[i][j]=
0 393 85 374 469 
227 0 174 459 290 
467 269 0 469 153 
340 348 300 0 275 
374 432 167 492 0 

e''[i][j]=
0 510 367 64 158 153 407 
359 0 207 440 313 80 184 
88 208 0 431 337 181 485 
329 458 193 0 130 222 160 
114 425 404 454 0 210 67 
150 453 489 548 485 0 371 
59 74 461 294 217 338 0 

e'''[i][j]=
0 58 348 59 158 221 
210 0 169 78 419 314 
181 381 0 178 301 472 
467 479 101 0 123 471 
264 459 537 52 0 382 
486 224 333 507 455 0 

t'[i][j]=
0 167 143 80 188 
175 0 27 54 65 
141 136 0 101 66 
161 85 79 0 196 
121 188 158 132 0 

t''[i][j]=
0 133 178 28 92 36 84 
162 0 59 68 36 168 34 
183 120 0 120 191 130 114 
57 45 185 0 197 79 187 
28 110 146 80 0 73 178 
160 82 55 24 88 0 42 
131 101 143 175 95 24 0 

t'''[i][j]=
0 105 51 177 75 35 
69 0 164 143 81 108 
46 114 0 102 28 146 
105 82 54 0 62 81 
31 138 51 57 0 179 
52 94 40 199 59 0 

d''[i][k]=
0 0 10 0 
0 19 1 0 
4 13 0 0 
13 0 0 0 
0 0 0 18 
0 0 11 9 

r''[i][k]=
0 0 1.3 0 
0 0.57 0.02 0 
2.08 6.37 0 0 
0.39 0 0 0 
0 0 0 6.48 
0 0 1.1 0.9 

p[k]=
0.04 0.02 0.01 0.01 

d'''[i][k]=
0 0 0 21 
0 0 8 6 
0 7 14 0 
0 21 0 0 
17 4 0 0 

r'''[i][k]=
0 0 0 4.83 
0 0 2.08 1.8 
0 1.89 0.98 0 
0 0.42 0 0 
2.21 0.56 0 0 
