|S|=4
|R|=6
|O|=5
|V|=10
q=70
c=1
Tmax=960
H=1000

e'[i][j]=
0 518 406 220 230 
139 0 233 110 499 
513 497 0 332 452 
124 125 388 0 288 
446 171 430 404 0 

e''[i][j]=
0 259 522 504 543 423 279 
349 0 351 409 230 130 137 
475 540 0 201 266 347 394 
171 261 305 0 475 198 487 
81 425 200 57 0 310 526 
108 551 89 100 259 0 188 
151 402 504 359 148 207 0 

e'''[i][j]=
0 491 450 102 318 251 
349 0 518 163 276 545 
533 128 0 76 286 438 
52 218 58 0 463 327 
213 536 433 342 0 97 
391 536 56 114 197 0 

t'[i][j]=
0 182 43 135 184 
76 0 34 127 40 
124 187 0 85 130 
95 147 33 0 194 
119 40 77 102 0 

t''[i][j]=
0 88 74 151 31 69 100 
161 0 42 38 106 135 83 
27 188 0 98 186 71 66 
145 78 68 0 159 75 69 
94 109 158 109 0 155 150 
177 84 42 115 92 0 102 
79 125 145 178 103 178 0 

t'''[i][j]=
0 138 192 111 26 68 
25 0 77 132 84 45 
64 83 0 84 95 86 
145 183 139 0 45 162 
65 34 196 200 0 29 
123 136 86 73 70 0 

d''[i][k]=
0 9 10 0 
6 16 0 0 
16 0 0 0 
18 0 0 0 
0 0 0 11 
0 0 14 3 

r''[i][k]=
0 1.53 1.9 0 
0.66 7.52 0 0 
4.8 0 0 0 
6.66 0 0 0 
0 0 0 1.1 
0 0 6.16 0.48 

p[k]=
0.02 0.03 0.01 0.02 

d'''[i][k]=
0 0 4 14 
0 5 20 0 
0 10 0 0 
15 10 0 0 
25 0 0 0 

r'''[i][k]=
0 0 1.28 0.98 
0 0.15 0.4 0 
0 0.1 0 0 
3.15 6 0 0 
12.25 0 0 0 
