|S|=4
|R|=6
|O|=5
|V|=10
q=70
c=1
Tmax=960
H=1000

e'[i][j]=
0 65 148 328 320 
464 0 229 144 210 
198 167 0 353 150 
263 516 194 0 451 
289 115 551 453 0 

e''[i][j]=
0 362 286 394 517 270 302 
338 0 329 155 338 560 487 
402 277 0 260 201 204 168 
423 349 189 0 227 344 203 
464 351 103 322 0 489 464 
326 238 156 486 489 0 392 
190 557 420 365 463 61 0 

e'''[i][j]=
0 50 96 163 442 434 
119 0 65 406 350 173 
532 80 0 509 170 327 
310 187 70 0 516 393 
244 411 115 95 0 157 
434 141 374 430 78 0 

t'[i][j]=
0 172 33 159 78 
135 0 180 60 153 
113 81 0 71 139 
119 67 53 0 21 
29 104 74 200 0 

t''[i][j]=
0 157 85 86 99 76 94 
26 0 159 55 108 94 181 
109 170 0 154 183 124 150 
170 166 127 0 42 69 34 
20 32 145 57 0 152 104 
116 47 130 166 144 0 88 
72 178 156 172 67 47 0 

t'''[i][j]=
0 131 51 176 76 133 
29 0 103 73 46 87 
91 104 0 190 50 76 
71 25 99 0 200 74 
86 164 177 103 0 183 
143 145 144 73 30 0 

d''[i][k]=
0 0 9 13 
0 0 19 0 
4 13 2 0 
21 0 0 0 
0 0 0 18 
0 0 0 18 

r''[i][k]=
0 0 0.27 8.19 
0 0 0.38 0 
0.04 3.25 0.98 0 
2.52 0 0 0 
0 0 0 0.72 
0 0 0 6.3 

p[k]=
0.01 0.01 0.03 0.01 

d'''[i][k]=
0 0 0 24 
0 0 0 24 
0 0 20 1 
1 13 10 0 
24 0 0 0 

r'''[i][k]=
0 0 0 1.68 
0 0 0 0.72 
0 0 3.6 0.3 
0.34 8.19 1 0 
6 0 0 0 
