|S|=12
|R|=38
|O|=15
|V|=30
q=150
c=1
Tmax=960
H=1000

e'[i][j]=
0 340 231 369 152 535 389 301 470 339 89 322 237 
95 0 321 300 76 534 169 51 556 246 219 78 327 
273 97 0 100 203 82 259 421 485 435 424 119 62 
480 232 171 0 495 161 133 170 548 403 159 545 219 
86 458 458 459 0 286 266 376 388 241 262 455 513 
80 69 119 366 72 0 405 435 432 116 55 366 114 
339 389 379 225 305 443 0 351 307 550 61 255 393 
464 219 336 512 525 245 220 0 176 339 356 382 560 
327 462 163 378 313 280 511 85 0 544 346 448 384 
304 359 471 68 157 364 135 549 323 0 342 67 80 
49 461 459 332 233 243 362 152 337 516 0 466 476 
509 321 360 259 185 184 194 346 525 496 179 0 478 
228 312 352 288 520 252 244 386 464 529 51 517 0 

e''[i][j]=
0 406 293 172 475 314 146 478 295 159 555 497 503 123 207 236 191 354 409 535 424 426 381 132 233 526 118 424 292 425 197 291 554 316 542 166 378 489 432 
457 0 95 340 502 347 393 287 312 304 141 504 234 147 520 200 50 154 162 52 187 482 337 155 498 349 65 463 233 221 392 216 414 371 186 229 75 334 292 
465 323 0 160 408 196 146 168 259 476 486 404 455 100 118 439 373 457 238 526 483 110 559 363 276 146 180 425 381 294 305 66 524 59 443 526 152 285 330 
158 166 489 0 541 487 68 253 172 307 101 77 350 290 175 262 219 495 406 55 171 192 280 142 556 269 296 481 462 369 104 474 452 227 530 84 542 145 88 
481 357 486 202 0 98 502 339 117 476 346 199 326 145 454 524 202 183 80 478 552 327 224 356 158 65 208 438 189 179 519 126 555 98 514 211 291 507 480 
373 486 503 176 407 0 458 543 450 440 71 189 310 428 468 187 307 342 538 216 365 557 471 278 329 63 428 378 447 161 418 151 242 535 367 471 428 469 536 
545 314 201 117 517 188 0 540 404 276 315 127 558 52 224 96 280 204 374 175 202 382 364 157 558 382 72 125 304 465 470 387 203 142 81 472 439 480 123 
527 57 329 188 521 340 224 0 125 362 152 142 190 196 294 106 513 67 266 362 139 141 493 392 120 305 333 485 224 284 182 81 370 287 176 481 320 231 515 
319 140 51 281 434 294 362 304 0 323 373 300 466 397 288 309 455 229 176 163 75 448 460 363 238 82 525 388 445 525 543 350 261 345 156 115 386 76 493 
503 435 244 406 426 117 445 117 216 0 286 252 490 332 331 274 189 215 288 392 95 303 49 308 158 554 198 412 414 536 99 511 395 80 151 349 468 536 503 
122 494 431 65 361 137 433 157 326 454 0 248 228 507 544 506 547 105 199 183 506 364 188 208 406 377 120 509 63 359 129 358 490 319 89 288 413 164 485 
457 436 287 120 450 442 284 527 543 67 532 0 287 257 521 246 169 384 388 283 542 382 379 234 226 238 78 292 316 301 189 80 183 446 258 356 393 328 56 
225 194 275 57 557 254 388 330 135 178 320 88 0 181 310 112 228 346 198 459 311 445 367 422 132 170 289 221 438 189 175 488 483 380 394 218 267 453 476 
368 489 391 242 483 334 330 237 123 237 520 107 549 0 383 558 212 144 274 115 282 504 370 494 305 370 54 453 533 477 140 341 434 221 276 413 96 176 325 
386 259 411 200 481 255 483 553 286 557 90 363 453 99 0 254 548 514 422 190 552 463 138 415 386 246 303 325 228 332 108 346 471 263 542 259 390 226 539 
177 127 503 451 230 221 221 557 388 205 496 126 529 457 521 0 321 101 123 313 128 156 134 122 232 381 106 324 193 241 140 326 473 373 185 190 198 512 174 
416 480 251 229 216 428 377 546 227 551 355 88 139 139 274 198 0 533 324 221 345 343 459 504 553 125 347 547 311 460 160 430 352 267 190 173 328 340 498 
467 365 319 512 70 120 54 103 107 504 51 483 374 534 234 540 414 0 365 187 216 461 405 167 424 514 225 340 225 243 216 168 325 535 337 119 539 416 357 
209 249 552 163 295 130 281 177 525 266 317 461 86 51 94 370 327 304 0 352 354 317 520 327 538 375 207 466 549 356 543 76 185 203 290 557 425 176 216 
549 87 282 299 203 177 459 537 549 437 309 247 311 488 345 391 306 335 543 0 525 188 150 449 288 352 548 450 114 361 190 375 195 245 470 133 204 182 208 
129 466 178 448 393 195 167 392 150 260 278 364 350 106 204 471 107 465 539 272 0 334 280 304 63 385 325 443 527 175 393 161 531 546 100 300 543 190 519 
413 225 529 247 349 228 107 173 218 426 290 103 214 221 162 344 57 80 483 232 213 0 135 485 124 473 172 347 559 201 322 204 524 560 341 436 555 146 335 
76 448 493 181 517 267 79 528 289 237 329 78 257 264 431 109 399 351 537 63 193 382 0 408 130 445 213 223 70 445 360 507 343 377 276 177 306 436 267 
500 275 320 167 528 288 221 278 193 426 296 51 196 311 457 494 199 484 329 85 221 415 543 0 266 316 307 206 486 205 131 294 123 99 290 267 446 59 422 
335 175 326 394 312 306 505 388 506 179 472 223 270 504 289 412 411 120 346 305 122 409 332 373 0 126 347 187 189 332 87 559 220 101 300 203 175 107 434 
560 486 454 557 96 504 202 148 280 458 526 126 500 287 532 534 547 553 48 317 479 490 551 443 486 0 419 239 331 499 104 63 471 438 222 400 160 531 101 
424 454 220 270 189 215 169 146 329 279 334 525 354 242 557 147 177 281 153 492 381 216 525 510 515 358 0 481 151 295 293 98 175 239 367 544 125 68 170 
464 527 377 63 550 325 58 310 215 434 90 486 172 166 50 516 393 77 79 321 143 348 100 52 516 497 551 0 99 490 269 333 169 79 291 427 274 140 340 
316 313 127 202 261 204 204 333 146 473 84 123 357 425 473 328 399 291 448 231 98 288 371 279 241 80 323 503 0 519 403 285 466 263 75 233 374 215 98 
151 382 409 308 153 435 179 355 120 384 300 124 167 91 137 73 167 93 436 295 547 411 213 51 98 463 546 97 268 0 438 94 316 496 102 127 335 367 119 
248 371 542 371 411 497 271 148 338 379 262 289 377 556 542 75 517 224 90 59 362 407 304 104 345 324 94 538 48 123 0 467 55 398 480 146 437 171 166 
312 102 311 386 156 481 329 195 525 530 70 263 80 112 506 472 207 422 517 387 357 189 560 322 481 474 85 121 234 318 143 0 77 503 143 328 158 307 407 
200 506 245 347 482 507 544 57 148 279 421 344 435 51 82 151 237 85 72 88 514 483 483 187 284 181 264 529 416 301 277 477 0 251 355 410 527 453 469 
528 250 272 391 70 224 529 209 504 544 478 440 53 126 344 293 337 373 539 180 72 446 429 262 53 181 75 558 381 371 486 554 291 0 127 319 110 434 167 
468 413 181 550 507 321 332 376 58 270 66 387 282 445 167 200 202 407 195 344 175 502 464 521 499 51 514 342 113 479 178 274 177 484 0 543 115 256 424 
402 400 249 362 207 206 171 107 347 266 298 551 134 522 383 230 558 173 559 303 262 75 427 440 403 91 347 306 430 262 417 294 307 514 353 0 349 137 271 
147 453 326 175 457 128 441 422 473 192 135 545 224 105 516 179 452 252 444 493 164 135 179 329 138 56 319 205 270 105 275 445 476 279 294 381 0 506 496 
542 343 492 190 466 375 468 500 451 523 492 544 257 68 512 472 203 385 532 458 143 344 425 164 364 469 229 310 121 103 554 531 348 347 244 283 114 0 319 
232 495 216 519 230 113 224 372 276 472 484 554 532 273 169 491 413 351 183 306 371 392 285 258 121 68 49 467 154 155 149 286 191 170 104 396 133 240 0 

e'''[i][j]=
0 320 193 80 532 200 151 123 189 94 264 490 228 388 541 86 
274 0 400 337 494 173 286 318 131 255 237 140 213 88 555 374 
300 497 0 140 505 504 306 340 469 102 76 61 471 132 74 116 
438 270 59 0 178 444 169 327 149 547 351 62 176 133 74 270 
490 248 114 216 0 348 368 487 122 508 177 271 429 232 196 105 
241 466 102 242 399 0 452 339 100 307 534 399 276 98 61 282 
71 476 543 271 313 139 0 128 90 159 515 140 393 329 457 397 
527 359 388 195 55 132 229 0 559 449 218 501 67 333 312 323 
120 315 304 552 416 117 334 123 0 115 286 88 59 113 505 96 
454 306 435 205 315 159 320 268 0 0 445 93 51 413 458 465 
325 239 151 76 291 107 87 268 439 487 0 290 124 445 245 479 
245 506 373 510 445 459 234 344 86 289 350 0 500 374 525 209 
337 360 415 195 444 190 483 331 497 429 556 506 0 380 73 222 
198 308 413 521 464 321 354 121 532 309 371 247 135 0 548 442 
296 355 254 174 313 463 351 423 287 232 545 308 387 131 0 435 
291 100 96 378 445 234 492 431 415 432 253 85 354 229 426 0 

t'[i][j]=
0 51 144 174 147 129 46 65 106 27 102 66 78 
96 0 73 153 189 45 162 104 198 59 138 148 146 
78 43 0 26 49 41 106 61 197 179 161 163 36 
115 77 33 0 59 84 40 27 29 164 170 22 162 
81 53 64 28 0 30 191 176 166 128 124 50 83 
172 69 39 198 139 0 109 184 82 109 141 137 174 
26 151 105 190 24 143 0 114 92 64 118 133 104 
144 67 123 59 40 59 35 0 35 75 140 138 132 
78 194 27 25 40 23 169 174 0 77 33 40 137 
186 181 119 55 55 167 70 145 131 0 78 168 193 
166 88 174 135 46 127 124 136 23 80 0 116 147 
128 107 38 43 53 145 76 76 92 181 78 0 173 
55 131 26 185 168 166 45 99 158 161 189 108 0 

t''[i][j]=
0 128 92 72 94 198 71 118 125 110 119 195 182 44 72 85 29 35 47 35 93 122 33 180 163 165 26 67 31 153 98 123 76 194 198 94 186 61 53 
135 0 92 95 74 187 31 127 82 57 147 50 62 59 140 192 174 200 154 85 187 109 167 173 90 131 122 73 83 194 160 134 71 70 87 140 74 81 153 
78 57 0 97 158 130 85 39 120 172 144 42 188 30 52 59 77 163 184 135 89 195 160 144 25 64 53 110 109 77 90 40 136 200 93 34 127 91 186 
138 86 31 0 174 72 69 195 185 68 98 113 95 42 65 39 22 146 197 134 43 23 175 129 193 109 89 49 86 109 117 67 68 118 174 177 59 118 53 
184 193 97 172 0 42 146 138 152 178 145 88 21 182 30 148 131 43 104 118 46 162 155 144 101 90 107 197 22 21 96 57 100 162 38 195 145 193 78 
155 111 184 144 134 0 99 108 182 172 84 55 92 23 67 186 34 56 65 159 193 146 73 122 72 23 155 77 73 156 164 120 174 169 196 145 128 67 21 
64 42 122 99 177 187 0 47 108 176 38 158 149 148 198 101 55 94 86 157 189 151 126 195 44 78 103 81 192 112 190 170 142 85 179 96 158 186 165 
132 65 171 125 194 79 183 0 174 66 150 106 61 173 103 164 48 116 36 149 110 62 199 41 50 75 102 185 62 159 126 111 81 108 90 171 38 165 69 
114 123 114 106 199 39 155 178 0 187 108 38 148 55 93 124 124 51 52 71 93 94 110 143 110 183 41 147 20 149 95 42 93 189 190 56 185 158 148 
117 80 182 192 25 169 182 133 49 0 179 32 114 193 45 159 121 172 55 115 176 46 184 176 187 155 195 23 126 33 190 32 175 184 157 198 125 50 20 
75 56 111 65 55 105 159 64 136 56 0 102 99 32 154 171 132 58 41 170 88 155 60 158 192 74 48 180 136 42 44 109 88 88 157 193 148 55 36 
162 43 92 116 26 169 119 80 186 104 137 0 103 141 140 163 193 108 108 178 100 135 97 72 104 81 143 169 199 143 100 105 60 82 193 123 141 35 51 
157 25 116 159 23 88 66 30 177 51 47 118 0 34 25 123 26 126 87 111 174 136 35 190 59 159 171 57 131 144 196 23 163 87 40 124 148 162 82 
51 36 49 146 116 184 169 55 153 171 142 64 143 0 41 99 196 115 122 119 115 38 199 40 47 106 118 148 99 47 101 102 133 36 194 57 163 75 57 
123 98 149 139 27 108 117 162 23 173 177 112 69 32 0 130 41 99 176 93 82 101 100 107 122 50 40 21 105 133 43 129 127 154 47 91 182 136 102 
121 106 73 115 115 68 163 140 87 175 154 86 147 101 64 0 176 115 91 98 166 101 123 46 179 104 48 144 151 134 167 67 133 90 183 23 88 191 57 
43 154 119 181 46 41 47 39 166 79 28 120 148 34 68 130 0 112 128 155 109 196 129 173 162 178 119 54 56 106 44 31 188 193 92 54 200 188 104 
20 169 55 100 182 158 131 91 187 21 75 95 59 121 97 141 117 0 199 183 91 151 35 66 91 149 171 144 144 65 199 138 197 121 111 97 181 67 142 
96 129 168 89 91 29 101 181 53 142 122 35 174 156 150 156 22 49 0 200 120 122 161 111 91 36 63 139 45 126 147 135 40 175 167 144 126 90 143 
47 188 150 65 173 147 146 124 113 124 156 89 125 24 22 167 190 23 197 0 161 49 141 49 119 176 151 47 96 180 168 156 80 38 137 142 108 184 125 
95 138 150 124 20 148 174 153 186 196 153 151 74 153 125 194 82 63 120 189 0 133 106 180 146 182 21 23 73 37 181 34 141 67 115 118 104 110 154 
115 106 57 25 40 98 56 102 163 163 178 195 195 59 78 173 153 163 99 68 188 0 99 199 55 128 122 171 26 108 112 136 179 187 81 76 66 188 59 
198 69 184 27 190 21 73 38 120 131 166 83 22 120 98 181 91 75 156 131 90 25 0 84 176 59 180 193 155 191 138 106 119 180 101 65 129 188 106 
43 168 33 97 94 138 199 194 22 90 104 162 106 29 157 173 40 133 51 93 170 51 94 0 172 141 52 95 51 87 159 111 157 192 21 23 194 38 124 
88 122 174 77 27 174 127 76 147 37 162 79 109 56 186 200 127 60 149 177 195 23 33 119 0 184 26 130 141 163 139 32 51 66 80 22 141 174 77 
42 166 186 150 97 173 130 127 79 102 113 189 102 89 70 128 103 35 126 178 191 41 161 111 141 0 114 82 41 98 72 187 21 70 178 167 132 151 110 
45 186 102 22 80 151 125 58 124 110 66 123 53 152 139 54 150 127 89 106 158 161 48 51 95 37 0 41 25 157 179 173 103 97 116 190 37 66 164 
27 199 120 194 21 59 47 170 40 22 142 167 137 194 100 141 35 49 57 123 189 20 56 106 108 126 158 0 191 63 92 112 144 94 97 65 69 57 43 
167 157 30 125 187 106 145 98 83 123 183 181 56 65 128 121 84 118 69 58 52 198 82 73 68 31 173 35 0 185 115 122 106 62 49 176 68 43 124 
126 29 79 135 74 186 26 181 137 50 172 133 187 126 198 41 108 31 199 124 157 61 132 63 195 55 130 178 198 0 169 33 176 42 70 117 117 141 36 
68 148 70 34 101 28 66 168 104 114 191 138 29 39 133 117 96 164 197 89 48 37 40 56 56 162 51 89 198 83 0 165 30 129 40 197 129 42 65 
81 153 38 25 176 112 125 126 77 98 149 145 126 179 190 129 200 175 155 175 31 35 46 43 57 95 33 124 157 86 193 0 200 187 198 135 27 109 165 
100 101 161 107 40 125 51 179 81 69 75 122 73 53 63 129 134 111 49 137 91 76 156 79 76 74 147 191 74 128 188 85 0 148 183 56 170 186 68 
40 56 144 167 63 33 191 134 94 49 139 62 180 53 183 103 94 26 157 170 195 157 99 145 29 26 89 46 76 91 154 93 185 0 106 57 150 100 103 
95 71 169 78 127 197 182 136 185 57 73 32 55 98 155 183 140 197 162 102 84 78 64 157 133 63 156 39 29 102 155 175 77 31 0 72 33 138 34 
68 29 51 77 73 119 90 25 40 200 25 168 44 152 142 75 31 96 92 197 38 199 160 98 189 60 105 189 108 192 75 105 172 82 24 0 148 36 91 
62 140 174 131 161 165 101 168 96 57 179 170 84 65 42 176 34 173 140 35 37 61 158 124 137 180 76 105 67 199 43 37 84 99 88 26 0 25 145 
81 69 119 197 151 98 38 111 151 103 189 126 53 98 162 115 27 23 143 34 158 200 116 170 163 94 123 107 154 111 122 81 92 81 179 135 108 0 80 
114 108 133 57 194 44 49 139 75 22 43 55 184 94 158 107 76 174 34 71 118 143 136 149 22 81 91 85 64 84 97 57 189 135 194 151 87 178 0 

t'''[i][j]=
0 30 30 103 93 158 182 53 198 187 169 112 79 178 129 137 
33 0 101 160 127 86 183 83 68 106 81 121 132 79 100 74 
155 170 0 127 52 28 157 123 39 24 102 166 22 192 67 33 
78 120 37 0 149 36 185 163 56 123 100 183 60 44 30 197 
115 42 99 143 0 137 192 79 110 150 182 137 110 36 31 172 
101 57 85 61 159 0 164 75 48 177 169 197 26 128 133 46 
64 41 196 153 190 63 0 24 132 183 160 107 136 92 52 72 
69 33 60 90 28 122 59 0 169 84 114 127 137 33 118 129 
23 175 42 162 131 96 54 149 0 37 113 76 82 24 146 105 
88 55 159 48 27 161 95 20 171 0 45 58 134 175 196 22 
83 184 114 39 168 179 82 193 185 185 0 156 92 30 101 101 
178 27 180 158 59 88 172 36 134 118 159 0 159 80 109 137 
91 113 29 136 194 142 46 155 54 127 190 142 0 35 183 50 
73 36 200 186 115 79 174 199 132 111 151 91 125 0 109 58 
132 152 90 92 159 193 115 185 83 115 176 180 131 93 0 80 
93 49 141 187 126 36 53 55 119 173 104 53 164 151 175 0 

d''[i][k]=
0 0 0 0 0 0 0 0 0 0 5 0 
0 0 0 0 0 0 0 0 0 0 5 0 
0 0 0 0 0 0 0 0 0 4 1 0 
0 0 0 0 0 0 0 0 0 5 0 0 
0 0 0 0 0 0 0 0 0 5 0 0 
0 0 0 0 0 0 0 0 0 5 0 0 
0 0 0 0 0 0 0 0 4 1 0 0 
0 0 0 0 0 0 0 0 5 0 0 0 
0 0 0 0 0 0 0 0 5 0 0 0 
0 0 0 0 0 0 0 0 5 0 0 0 
0 0 0 0 0 0 0 0 5 0 0 0 
0 0 0 0 0 0 1 3 1 0 0 0 
0 0 0 0 0 0 5 0 0 0 0 0 
0 0 0 0 0 0 5 0 0 0 0 0 
0 0 0 0 0 0 5 0 0 0 0 0 
0 0 0 0 0 4 1 0 0 0 0 0 
0 0 0 0 2 3 0 0 0 0 0 0 
0 0 0 1 4 0 0 0 0 0 0 0 
0 0 0 5 0 0 0 0 0 0 0 0 
0 0 0 5 0 0 0 0 0 0 0 0 
0 0 4 1 0 0 0 0 0 0 0 0 
0 0 5 0 0 0 0 0 0 0 0 0 
0 0 5 0 0 0 0 0 0 0 0 0 
0 0 5 0 0 0 0 0 0 0 0 0 
0 5 0 0 0 0 0 0 0 0 0 0 
0 5 0 0 0 0 0 0 0 0 0 0 
3 2 0 0 0 0 0 0 0 0 0 0 
5 0 0 0 0 0 0 0 0 0 0 0 
0 0 0 5 0 0 0 0 0 0 0 0 
0 0 0 5 0 0 0 0 0 0 0 0 
0 0 0 5 0 0 0 0 0 0 0 0 
0 0 0 0 0 0 0 5 0 0 0 0 
0 0 0 0 0 0 0 5 0 0 0 0 
0 0 0 0 0 0 0 0 0 0 2 3 
0 0 0 0 0 0 0 0 0 0 5 0 
0 0 0 0 0 0 0 0 0 0 5 0 
0 0 0 0 0 0 0 0 0 0 0 5 
0 0 0 0 0 0 0 0 0 0 5 0 

r''[i][k]=
0 0 0 0 0 0 0 0 0 0 2.15 0 
0 0 0 0 0 0 0 0 0 0 2.65 0 
0 0 0 0 0 0 0 0 0 2.12 0.77 0 
0 0 0 0 0 0 0 0 0 0 0 0 
0 0 0 0 0 0 0 0 0 2 0 0 
0 0 0 0 0 0 0 0 0 1.95 0 0 
0 0 0 0 0 0 0 0 0.8 0.06 0 0 
0 0 0 0 0 0 0 0 0.5 0 0 0 
0 0 0 0 0 0 0 0 0.8 0 0 0 
0 0 0 0 0 0 0 0 0.95 0 0 0 
0 0 0 0 0 0 0 0 2.2 0 0 0 
0 0 0 0 0 0 0.35 1.74 0.58 0 0 0 
0 0 0 0 0 0 0.2 0 0 0 0 0 
0 0 0 0 0 0 0.45 0 0 0 0 0 
0 0 0 0 0 0 2.2 0 0 0 0 0 
0 0 0 0 0 0.12 0.27 0 0 0 0 0 
0 0 0 0 1.9 0.39 0 0 0 0 0 0 
0 0 0 0.17 1.08 0 0 0 0 0 0 0 
0 0 0 0.45 0 0 0 0 0 0 0 0 
0 0 0 2.1 0 0 0 0 0 0 0 0 
0 0 0.32 0.14 0 0 0 0 0 0 0 0 
0 0 1.2 0 0 0 0 0 0 0 0 0 
0 0 0.7 0 0 0 0 0 0 0 0 0 
0 0 4.5 0 0 0 0 0 0 0 0 0 
0 0.05 0 0 0 0 0 0 0 0 0 0 
0 3.3 0 0 0 0 0 0 0 0 0 0 
2.22 0.22 0 0 0 0 0 0 0 0 0 0 
0.2 0 0 0 0 0 0 0 0 0 0 0 
0 0 0 1.05 0 0 0 0 0 0 0 0 
0 0 0 0.6 0 0 0 0 0 0 0 0 
0 0 0 1.95 0 0 0 0 0 0 0 0 
0 0 0 0 0 0 0 0.5 0 0 0 0 
0 0 0 0 0 0 0 1 0 0 0 0 
0 0 0 0 0 0 0 0 0 0 0.42 0.24 
0 0 0 0 0 0 0 0 0 0 0.05 0 
0 0 0 0 0 0 0 0 0 0 3.35 0 
0 0 0 0 0 0 0 0 0 0 0 0.2 
0 0 0 0 0 0 0 0 0 0 0.05 0 

p[k]=
0.01 0.03 0.05 0.01 0.02 0.03 0.01 0.02 0.02 0.01 0.03 0.05 

d'''[i][k]=
0 0 0 0 0 0 0 0 0 0 22 8 
0 0 0 0 0 0 0 0 0 14 6 0 
0 0 0 0 0 0 0 0 0 5 0 0 
0 0 0 0 0 0 0 0 4 1 0 0 
0 0 0 0 0 0 0 0 5 0 0 0 
0 0 0 0 0 0 0 0 5 0 0 0 
0 0 0 0 0 0 0 0 5 0 0 0 
0 0 0 0 0 0 0 0 5 0 0 0 
0 0 0 0 0 0 0 4 1 0 0 0 
0 0 0 0 0 0 0 5 0 0 0 0 
0 0 0 0 0 0 1 4 0 0 0 0 
0 0 0 0 0 0 5 0 0 0 0 0 
0 0 0 6 6 7 11 0 0 0 0 0 
0 0 9 21 0 0 0 0 0 0 0 0 
8 12 10 0 0 0 0 0 0 0 0 0 

r'''[i][k]=
0 0 0 0 0 0 0 0 0 0 16.94 4.4 
0 0 0 0 0 0 0 0 0 6.02 0.54 0 
0 0 0 0 0 0 0 0 0 1.95 0 0 
0 0 0 0 0 0 0 0 0.2 0.12 0 0 
0 0 0 0 0 0 0 0 1.1 0 0 0 
0 0 0 0 0 0 0 0 2.9 0 0 0 
0 0 0 0 0 0 0 0 2.3 0 0 0 
0 0 0 0 0 0 0 0 2.2 0 0 0 
0 0 0 0 0 0 0 0.64 0.52 0 0 0 
0 0 0 0 0 0 0 2.2 0 0 0 0 
0 0 0 0 0 0 0.07 1.52 0 0 0 0 
0 0 0 0 0 0 3.75 0 0 0 0 0 
0 0 0 1.26 2.7 1.47 1.54 0 0 0 0 0 
0 0 2.97 14.49 0 0 0 0 0 0 0 0 
0.32 3.48 0.8 0 0 0 0 0 0 0 0 0 
