|S|=12
|R|=38
|O|=15
|V|=30
q=150
c=1
Tmax=960
H=1000

e'[i][j]=
0 231 238 278 321 414 192 187 127 339 367 559 306 
428 0 216 409 269 531 151 537 175 233 331 427 163 
177 438 0 336 412 173 108 58 537 272 523 95 258 
285 384 210 0 428 543 528 256 355 456 447 55 423 
149 145 476 306 0 454 531 323 103 371 183 185 111 
502 95 461 242 504 0 373 178 400 506 488 102 184 
489 275 535 559 106 461 0 153 127 350 447 211 450 
254 335 368 329 91 444 233 0 95 225 364 110 545 
328 451 465 240 55 323 89 442 0 241 261 271 498 
477 478 60 190 315 64 552 414 186 0 332 281 147 
50 270 375 286 480 361 307 374 121 483 0 71 194 
263 59 464 494 541 52 87 207 537 311 121 0 369 
134 322 380 197 552 330 346 192 159 463 533 216 0 

e''[i][j]=
0 270 233 244 200 62 266 66 209 366 395 110 294 453 419 549 70 60 335 547 300 98 451 558 365 512 141 263 423 539 440 331 203 359 72 53 335 373 115 
405 0 52 380 175 376 92 314 455 370 198 158 113 73 204 243 58 359 469 442 322 340 102 510 424 386 247 72 258 454 139 492 431 236 129 505 219 59 496 
484 179 0 212 133 89 516 87 533 431 445 143 469 518 535 429 442 264 504 509 329 182 509 49 259 343 514 462 56 217 279 391 300 457 360 174 228 97 507 
175 289 106 0 257 56 502 434 204 224 105 393 358 556 225 245 291 511 293 411 63 381 397 172 182 501 402 208 464 180 253 529 184 247 331 495 135 522 250 
244 127 131 318 0 126 398 164 187 70 197 478 357 292 431 391 526 274 151 355 162 492 82 244 76 187 445 192 470 508 306 451 260 400 451 329 143 282 75 
486 317 372 382 315 0 285 212 313 54 411 379 485 354 80 98 326 132 73 237 195 203 511 195 168 451 103 560 503 454 553 320 291 228 309 175 285 216 119 
100 530 56 136 405 75 0 55 488 68 495 260 317 307 53 346 504 446 514 336 495 513 516 458 537 362 459 409 160 166 445 332 190 338 391 226 100 319 301 
492 513 222 537 441 424 190 0 130 282 333 424 248 48 411 390 531 464 186 347 408 59 232 128 294 291 522 364 100 124 385 173 454 300 526 281 466 140 419 
98 72 516 552 258 191 408 144 0 543 60 230 314 331 184 162 203 127 558 384 117 195 121 380 238 48 73 80 376 304 84 175 360 508 493 183 379 124 120 
500 174 80 65 77 118 410 429 361 0 541 415 474 462 156 514 285 492 269 444 425 80 83 289 252 152 500 174 311 296 535 177 339 146 128 470 152 54 351 
88 106 244 484 444 324 505 145 546 407 0 414 470 411 479 236 458 341 436 468 146 310 236 496 228 478 505 265 203 440 399 462 457 486 418 105 335 107 50 
296 150 373 284 555 318 499 275 76 55 392 0 127 372 209 355 402 551 137 270 337 86 173 446 344 374 376 87 519 299 52 221 495 423 156 312 134 451 494 
228 157 432 258 512 241 414 346 532 527 175 145 0 394 320 323 538 110 146 141 406 470 428 313 339 218 266 317 181 258 552 541 259 427 289 144 481 80 229 
442 109 559 125 394 55 52 509 497 290 137 514 114 0 253 350 527 306 448 93 240 445 428 238 215 377 433 118 490 73 395 204 325 90 224 526 477 492 510 
500 143 224 406 90 367 235 171 491 208 58 233 495 104 0 160 182 326 402 269 146 286 404 123 112 86 413 461 116 449 251 173 333 203 49 485 84 467 54 
303 51 86 379 292 485 271 514 466 520 416 307 143 403 289 0 223 469 83 111 307 148 419 64 131 170 114 91 490 523 203 203 407 506 413 95 285 438 536 
93 353 430 419 161 286 279 188 353 290 122 168 241 56 89 193 0 298 81 409 504 315 493 537 59 352 424 488 125 169 543 517 447 317 111 159 225 217 59 
230 123 359 485 520 447 320 413 451 461 467 482 389 338 436 255 240 0 445 252 171 464 360 351 118 355 204 248 251 441 469 71 271 156 107 511 436 84 179 
343 396 186 399 175 203 150 557 401 151 231 272 159 130 229 160 152 433 0 215 421 311 375 456 449 463 240 258 354 344 192 280 173 110 147 540 250 114 122 
258 553 117 278 156 179 275 200 188 349 201 259 65 119 396 224 215 316 311 0 332 458 247 296 380 350 345 283 125 484 186 131 342 52 50 337 52 189 425 
188 274 92 521 437 137 247 128 171 49 282 540 557 274 240 487 481 560 133 542 0 309 425 317 500 529 196 286 419 313 262 226 436 465 124 488 430 510 70 
72 278 122 313 73 275 450 471 496 348 119 75 267 247 341 122 326 257 389 411 99 0 98 180 202 104 361 116 220 223 90 517 77 340 520 213 390 268 285 
321 465 52 310 283 350 516 252 72 294 184 471 84 155 266 59 530 457 74 327 441 431 0 82 265 428 523 521 447 117 212 111 270 400 507 263 125 176 211 
526 150 519 334 505 457 492 102 128 461 500 393 201 352 309 232 388 264 369 150 270 147 500 0 189 403 465 516 510 283 127 205 445 526 78 391 462 295 140 
343 430 429 443 535 461 200 546 220 149 384 457 373 397 294 237 345 186 356 84 102 331 182 440 0 101 379 78 467 321 486 127 432 191 186 65 544 537 549 
134 49 62 271 299 397 326 457 249 241 58 122 303 535 188 111 230 534 506 158 230 265 81 309 120 0 278 359 457 512 535 131 169 58 334 386 377 64 547 
222 524 345 509 129 409 91 351 104 168 242 321 389 534 111 364 429 196 133 85 63 55 161 352 517 220 0 312 350 427 379 363 60 514 455 323 241 545 223 
429 417 298 289 376 290 466 498 134 95 549 513 472 532 538 185 285 509 213 264 335 470 161 81 415 160 352 0 358 118 351 121 557 511 428 243 98 310 308 
134 458 479 231 149 388 48 259 426 80 498 365 366 97 539 95 495 114 48 64 205 357 54 231 488 379 96 501 0 424 414 60 207 353 435 356 69 208 482 
326 148 345 241 216 150 236 444 460 506 191 436 262 91 329 452 387 52 347 348 88 177 388 529 220 398 501 115 308 0 172 442 156 350 323 472 165 253 96 
540 254 120 363 484 73 556 503 453 539 67 286 471 382 62 461 108 51 381 321 130 556 489 432 160 306 278 259 526 454 0 206 105 264 159 266 553 275 387 
360 414 539 262 85 517 499 255 336 68 171 373 517 246 369 265 259 195 354 206 420 127 341 380 299 490 91 504 103 482 274 0 292 106 514 214 125 500 143 
284 412 269 229 505 144 393 340 141 359 462 78 502 295 259 75 554 321 359 387 284 60 356 263 87 216 548 300 430 173 509 201 0 308 505 195 174 139 360 
136 326 156 437 104 381 305 252 91 147 100 212 279 151 461 331 293 373 430 516 122 542 467 536 82 529 84 393 158 381 137 253 151 0 197 265 84 306 505 
57 559 80 181 263 66 363 422 414 198 48 172 198 89 516 556 557 139 393 496 203 521 96 555 205 57 346 281 527 268 253 119 504 67 0 114 116 183 228 
498 290 185 405 173 543 120 337 103 329 454 163 322 399 61 124 551 105 537 180 95 513 162 131 140 81 317 485 328 463 141 223 424 367 374 0 493 438 268 
436 504 377 115 544 63 467 543 394 302 84 160 129 90 525 295 446 88 85 178 120 51 269 527 345 313 456 78 207 238 362 209 296 478 58 430 0 402 292 
88 172 85 102 349 489 210 470 336 408 374 422 308 330 473 94 78 311 67 145 96 463 548 337 68 527 475 214 127 467 441 139 223 470 428 406 165 0 313 
258 484 155 75 384 60 136 528 430 305 377 414 316 446 555 556 357 393 227 201 167 423 184 503 163 349 346 488 541 402 125 281 525 88 291 416 291 368 0 

e'''[i][j]=
0 70 557 490 60 182 166 132 328 417 374 461 120 206 435 444 
340 0 288 72 57 138 136 117 501 165 70 374 102 101 121 362 
71 523 0 158 234 354 87 188 319 363 162 558 171 191 453 152 
133 194 176 0 117 390 178 272 448 550 308 334 331 354 543 191 
523 527 99 375 0 345 215 245 540 224 73 423 364 266 353 449 
417 61 153 541 106 0 270 330 147 128 209 231 162 369 283 269 
132 432 456 305 156 93 0 176 503 52 358 345 278 116 168 274 
487 124 381 155 301 438 323 0 136 302 299 318 340 154 88 333 
141 531 367 186 298 309 471 398 0 221 157 371 545 503 342 494 
463 360 322 84 373 292 372 406 0 0 97 83 222 437 171 407 
542 522 105 240 351 190 150 243 194 407 0 448 347 532 102 367 
102 552 109 214 254 465 124 390 177 101 49 0 250 453 269 243 
468 480 66 414 252 142 529 328 137 278 144 386 0 281 526 272 
533 349 528 78 290 344 556 552 355 90 403 88 149 0 241 272 
145 285 146 368 156 54 303 553 257 202 341 549 510 86 0 370 
504 285 447 558 270 509 299 514 462 516 201 555 305 305 469 0 

t'[i][j]=
0 55 151 144 198 23 107 117 49 121 46 54 49 
151 0 60 49 155 44 176 191 25 172 165 178 24 
71 101 0 49 98 24 72 153 176 132 24 62 108 
40 145 26 0 63 33 113 27 28 95 82 116 26 
129 80 25 87 0 35 64 136 194 178 27 41 62 
76 93 39 132 73 0 82 168 50 126 99 54 152 
91 47 21 96 174 98 0 199 108 109 82 56 46 
159 101 95 62 115 71 30 0 193 60 170 83 162 
143 115 183 156 180 154 28 187 0 153 133 116 135 
42 128 85 151 54 177 94 53 104 0 130 88 102 
177 78 60 108 120 171 125 176 179 159 0 101 142 
85 189 105 182 34 48 90 114 158 136 82 0 62 
133 191 143 41 62 177 115 23 141 145 152 99 0 

t''[i][j]=
0 89 148 137 114 121 22 136 141 196 90 45 184 158 91 114 194 55 39 46 124 66 132 103 67 185 132 193 55 23 149 142 104 111 194 188 62 172 123 
27 0 164 157 100 189 132 75 86 50 125 84 41 61 178 53 130 191 137 166 189 42 33 102 115 34 166 73 87 101 97 80 21 117 79 152 65 68 182 
119 171 0 83 150 172 110 82 195 158 143 148 109 128 53 162 27 196 191 191 67 52 63 131 73 124 109 83 54 158 118 174 165 30 87 200 134 188 161 
95 168 95 0 85 63 22 89 82 143 97 62 67 141 191 116 26 160 164 89 21 77 132 180 186 197 135 184 113 197 73 111 142 114 150 26 138 186 133 
178 192 47 170 0 83 135 140 100 182 193 193 182 184 33 105 65 72 70 185 195 142 95 176 84 74 132 166 70 98 177 113 196 49 96 98 137 122 62 
186 127 138 129 34 0 126 172 43 142 174 181 193 49 24 84 86 131 134 78 137 172 197 33 136 65 188 163 77 162 131 64 153 114 185 39 45 40 41 
22 79 42 28 111 60 0 134 192 29 141 62 85 104 106 120 127 56 36 121 136 199 38 90 175 65 60 133 122 29 176 76 124 122 183 91 25 116 118 
131 74 134 188 200 141 142 0 55 177 170 155 169 182 138 107 39 157 55 82 43 108 137 67 58 59 164 123 156 165 45 147 124 105 38 52 149 198 20 
183 41 165 158 140 182 139 158 0 116 64 50 153 65 145 177 129 65 55 116 170 139 170 128 32 21 58 195 100 106 20 28 163 150 157 150 112 62 39 
113 133 199 158 166 50 189 174 67 0 147 72 83 100 43 166 33 130 129 68 97 148 142 185 116 194 143 159 35 163 131 172 38 83 31 115 189 190 37 
108 38 83 134 121 62 133 82 52 140 0 180 138 138 125 169 199 20 196 197 139 188 63 26 39 184 68 62 118 102 139 86 36 169 62 47 77 119 89 
66 140 177 141 47 187 45 22 23 164 89 0 139 37 164 195 74 24 23 142 73 143 156 93 128 183 148 100 134 21 32 171 145 21 181 23 29 40 140 
43 188 68 170 39 191 193 59 83 53 96 185 0 35 57 177 81 67 94 100 162 105 25 75 155 64 134 199 79 151 100 101 69 199 186 82 161 51 163 
101 166 125 149 161 135 83 35 35 107 143 22 64 0 102 189 166 180 197 161 75 60 101 171 116 147 42 91 157 42 66 68 176 64 122 20 111 109 164 
177 103 120 43 145 68 68 96 135 25 105 117 81 43 0 80 150 196 31 170 30 124 136 75 131 159 40 42 181 51 101 60 22 48 169 128 61 111 99 
84 29 41 158 141 157 109 89 89 52 186 155 149 56 99 0 125 37 172 98 140 78 50 129 56 72 181 20 163 97 37 42 38 120 160 181 168 32 91 
102 156 110 82 33 168 174 190 193 65 52 40 168 142 32 85 0 43 185 41 112 64 82 117 23 123 25 117 143 158 41 85 32 200 67 143 44 100 119 
162 97 43 179 80 181 148 82 167 114 168 67 90 196 126 82 173 0 61 193 166 169 184 99 152 74 32 117 118 180 35 87 151 145 145 100 48 160 142 
119 198 22 126 58 175 48 73 147 35 145 28 82 178 86 42 60 117 0 39 186 60 191 50 138 185 25 172 189 163 90 63 82 44 159 60 35 53 126 
200 30 53 68 165 134 37 38 77 95 65 98 116 184 114 161 184 93 120 0 57 151 44 130 111 129 89 173 21 181 105 67 136 105 108 44 120 114 121 
89 64 161 55 114 22 159 116 47 88 107 154 53 48 192 200 53 39 62 174 0 23 34 76 129 167 30 185 29 40 172 171 73 166 127 146 25 69 44 
65 83 53 109 125 177 175 134 82 46 139 131 82 78 142 183 184 150 100 49 163 0 132 107 43 102 24 20 169 136 29 144 90 64 157 105 42 146 21 
22 117 192 26 25 44 184 147 178 162 169 153 67 138 84 68 118 52 169 21 77 50 0 52 190 66 196 174 104 60 164 188 195 178 156 144 94 141 188 
45 34 104 33 143 54 24 73 129 111 76 92 155 61 121 114 55 76 117 191 172 116 53 0 109 153 101 178 32 190 99 198 152 104 77 165 90 80 157 
144 93 193 107 96 95 65 190 190 177 46 73 163 37 32 136 116 84 74 124 132 63 39 120 0 153 26 194 190 162 95 56 117 51 23 78 102 200 122 
48 176 167 147 44 32 61 59 112 99 167 29 56 33 52 190 107 138 86 194 139 106 74 183 94 0 157 183 184 157 141 77 193 102 35 85 42 24 149 
105 197 192 55 129 76 195 74 195 55 99 55 120 72 160 54 60 102 168 188 181 20 94 164 109 81 0 86 150 31 197 20 29 158 162 175 32 97 129 
30 198 164 28 141 62 126 114 31 94 107 134 85 95 20 38 148 128 49 47 187 166 91 167 111 24 90 0 186 103 47 75 144 149 56 100 41 188 149 
34 54 191 92 107 98 94 104 110 69 22 134 20 86 137 102 73 198 128 52 26 113 145 165 46 74 169 78 0 175 189 67 127 69 37 69 157 149 70 
108 108 54 39 86 147 145 74 166 80 122 135 151 46 64 181 161 179 127 100 115 198 59 176 75 145 72 137 144 0 24 186 34 145 184 108 118 142 59 
196 119 40 113 180 30 71 140 29 30 193 165 147 182 60 189 185 83 126 161 108 67 189 112 128 83 155 69 38 67 0 130 47 103 166 76 25 82 33 
195 116 157 188 123 157 183 144 108 167 39 51 23 29 142 77 133 95 66 134 146 93 138 80 69 50 82 104 181 47 174 0 36 126 36 90 138 165 30 
98 183 183 93 43 133 85 36 82 114 54 167 73 108 124 133 103 91 112 113 172 89 174 151 58 137 145 140 180 76 71 198 0 117 87 180 152 172 189 
166 116 174 119 89 80 117 93 103 197 44 106 186 86 84 177 155 190 74 100 199 143 41 104 194 111 92 126 61 49 68 98 164 0 180 187 187 101 51 
144 39 111 144 110 26 159 91 92 187 162 65 199 52 129 30 36 142 93 23 85 81 52 143 139 50 27 180 180 76 95 70 70 66 0 186 43 28 74 
148 104 69 195 187 195 83 149 104 57 45 179 193 51 186 102 170 20 140 124 150 31 199 120 148 23 68 139 62 39 171 181 38 75 77 0 167 80 23 
101 157 196 70 57 87 138 171 33 199 53 25 174 150 189 43 195 29 108 54 129 65 105 192 178 33 47 106 59 67 81 144 145 147 146 84 0 162 77 
183 67 88 31 33 27 144 142 87 140 110 76 161 125 157 176 55 137 62 147 115 69 153 30 52 147 42 57 156 137 35 107 194 39 189 168 139 0 43 
95 173 181 79 122 76 108 39 67 134 81 139 123 124 167 123 200 180 28 141 159 174 130 194 57 164 44 145 136 56 64 75 80 67 108 73 180 86 0 

t'''[i][j]=
0 112 188 65 45 188 127 50 92 113 151 62 126 194 182 164 
96 0 137 78 72 158 177 34 123 156 49 177 90 32 110 84 
49 87 0 124 81 175 125 139 115 66 107 125 72 141 106 129 
27 118 104 0 49 67 96 189 89 119 172 132 194 20 42 57 
122 87 83 75 0 118 66 182 75 20 63 38 177 75 182 64 
84 39 92 118 37 0 93 179 21 174 80 120 194 76 30 143 
108 37 191 80 137 153 0 56 32 65 109 20 72 88 176 30 
170 28 182 171 70 145 94 0 178 143 49 27 72 46 108 167 
59 182 171 83 20 152 131 28 0 194 85 184 54 95 95 188 
99 25 72 85 165 145 162 53 52 0 116 70 184 56 191 173 
141 36 71 58 193 36 152 170 98 126 0 113 26 150 139 180 
170 64 181 89 75 76 67 61 129 170 67 0 104 151 170 147 
121 63 107 74 147 91 48 146 144 159 98 64 0 44 133 80 
177 131 66 62 81 198 195 132 93 71 36 70 57 0 141 125 
133 139 22 52 145 189 67 119 57 92 100 199 69 122 0 198 
143 66 137 151 34 119 189 118 27 144 53 32 120 83 80 0 

d''[i][k]=
0 0 0 0 0 0 0 0 0 0 6 0 
0 0 0 0 0 0 0 0 0 5 0 0 
0 0 0 0 0 0 0 0 0 5 0 0 
0 0 0 0 0 0 0 0 0 5 0 0 
0 0 0 0 0 0 0 0 0 5 0 0 
0 0 0 0 0 0 0 0 4 2 0 0 
0 0 0 0 0 0 0 0 6 0 0 0 
0 0 0 0 0 0 0 0 5 0 0 0 
0 0 0 0 0 0 0 0 6 0 0 0 
0 0 0 0 0 0 0 2 3 0 0 0 
0 0 0 0 0 0 6 0 0 0 0 0 
0 0 0 0 0 4 1 0 0 0 0 0 
0 0 0 0 0 5 0 0 0 0 0 0 
0 0 0 0 0 5 0 0 0 0 0 0 
0 0 0 0 1 4 0 0 0 0 0 0 
0 0 0 0 8 0 0 0 0 0 0 0 
0 0 0 0 7 0 0 0 0 0 0 0 
0 0 5 0 0 0 0 0 0 0 0 0 
0 2 4 0 0 0 0 0 0 0 0 0 
0 5 0 0 0 0 0 0 0 0 0 0 
0 6 0 0 0 0 0 0 0 0 0 0 
0 6 0 0 0 0 0 0 0 0 0 0 
4 1 0 0 0 0 0 0 0 0 0 0 
5 0 0 0 0 0 0 0 0 0 0 0 
5 0 0 0 0 0 0 0 0 0 0 0 
6 0 0 0 0 0 0 0 0 0 0 0 
5 0 0 0 0 0 0 0 0 0 0 0 
5 0 0 0 0 0 0 0 0 0 0 0 
0 0 0 5 0 0 0 0 0 0 0 0 
0 0 3 3 0 0 0 0 0 0 0 0 
0 6 0 0 0 0 0 0 0 0 0 0 
0 0 5 0 0 0 0 0 0 0 0 0 
0 0 0 0 0 0 0 6 0 0 0 0 
0 0 0 0 0 0 5 0 0 0 0 0 
0 0 0 0 0 0 0 0 0 0 0 5 
0 0 0 0 0 0 0 0 0 0 5 0 
0 0 0 0 0 0 0 0 0 3 0 3 
0 0 0 0 0 0 0 0 0 0 5 0 

r''[i][k]=
0 0 0 0 0 0 0 0 0 0 2.22 0 
0 0 0 0 0 0 0 0 0 1.55 0 0 
0 0 0 0 0 0 0 0 0 3.55 0 0 
0 0 0 0 0 0 0 0 0 0.4 0 0 
0 0 0 0 0 0 0 0 0 0.7 0 0 
0 0 0 0 0 0 0 0 3.2 0.06 0 0 
0 0 0 0 0 0 0 0 0.3 0 0 0 
0 0 0 0 0 0 0 0 0.65 0 0 0 
0 0 0 0 0 0 0 0 0.54 0 0 0 
0 0 0 0 0 0 0 0.96 1.02 0 0 0 
0 0 0 0 0 0 0.48 0 0 0 0 0 
0 0 0 0 0 1.24 0.24 0 0 0 0 0 
0 0 0 0 0 0.4 0 0 0 0 0 0 
0 0 0 0 0 0.25 0 0 0 0 0 0 
0 0 0 0 0.09 0.84 0 0 0 0 0 0 
0 0 0 0 3.68 0 0 0 0 0 0 0 
0 0 0 0 3.71 0 0 0 0 0 0 0 
0 0 0.05 0 0 0 0 0 0 0 0 0 
0 0.82 0.24 0 0 0 0 0 0 0 0 0 
0 2.95 0 0 0 0 0 0 0 0 0 0 
0 0.12 0 0 0 0 0 0 0 0 0 0 
0 2.58 0 0 0 0 0 0 0 0 0 0 
2.32 0.08 0 0 0 0 0 0 0 0 0 0 
0.45 0 0 0 0 0 0 0 0 0 0 0 
1.1 0 0 0 0 0 0 0 0 0 0 0 
0.78 0 0 0 0 0 0 0 0 0 0 0 
1.7 0 0 0 0 0 0 0 0 0 0 0 
1.65 0 0 0 0 0 0 0 0 0 0 0 
0 0 0 1.95 0 0 0 0 0 0 0 0 
0 0 0.33 0.6 0 0 0 0 0 0 0 0 
0 1.2 0 0 0 0 0 0 0 0 0 0 
0 0 0.05 0 0 0 0 0 0 0 0 0 
0 0 0 0 0 0 0 0.54 0 0 0 0 
0 0 0 0 0 0 1.05 0 0 0 0 0 
0 0 0 0 0 0 0 0 0 0 0 0.2 
0 0 0 0 0 0 0 0 0 0 0.7 0 
0 0 0 0 0 0 0 0 0 0.33 0 0.03 
0 0 0 0 0 0 0 0 0 0 2.3 0 

p[k]=
0.04 0 0.03 0.05 0 0.03 0.05 0.02 0.03 0.04 0.01 0.04 

d'''[i][k]=
0 0 0 0 0 0 0 0 0 6 16 8 
0 0 0 0 0 0 0 0 0 5 0 0 
0 0 0 0 0 0 0 0 0 5 0 0 
0 0 0 0 0 0 0 0 0 5 0 0 
0 0 0 0 0 0 0 0 1 4 0 0 
0 0 0 0 0 0 0 0 5 0 0 0 
0 0 0 0 0 0 0 0 5 0 0 0 
0 0 0 0 0 0 0 0 5 0 0 0 
0 0 0 0 0 0 0 0 5 0 0 0 
0 0 0 0 0 0 0 2 3 0 0 0 
0 0 0 0 0 0 7 6 0 0 0 0 
0 0 0 0 7 18 5 0 0 0 0 0 
0 0 13 8 9 0 0 0 0 0 0 0 
0 26 4 0 0 0 0 0 0 0 0 0 
30 0 0 0 0 0 0 0 0 0 0 0 

r'''[i][k]=
0 0 0 0 0 0 0 0 0 3 1.12 0.48 
0 0 0 0 0 0 0 0 0 0.35 0 0 
0 0 0 0 0 0 0 0 0 0.8 0 0 
0 0 0 0 0 0 0 0 0 0.85 0 0 
0 0 0 0 0 0 0 0 0.48 0.16 0 0 
0 0 0 0 0 0 0 0 0.85 0 0 0 
0 0 0 0 0 0 0 0 0.9 0 0 0 
0 0 0 0 0 0 0 0 2.95 0 0 0 
0 0 0 0 0 0 0 0 1.35 0 0 0 
0 0 0 0 0 0 0 0.14 0.06 0 0 0 
0 0 0 0 0 0 0.07 2.28 0 0 0 0 
0 0 0 0 0.28 4.5 3.6 0 0 0 0 0 
0 0 2.21 0.64 4.5 0 0 0 0 0 0 0 
0 18.46 0.28 0 0 0 0 0 0 0 0 0 
9.6 0 0 0 0 0 0 0 0 0 0 0 
